"","c.29.0125720138897..17.8787560268756..8.23985975011916..5.0373369296416..","c.21.2941080056154..17.8569991586777..7.02494376343053..6.6687118316712..","c.25.8443188764523..17.8787560268756..8.07687102107296..4.92783455889008..","c.25.3691339947897..17.8787560268756..17.6365639567542..4.99824768634739..","c.25.3691339947897..17.8991239197359..8.08327519149953..4.98850876376041..","c.25.3691339947897..17.8787560268756..21.0518359339374..5.54146343978333..","c.21.7699953660075..17.7022246635667..9.47996499782647..5.97848838137235.."
"1",29.0125720138897,21.2941080056154,25.8443188764523,25.3691339947897,25.3691339947897,25.3691339947897,21.7699953660075
"2",17.8787560268756,17.8569991586777,17.8787560268756,17.8787560268756,17.8991239197359,17.8787560268756,17.7022246635667
"3",8.23985975011916,7.02494376343053,8.07687102107296,17.6365639567542,8.08327519149953,21.0518359339374,9.47996499782647
"4",5.0373369296416,6.6687118316712,4.92783455889008,4.99824768634739,4.98850876376041,5.54146343978333,5.97848838137235
"5",28.6171682453246,28.6171682453246,28.6171682453246,28.6171682453246,28.6171682453246,28.6171682453246,28.6171682453246
"6",13.269125716521,13.269125716521,13.1404992333472,13.8969692932723,13.2608245129092,13.269125716521,13.2733254302489
"7",28.3194938679993,28.3194938679993,28.3194938679993,28.3194938679993,28.3194938679993,28.3194938679993,28.3194938679993
"8",13.6529603129796,15.177854214729,14.1564629713223,11.9047850982002,11.9170755544884,11.9047850982002,12.9316243682122
"9",10.3798803680233,8.31058781819773,11.3156696447144,10.2389125840387,10.1879453550819,9.91726465572473,7.50367900249234
"10",14.3777635652898,12.8224096038978,12.5862189070943,7.77112827061459,11.0891977914157,17.9416402512808,12.5369622538321
"11",10.5989268698293,7.88431947993009,10.6796294288533,10.4114935395964,10.3861641779807,10.2192130649187,7.62935266557793
"12",11.9009614092095,11.682882091975,12.9329011715378,12.7228104021841,12.9329011715379,12.9329011715379,12.3838491803145
"13",5.58285049902789,6.05828619650347,9.02750684972216,6.89068154144277,7.64968599528718,15.0954988894652,10.7111409224647
"14",5.60058674518677,4.75525214835558,5.48341473248609,7.53103000895531,8.33129357455337,6.25481680073154,5.23630406370285
"15",6.15839457003721,6.14898050285351,6.15839457003721,6.15839457003721,6.15839457003721,6.15839457003721,6.15839457003721
"16",8.23960329215655,5.64665171745428,6.48819141362896,6.89978207219587,6.59270910486699,6.60388678962247,5.29481138055323
"17",7.21251888032097,6.86915385227751,7.16722183780801,9.92626434534297,7.96352562240138,7.22429446279638,6.86918993915467
"18",4.67899719310428,4.67899719310428,4.67899719310428,4.67899719310428,4.67899719310428,4.7599319094756,19.8388264636789
"19",3.56232828468617,11.3535612968432,12.8678608497207,10.3765528904656,3.56232828468617,3.71013680349797,3.63502110856228
"20",5.06080940598785,5.16649066228562,5.06080940598785,5.06080940598785,5.08587502972157,5.15824718252583,27.704999627628
"21",6.25615110401366,6.25615110401366,6.25615110401366,6.25615110401366,5.94343384494861,6.25615110401366,6.25615110401366
"22",5.22915805703632,3.75260849505912,5.2453869092434,5.17390319668702,5.21180280768774,5.22831963885979,18.3036111383812
"23",8.34136990526547,7.68388745816225,8.34136990526547,8.34285400954039,8.34136990526547,8.34136990526547,32.0995848874743
"24",9.34595700349364,7.35338679278759,9.34595700349364,10.6989703716273,9.63188079197497,10.288000520451,29.1665534834317
"25",25.6471155170222,27.2707703381859,25.7459733817865,25.9412208638476,29.9102361173052,30.8856670397879,31.4217735848098
"26",22.9159806230877,25.6690880226641,25.2714768172562,25.8788556164854,26.659781194003,33.7008815660106,38.9939612942219
"27",32.2435584013271,31.1026479123512,31.7037176726271,32.1929809498494,36.7781103410152,40.7977730228015,40.514233133402
"28",23.2777217054054,23.2618538236351,23.8185508658127,23.1075489701539,30.6402844428736,31.1383145245493,29.8190110746124
"29",31.1306905333771,25.4811961088326,29.6413846676849,29.3565320808046,32.6108062261573,39.397250168555,25.6117122129874
"30",22.1697496746285,22.0472631611067,22.3022407670482,22.4353365101362,28.7033940869471,24.6052433854661,24.3973678094142
"31",17.5646712702222,17.3842791794669,17.5646712702222,17.5945591827175,17.5646712702222,17.5646712702222,17.5646712702222
"32",8.60653161587095,8.60653161587096,8.60653161587096,8.60653161587096,8.60653161587096,8.60653161587096,8.60653161587096
"33",5.80339661528337,5.80339661528337,5.87952249687874,5.80339661528337,5.80339661528337,5.80339661528337,5.80339661528337
"34",56.3940293208002,53.8478245185426,52.7003570897781,56.3940293208002,51.2853868827276,56.3940293208002,51.5620964727838
"35",29.650648611828,30.5332827889912,30.2827974260689,30.2029874584894,30.5422686144494,30.3817846166823,31.9094721913951
"36",38.214028168388,38.214028168388,38.214028168388,38.214028168388,38.214028168388,38.214028168388,38.214028168388
"37",75.2069176543592,78.1179681799548,76.7070142444146,75.2069176543592,75.2069176543592,75.2069176543592,75.2069176543592
"38",53.2637538709598,55.1676962767249,54.2991075114698,53.8230094629525,54.1462634516191,53.5115803740963,53.2637538709598
"39",29.3669185957605,29.3669185957605,29.4439601010765,29.3669185957605,29.3669185957605,29.4645767136889,29.4292565478792
"40",70.2297677014152,70.8288032967575,73.5368554490829,70.2297677014152,70.2297677014152,70.2297677014152,70.2297677014152
"41",52.7239686473537,38.6640667979472,50.7977950421494,48.8194350383837,47.7862329598903,49.1958116480687,41.0266366327233
"42",56.0053795125806,55.9088162983909,55.9088162983909,55.9088162983909,55.9088162983909,55.9088162983909,55.9088162983909
"43",54.8359473902808,39.7179009523862,41.6745045895174,41.8856561118616,39.3065187594002,39.0570971922824,39.4705568836173
"44",18.2750138372204,18.2750138372204,17.4770209595902,18.2750138372204,18.2750138372204,17.81713781914,18.2750138372204
"45",6.10019787831733,6.10019787831733,6.10019787831733,6.10019787831733,6.10019787831733,6.10019787831733,6.10019787831733
"46",39.0884810382044,38.7544261792553,39.0884810382044,39.0884810382044,39.4569219273732,39.2053222555006,39.1832183679992
"47",41.5125826214414,42.7446487783672,41.4459212325856,42.9086017453856,44.6318318815004,41.2743601855265,40.1035882443656
"48",39.3591320721286,40.0778691107132,39.3591320721286,39.3591320721286,39.3591320721286,40.7343812659545,39.3591320721286
"49",37.9462739558348,37.9462739558348,37.9602688745431,37.9462739558348,37.9462739558348,37.9462739558348,37.9462739558348
"50",21.6685219546881,29.2394574748771,20.2099403581926,13.0169209693769,19.0372852136452,21.3142770674215,23.7796496627721
"51",26.9168018555663,36.996543462215,24.6305779691322,17.4205229222599,27.8361277331251,35.7654990775373,30.9458059410559
"52",33.3787367333498,34.7047835709376,38.907642055948,27.7477850803609,41.4916488188318,42.0016812266818,34.2121385271518
"53",24.9902442905022,28.7120060011602,19.9835671090473,15.6026071769793,18.4320775144847,30.5551046935949,25.4663169202832
"54",23.5693490501223,26.9946053625707,19.5560641876028,17.2615916115089,26.6471478962578,25.3234925777188,25.9200666337387
"55",85.866119143283,118.266973251781,69.6034406554502,47.1267049406617,89.929437285943,110.753995893107,109.000762198115
"56",47.2740903227511,65.0977897124755,42.5900376716317,24.5558254783054,48.6615911425125,61.1250451744918,62.605622402989
"57",55.1379548241018,75.7676558432605,55.0714345064566,39.5283772412175,66.6121034275725,75.135431265133,67.2630685624847
"58",47.2857305679722,61.4358700997001,47.0259489145338,32.9008574456483,44.9268013283906,60.6061766605461,62.2244957970323
"59",46.1014491145772,71.1516013629146,35.6277024710402,22.292215870742,41.6437139296641,42.2474251148074,55.1857090688106
"60",90.798669726171,85.3574276009357,63.5116925251486,42.6772910292395,96.9552858611273,75.9625632195523,83.6112076260425
"61",51.5577122630971,58.7692485833031,35.1913284048446,19.1196687378979,47.3151864870378,52.9500966349225,57.1880808836294
"62",54.659930959537,72.5095320063665,41.339689098607,23.3699178415364,60.998501901029,57.9428847661744,55.5347374342368
"63",61.4641611087572,76.5964467846781,40.2393079679608,29.9526112891206,71.903725080317,66.3390225477136,92.0816107190225
"64",36.1394362169645,62.1829114805737,37.7058777053554,19.3923943518643,48.0519344186212,49.4604866573819,48.3631219550073
"65",30.1307626798162,36.2083787068557,22.9912536246172,14.1276259090657,27.4433511896587,34.4378863505561,36.0942624074829
"66",42.2494825380035,48.8066512789889,41.1935980759305,22.2058332665111,41.0756457043663,47.1536576404719,48.0600070075533
"67",44.7193027379454,67.8775430646753,43.0066471214983,18.1139823275951,34.336073268619,57.1806452502456,51.0662116866652
"68",52.5561567134033,34.1388978903739,33.7913930294918,14.6141815505333,47.8947588761329,37.9836825790203,36.6277308126847
"69",63.1865700894426,78.2091769241788,77.651483666892,39.3812338159149,54.3871377157441,75.2637564540324,83.800433790633
"70",32.4779135875167,33.1457041527822,28.5557405280399,14.7515386909441,28.1814762945906,37.550479838245,37.1490605065614
"71",37.7706043785211,43.2054619711638,36.9844109768291,14.2194322001244,45.072225662324,53.1944693660841,34.0859430202902
"72",55.806483358987,79.4376244409037,60.9659742593175,32.0686723838626,66.1662965883598,82.0806920612708,82.0729283755091
"73",38.4493342112659,57.4732900993917,47.2567642656633,20.8528359953161,41.3792403486381,57.4732900993917,45.2065071596637
"74",79.7257909733599,102.76974435564,78.0131741621951,46.9835400166473,76.9212380057422,102.872198602811,94.3306238052006
"75",66.2594188122031,106.040127654,90.3563483527907,29.1830191939048,66.8503165909409,94.7244227408878,61.0995967480769
"76",90.8544457262997,129.820475693157,72.2999018576204,49.6017343224045,101.492267468952,102.019736388267,107.751611336768
"77",57.379131919462,85.4176285131506,76.6719161523873,31.8575895249653,59.1274514224484,97.6473718632371,54.325850818944
"78",66.7639102526902,102.90230309958,66.9719192406096,47.8015807686641,77.2104218448883,93.412341785652,90.3214932120204
"79",62.985924027695,95.2997849546182,66.8024037888687,42.88720933646,78.3165434084173,83.8310617265426,80.3553202421609
"80",77.3017565627858,107.097249927729,57.9831679291696,36.6123739725758,88.8686851987721,92.8215298838742,97.723214276526
"81",68.1090369744319,87.5482242523086,62.9339392392892,30.961762262763,61.8319750247468,80.7315063529393,82.5347963461275
"82",60.1616570552312,89.7434969127803,66.6779194378343,35.1084488402795,68.7095662663087,75.3192702769249,67.1718214441119
"83",65.6690146727496,83.2116149522559,48.7766088380022,20.147193641756,75.0108251585219,54.2286393625977,47.263429530678
"84",4.4507083944464,4.4507083944464,4.50633847330177,4.4507083944464,4.49216144141237,4.4507083944464,4.4507083944464
"85",12.6854138574588,12.1022365229768,12.8430159988924,12.1654907528963,11.9723915618114,11.6673693862852,11.2120596653821
"86",6.28972926019075,5.64844261822522,6.300476017701,6.08368546392046,5.89806481363224,6.00434752501192,5.64730340000249
"87",9.92531294631805,8.29923848071234,23.6789092907863,33.627724725051,12.1630581895364,13.3946048347313,8.63492617805027
"88",4.49107008155565,4.85381819473324,5.29212855809334,10.7887897774738,14.7679855060617,6.42388381999243,6.32106874331396
"89",3.21343560122526,3.21343560122526,5.97495462031741,9,4.7867449824942,4.7867449824942,3.21343560122526
"90",4.65737043549845,3.96394002320022,19.0558439281125,13,7.89854110374843,7.89244751191974,5.24180973696935
"91",11.6105083942574,8.9878324821453,11.1791816469698,15.2932135420841,11.6179975449718,8.9878324821453,12.8503777144023
"92",19.0806962469242,19.725259535174,21.7906539121239,17.9977752040707,17.8448004201775,21.4368928770619,15.8476481748354
"93",8.66341650065791,8.16384187958768,8.16384187958768,8.07119739250121,8.19730039501727,6.42211560992362,6.32244615292267
"94",20.2249813544249,18.5860104059697,24.5994254279661,28.9229497921777,24.6170646354495,20.5121618017647,18.5731926583235
"95",23.1519191267948,17.8555016093954,27.3942388574074,35.0209491695756,26.5770823028269,23.8924290348726,19.7916699037118
"96",19.160888335089,18.655198124059,23.8037570212436,29.1915006343881,22.5988720745532,18.655198124059,18.655198124059
"97",4.01304094205145,4.01304094205145,4.01304094205145,5.15066709596492,5.31795262215357,4.04962098952372,4.01304094205145
"98",25.3397477975695,31.0675243398203,18.5682894437322,16.4181171302019,20.0897433804627,27.3895804661815,31.4277484783395
"99",8.13453327520906,6.66729002774973,6.66729002774973,9.43989070546849,10.1150254983561,6.66729002774973,6.95240607502238
"100",8.24983873155421,8.24983873155421,8.24983873155421,8.24983873155421,8.24983873155421,8.24983873155421,8.24983873155421
"101",8.33419072714188,12.119472911338,6.63017438793312,5.63337539871986,7.23472085100781,7.56744213711982,11.1937650362325
"102",3.68600941979542,3.6139540325099,3.68600941979542,3.69528618582624,3.68600941979542,3.68600941979542,3.68600941979542
"103",12.1393154582406,17.2441608610418,4.07362105164564,3.61376582875379,3.41498649985819,3.65965220128623,4.06778753267597
"104",49.221380986335,37.1251002055588,43.8028887521681,56.8534538675083,50.2289035147257,45.1180241883887,60.881906706666
"105",8.9229814085381,8.77860912239499,9.36945660384548,14.1544559742564,10.0948473733781,9.11459742167226,9.2960310813633
"106",10.9846893901041,10.1387159152846,12.5455081683713,22.9219868674114,11.9368259501137,11.9448666976619,10.5342823432438
"107",22.6873168877655,23.9042056367025,18.1732617341216,21.7050978741222,28.7918052708728,26.4250286328963,21.7101586440316
"108",37.5775707493469,34.7340621794814,23.2194045207652,15.7368814928236,39.6159905489674,35.218298628299,29.2642608257554
"109",5.20288883773318,5.23771464738765,5.70378068661207,5.69982516644581,5.61508267941182,5.73293504395162,5.33196274099385
"110",23.1058191166108,16.0215804421731,15.7067630044074,26.9877078629878,26.527663760576,15.4061840686369,15.1911392018473
"111",30.7791717315766,18.8601882179044,42.0915294907594,60.5185947901935,30.0936904729777,21.3909138685249,31.8212215949794
"112",45.7278107758292,27.5224623466931,49.817853720832,53.5469514545421,43.2605523915653,30.8019313436128,42.295880215293
"113",49.5506386902626,25.1391924153941,54.7605385725558,72.7973948190794,52.4864522574816,36.3554359993666,40.4880018781668
"114",30.4826540021831,10.1366442112455,24.8824894162522,46.161448854887,28.6576440239065,22.1276023865776,19.9552961031592
"115",45.0203602282379,44.0404027066256,51.7876306925478,47.2610997809351,50.2599243430433,44.4102906310344,44.5512833664902
"116",42.3125319109032,43.6455448560643,44.2066905049337,37.4820041061131,30.9463666387097,37.3544373156498,43.5608650830876
"117",43.1433647585777,44.3139979363507,43.1433647585777,43.1433647585777,42.9697984565214,43.1433647585777,43.0736070945743
"118",45.0722559317758,44.5518619003686,48.2934060270031,63.5162968595542,45.7972834837448,40.9562477462249,45.0093439622049
"119",4.07823258410788,4.69425810581049,3.82836227420261,4.72848358378787,4.89298422263619,3.90972815772733,4.54776738960651
"120",2.9488131498331,4.56655394618024,3.99210654832425,7.10880320626188,4.08593730986412,2.97902591728664,4.37028931572208
"121",7.74535875578938,7.19855247874891,17.4225751268527,20.3905991217613,11.4956011475829,7.65384835718103,7.36202355924072
"122",5.73337558671274,7.19100696175642,12.4029087713093,13.5293625926628,7.38967524548825,6.12097149469035,7.07170519883861
"123",5.69094232099448,5.75218472193808,12.9774237310077,13.3801668466361,8.45411684678828,5.50090535969111,5.69094232099448
"124",11.2545795359816,11.2124185939766,11.1043716173044,10.9595050123177,11.1043716173044,10.7868484646206,11.0470892095488
"125",11.0263886769586,16.3683904512426,11.1587429562345,7.68050548754003,4.82685771810409,4.86915378139187,5.30209314953746
"126",30.8457748456698,34.5243007903166,36.9223247386889,34.3601614170872,35.3570068833063,32.635353233384,36.9223247386889
"127",33.9114636516574,36.4856064957198,33.9114636516574,34.7397325810478,33.9114636516574,33.9114636516574,33.9114636516574
"128",17.6040939566573,17.6040939566573,17.5930587602577,17.6189543244217,17.6285605731286,17.5617156094003,17.6040939566573
"129",27.8290059302449,26.8752247032049,26.8752247032049,26.8752247032049,31.2762787848376,26.8752247032049,26.8752247032049
"130",39.786323323923,36.2915910969081,39.756719161316,39.7933168832496,39.9919213438217,40.6473982692686,36.2915910969081
"131",20.4103151345408,24.4367330495752,23.7996557876469,18.9260761755334,17.0383577842404,24.2669528401782,20.5371527140498
"132",12.3636773582779,14.2539369767083,14.0197326859476,9.77547962135893,16.0259198301521,12.6893610286877,12.6893610286877
"133",23.4686058057187,23.6390447065033,26.0667262810806,28.0705523551718,29.1986325313909,21.4150810508895,23.3980915125616
"134",16.9334719053097,17.2511729985671,24.5296560799969,25.4223921428423,22.8924001051671,18.2188753550143,20.5628596884418
"135",38.6966036369195,37.9988562936579,37.8326620991267,44.4955883955675,37.2806807371093,38.287496558633,34.3964993782924
"136",12.4549822237806,6.15258766916936,8.31909135333537,8.31909135333537,12.2588233775704,15.299896254603,11.221702475044
"137",17.6849373161989,12.9645448933929,13.5185304100316,13.08950764029,17.532769358464,21.4123158738957,23.0640596574077
"138",12.0471183455415,12.0471183455415,12.0471183455415,12.0646461422508,13.1681390261263,12.0471183455415,12.0474734898859
"139",23.5048151284221,19.1990538206573,22.7246095387574,19.9861674703808,25.9504210975071,28.6000115089147,22.3450778286432
"140",26.9457183069087,26.9457183069087,26.9457183069087,26.9457183069087,26.9457183069087,26.9457183069087,26.9457183069087
"141",36.9624513189505,36.9624513189505,36.9624513189505,36.9624513189505,36.9624513189505,36.9624513189505,36.9624513189505
"142",20.9006839802817,20.9006839802817,20.9006839802817,21.382624780556,20.9006839802817,20.8091702571347,20.9006839802817
"143",27.061409131895,27.061409131895,27.061409131895,27.2005584667864,28.8958842543828,27.061409131895,27.061409131895
"144",22.5471951121114,21.5167829674688,21.6778993691801,21.6778993691801,24.7955816725064,21.6778993691801,21.5167829674688
"145",19.6180957112935,19.6180957112935,19.8097741171922,19.6180957112935,19.6180957112935,19.6180957112935,19.6180957112935
"146",34.2119688247581,30.5064584851754,36.1521135020624,35.360842583518,33.9521119967501,34.1092530692616,33.3236401301584
"147",90.5428923885109,94.8870502032549,94.8986262903951,94.5950526927712,95.7169019270504,93.2622347406737,94.0295978871914
"148",118.55851123207,118.55851123207,118.55851123207,118.55851123207,118.55851123207,118.55851123207,118.55851123207
"149",149.425674134651,144.280281601821,149.739609846759,153.7142387763,150.995004629048,147.137433335923,141.327475583128
"150",142.678735165466,141.486782375458,145.705353621182,145.988139910322,144.175503182341,140.524921791689,138.268437953574
"151",95.2392208548417,75.7488516112448,129.348684049668,112.310147437419,93.7186531708409,110.739281393056,66.9244471769541
"152",48.4469544922717,46.7316707632381,45.6857052339569,45.148163489857,45.8647849010449,45.7651224468641,46.7185822075983
"153",32.3855841297491,33.6243549354897,33.5907858408651,32.5506627012392,32.2246002185395,32.5506627012392,35.0971239499047
"154",79.1827164292504,77.4780411913426,79.7609339475758,78.4099896234791,76.9190449051495,80.1051394132122,77.3320432538711
"155",121.204268712409,111.558968766297,147.780417264632,125.163788564579,112.834792492727,131.219139561992,123.261233003661
"156",138.142971143074,138.142971143074,138.142971143074,138.142971143074,138.142971143074,138.142971143074,138.410405647099
"157",86.5112229536583,72.0425157810301,89.3312413082046,82.3899111226799,104.936359643247,44.1061246988184,79.7338834978856
"158",27.7598062451741,27.136586335797,27.0943513879456,27.0521346784995,27.5587692148639,27.1362387702104,27.0521346784995
"159",68.1954026435726,70.1292793837702,64.0552217723394,67.6540128273974,67.9487817693077,66.0426173643321,72.9085050656564
"160",31.5459457273121,33.9770136710792,35.2601164643858,31.5459457273121,31.5459457273121,31.5459457273121,34.1798789615124
"161",15.1819647634852,15.0708367497827,15.0632164643427,15.0399919315693,15.0347615021702,15.0153763672998,14.9378581884446
"162",18.4789037051688,98.6146931560107,12.2919550535401,12.2919550599882,12.2919550599882,12.2919550599882,12.2919550599882
"163",21.8824010847962,146.226111213605,13.3391771999868,13.3391771999868,13.3391771999868,13.3391771999868,16.9332107990881
"164",13.5083380793968,68.665798196349,10.5366176932981,10.1970354690601,9.8921190765373,9.37672639499918,10.2372595130388
"165",24.2875744920332,143.613368909479,11.3774334573663,11.8295838806921,11.8295838806921,11.0730810256257,11.5385384693819
"166",15.0159851303887,180.413898798399,10.6172268016591,10.7179401989852,10.396050724069,11.1288111093797,9.14027656749668
"167",66.006774381688,115.873868166891,12.5826896563955,16.5913441950504,15.8231486945778,17.1482935184144,17.1482935184144
"168",10.2950426041201,141.818881807358,11.3605262640261,11.3605262640261,11.3605262640261,11.3605262640261,18.8864523620136
"169",5.59989991527685,9.52796594806833,6.30350050667193,6.36187204082472,6.23650408589004,5.84196224107098,8.97320210159998
"170",3.76745854858078,3.76745854858078,8.89735554507092,4.37698508812478,4.31659652424796,3.76745854858078,4.1343546279216
"171",42.5471455299674,24.2182219499676,8.88044663186595,8.80058978586534,8.8095713850133,45.8783184188596,24.646223424575
"172",8.29340476838656,5.29871321900503,2.55533450127091,2.51385944201833,2.51385944201833,8.69514682376948,5.29871321900503
"173",19.1191377456516,13.983597432871,10.7467568278884,10.3368342376928,10.6687500297276,10.6687500297276,10.6687500297276
"174",10.7191840703276,10.610126985741,10.6933793681548,10.6100601339124,10.4048643272685,10.5863116650269,10.6100601339124
"175",13.6013549594145,13.7663757619906,13.6013549594145,13.6013549594145,13.6013536371223,13.648398636473,13.6013549594145
"176",4.02299586324671,3.89913440958585,3.76878323220812,4.09408911130512,3.62282072833936,3.64773192699111,3.54983663908859
"177",5.67923477850786,5.67773462060297,5.67923477850786,5.67923477850786,5.68837589635703,5.67923477850786,5.67923477850786
"178",3.95655407201391,3.40055963635907,3.61552995721193,3.91194631964406,3.93391042680468,3.5843368455022,3.39503220902674
"179",12.291526295951,14.063510488546,16.2900435474965,16.1895737222875,14.063510488546,14.063510488546,14.063510488546
"180",10.4113137978914,10.9225008946735,10.3363850171652,10.345723288915,10.4211324622932,10.4232519953325,10.5243093726261
"181",4.59254035132949,5.64211205757909,62.3202582465091,19.5691153359255,4.59254035132949,4.59254035132949,4.59254035132949
"182",4.54725594367734,5.8350691012372,5.2745434485367,4.03507578950116,4.60068779763501,4.59472973102726,5.13766983053906
"183",7.43779303013663,7.36383414631012,7.43779303013663,7.12531472458575,7.37494027519696,6.96792457361162,8.95882344378432
"184",4.75461749828878,4.75461749828878,4.75461749828878,5.14247817591565,5.11994402284246,4.80395065843283,4.75461749828878
"185",8.70061679756854,5.55857833691238,8.31638235366094,8.48489532772968,75.4283909832316,100.754343286398,9.05347695765091
"186",5.50834784507719,5.53613413503627,5.55018864475689,5.53019886593114,9.79978538629456,5.83836138660299,5.58738134725739
"187",10.4539284962558,7.32476663146628,9.36199231819509,9.30109057088002,9.30109052423069,8.58005697885295,7.87726876313016
"188",10.7238898787781,4.6557983620653,4.02206292181478,4.02681681434987,4.02681633117031,4.08981179778015,5.07994661911633
"189",5.29746168441955,3.98296963976874,3.32824678181533,35.0056214984784,2.9160066106849,3.37348274589487,3.99993359673479
"190",5.88349225628014,4.56789843336912,6.02411497471972,6.02411497471972,6.02411497471972,6.02411497471972,4.78041336321189
"191",4.86806105876953,4.72911608106088,4.67478844072755,4.67478844072755,4.67427571633807,4.67478844072755,4.66664183177317
"192",19.2761390070072,7.24478382694817,9.01975207014742,8.68234750567034,9.36319208388019,8.77313436642066,6.79727607063409
"193",17.8916529644782,9.70937162332786,9.70937162332786,10.5043566364753,9.70937162332786,9.70937162332786,9.70937162332786
"194",10.2545497649358,4.60950585655329,4.60950585655329,4.60950585655329,4.60950585655329,4.60950585655329,5.60906662414524
"195",7.01604733914853,8.25155684399352,6.89807786324811,6.90988473560576,6.91186580306798,6.85066703669359,8.62079169133607
"196",4.26826011878806,4.17683648839137,4.26826011878806,4.15717869290778,4.26826011878806,3.85114141777616,4.35828178072079
"197",3.75492674818824,3.76987481857912,3.75717745817907,3.75492674818824,3.79518263888605,3.75492674818824,3.75492674818824
"198",3.91517824249065,3.91517817132304,47.7260426523116,44.4440747935739,3.91517648109685,3.92935579737148,47.7260429754711
"199",4.37124681630235,4.37124681630235,4.56485987130651,5.21612475255333,5.21612475255333,5.14856424055858,4.37124500257546
"200",17.7572303838026,17.7572303838026,17.7572303838026,17.7572303838026,17.7572303838026,17.7572303838026,17.7572303838026
"201",10.4361518640053,11.1263573155399,10.4361518640053,10.4361518640053,10.4361518640053,10.4361518640053,10.4361518640053
"202",23.1034162359186,23.301372617281,23.5055518054625,23.1034162359186,23.1034162359186,23.4419735790718,23.2331622979761
"203",11.8142708752833,11.6509209352981,11.8142708752833,10.9300526636628,10.7417220059906,11.8142708752833,11.7042965044387
"204",9.61498145508687,10.4075359228605,9.61498145508687,9.81745976671854,9.61498145508687,9.61498145508687,9.74211679723532
"205",17.7108848839409,17.7108848839409,17.7108848839409,17.7108848839409,17.7108848839409,17.7108848839409,18.2152608304824
"206",20.593144538825,19.4636904580929,19.4636904580929,19.4636904580929,19.4636904580929,19.4636904580929,19.4636904580929
"207",19.4498489920701,12.8308507534015,18.0094220047172,17.5676489118751,13.1641175507369,22.3382143285986,12.772200224632
"208",12.0334023718225,12.0334023718225,12.0334023718225,12.0334023718225,12.0334023718225,11.9758742807486,12.0334023718225
"209",11.310633061686,8.99863622229134,9.02569899608532,9.02569899608532,8.9779239366909,9.13149032022623,8.66315876826006
"210",20.7774868950612,11.5223423307658,16.3282138967672,16.9410919416318,17.5416875259371,15.8903336288687,10.2003807946681
"211",13.9575635547192,15.0463107762147,14.1111013681587,14.1113890515028,14.1156400882431,14.1238546623508,15.1742528643088
"212",9.00687162912891,9.01890648651851,9.02212218005123,9.04351887127689,9.01948806314714,9.0132304958906,9.05302039242996
"213",4.64929807827407,5.39008984541111,4.62264174368432,4.75340747262242,4.82380449717301,54.2990994784738,10.8745599431586
"214",6.97817308907785,15.6123597482385,15.5437044482285,15.56082879092,15.6163335083888,6.97817308907785,7.02832561948144
"215",7.23767437568769,15.876562734764,15.388835342647,14.8018366070708,15.1414504383414,7.60738268719988,7.00319068958187
"216",6.58453101571936,14.4407703547096,14.5354601487019,14.4745737931271,14.3700313756284,6.91703264131537,6.58453101571936
"217",8.29139885132589,16.7596485155607,16.8218466345083,16.6481162747032,16.8400878750306,8.29139885132589,8.26750016940585
"218",15.4534890291166,26.9386519696257,30.987061259825,31.700796185098,29.9125676304815,14.8855303332075,13.8464668595599
"219",13.3462622588922,21.984137119522,18.4927589118977,21.8967867781204,20.9536306676305,18.8968440181576,28.0874319700446
"220",26.4830810539114,26.4830810539114,26.4830810539114,26.4830810539114,26.4830810539114,26.4830810539114,26.4830810539114
"221",18.0861473468143,21.7233549828861,18.0861473468143,18.155202441967,18.0861473468143,18.0861473468143,21.7233549828861
"222",16.2615483676317,19.4503218111037,16.2615483676317,16.2615483676317,16.2615483676317,16.2615483676317,19.4503218111037
"223",4.87119740431355,3.95123637910211,3.33026664341238,3.60209429078834,3.61432111948966,4.4420475456843,3.16395924683634
"224",5.44108362307986,5.44108362307986,5.44108362307986,5.40412146160518,5.44108362307986,5.44108362307986,7.09109314192773
"225",3.68695074797368,3.68695074797368,3.68695074797368,3.68695074797368,3.68695074797368,3.68695074797368,3.68695074797368
"226",45.3383547980091,45.3383547980091,8.40980701919661,13.0009961742834,13.5175843153397,45.3383547980091,8.40980701919661
"227",75.3160972266961,48.1742841592156,12.1364977081892,8.31563483386945,15.7603499777178,45.7410400398105,16.1086604530606
"228",7.22969736289559,8.2314269540976,8.21683350405688,8.22761522093328,8.22435123084981,7.22969736289559,7.22969736289559
"229",13.7812375523889,16.5243899616171,124.855426815434,60.976745862016,14.937566683621,19.6917233198446,13.0050483755598
"230",9.75504192532503,7.77104325854736,33.0913894509658,28.5364676352968,8.50068925347871,8.33926381139731,7.5363012709991
"231",14.1932554752864,11.232225092685,68.0141637972516,52.4767622472163,14.8691879230836,14.5128705791506,11.0274405236793
"232",16.7943962125522,18.9903010580575,99.8194383452627,52.8200250383246,15.5974575999429,20.5792704277726,20.6293082054684
"233",19.900274576143,17.3179340434914,127.181437782445,64.8043100933908,18.6857962685643,17.4526686874408,17.4407627657613
"234",12.8760996745038,12.8760996745038,47.9155131522596,47.9155131522596,12.8760996745038,13.9851073694445,12.8760996745038
"235",9.40737916771874,9.40737916771874,35.9075050907217,35.9075050907217,9.38883970246208,9.40737916771874,9.40737916771874
"236",12.5325517266548,9.32698187965329,56.3410248367727,37.2913844498191,12.6882957003819,14.7036685584511,10.4580579030622
"237",11.2576168673288,12.6054826157983,79.1444561940998,64.7118393405423,10.7556368193906,13.5664236295313,11.2576168673288
"238",9.38270966034808,11.3359391280669,52.414358641554,32.7892053276094,9.38270966034808,10.6385425099886,9.10536740853787
"239",7.18266550401606,7.09787101880066,46.2925915016625,28.7770356494577,7.70486872411321,7.35445434606879,6.46296366166329
"240",12.7201896083175,12.7201896083175,54.785194525206,39.1984559812243,12.7201896083175,13.4804993536476,12.7201896083175
"241",14.4919609986129,16.9309646218727,125.916932619006,63.737534837711,16.6865155635232,14.8309989310058,13.4023533921348
"242",5.44959650763466,5.44959650763466,34.6807959984273,23.2783600497629,5.44959650763466,5.44959650763466,5.44959650763466
"243",7.52693220994967,7.52693220994967,57.0079460882881,45.93753577761,7.52692607151938,7.52693220994967,7.54908341350884
"244",11.1288203529792,11.1288203529792,88.8195504641426,53.0088971071027,11.1288203529792,11.1756271635136,11.1288203529792
"245",11.6012090491366,11.7791186205938,46.5841359086614,46.5841359086614,12.1213142014516,11.6012090491366,13.7378668218479
"246",21.2122957380415,21.2077600594395,120.505557689428,78.0519084689106,19.3901786621573,19.8315480979642,20.2129028322437
"247",5.01929891152414,5.01929891152414,38.9690992369945,23.8474730198811,5.03273292716367,5.08053105587977,5.01929891152414
"248",4.44828932838022,4.44828932838022,32.9349034415016,18.0312171686197,4.44828932838022,4.44828932838022,4.44828932838022
"249",11.1965915554438,11.6025119033575,27.7623420744847,27.7623420744847,11.1965915554438,10.1328508348394,11.1965915554438
"250",23.9577334322687,4.55948506594882,6.25469695226689,7.26064173497426,7.98486144132857,22.8230872590027,15.1207877888242
"251",32.3662798778031,4.89518075157511,7.15338994079234,7.75383486254817,12.4068587133274,33.3585986525612,29.41368625963
"252",10.6754197698115,11.2835564256135,73.3980150572451,45.5728619784747,10.8651616444518,12.1811407004947,12.1650736917663
"253",10.3464102272985,14.0476182290183,61.3328520134929,32.5277711475127,11.7365120960366,9.73534912545206,13.0473250021059
"254",11.1858606948199,11.1858606948199,55.3163775684761,55.3163775684761,11.1858606948199,12.2658620566308,11.718048741979
"255",11.8255322593462,10.5262703907666,75.2967465438339,42.9778867500962,11.0096585519406,12.2454462446129,10.2320615449991
"256",12.1448069057012,13.5948673076298,95.8553495680318,71.5195190728794,13.2671910991959,11.2004769889134,12.9166443318447
"257",10.3207097252614,8.4888311367137,55.8389004976331,41.8214002742234,8.4888311367137,8.4888311367137,8.4888311367137
"258",5.22883596609002,5.22883596609002,5.22883596609002,6.41091664105615,16.1999745004712,9.59105821231943,5.22883596609002
"259",6.41286121785082,6.43063024972733,6.58762371297169,6.28012459960508,14.5197713447074,10.7864034805804,6.63573588547634
"260",5.8313638410516,5.65741445275757,5.54594713270443,7.07378718850033,51.2106681765047,23.4496527119573,4.97524053993957
"261",8.82948607486757,8.90928538344665,9.13390156755463,9.67142762967786,27.4358229686771,16.7956673455523,8.7099812541115
"262",6.19189452179197,5.67327101781076,5.97006742119135,7.63445921114391,28.1771239134273,12.812764227892,5.36384098371707
"263",6.76345745106845,6.63949752228726,7.19547820692732,7.36719331095182,7.42560950284892,7.20248726039423,7.0738898853823
"264",5.89542526505644,6.22873420555429,6.55619521056627,5.81941528959002,5.81551036811024,5.79631416153463,6.25633761423982
"265",9.95047455471804,7.65880054802201,30.9142873323526,34.4370879666128,9.88367125418463,7.92294186853281,8.12512299598933
"266",16.3847448075472,15.491298781802,46.180045938945,49.2773358174233,15.4908837985255,14.3734552982359,14.3734552982359
"267",7.85669551010292,6.12155738971898,25.6329475414949,21.8231655926476,7.85669551010292,6.09544672555263,6.09544749319444
"268",128.555678756696,127.00071753369,123.517941478535,122.032649885625,122.154537190271,122.08205973845,119.5162485562
"269",11.7261692026606,11.7261692026606,11.7261692026606,11.7261692026606,11.7261692026606,11.4911886016896,11.8160390375834
"270",37.231026504748,33.6482440633431,33.1543339282128,33.5489631948529,33.7988669181845,33.1543339282128,33.0669957270851
"271",63.1769544662194,62.2441553659706,61.985796624476,62.8062611184704,62.7613872407381,63.1769544662194,63.1769544662194
"272",129.135938990812,122.570069195881,108.700468444298,111.289479057861,109.211074790624,109.211079692209,107.085881024567
"273",114.928388165054,107.585190305764,106.841893016789,109.881361664439,109.881361664439,105.306236014579,113.137252492416
"274",35.2922252912988,35.179196153975,34.3827941374985,34.3930793806974,34.3930793806974,34.3930793806974,34.2943964136947
"275",49.6089686208811,50.0451313199126,45.8734501535297,45.8734501535297,45.8734501535297,45.8734501535297,45.0116991315259
"276",17.9657567463362,80.9370852509267,16.5515454220281,16.5515454220281,16.5515454220281,16.5515454220281,15.4154501541076
"277",23.3774261859742,150.609624871747,22.874528424218,16.2542465179115,16.2542465179115,16.2542465179115,15.613935517049
"278",12.6202990502615,113.915146383547,17.9586385769413,12.6202990502615,11.838616408475,12.0788273213384,15.1432934390671
"279",17.9855690924586,136.089123563496,17.9855690924586,17.9855690924586,17.9855690924586,17.9855690924586,20.492959596822
"280",30.9894525106419,229.878017669411,17.668137448898,17.5437854745712,17.5437854745712,17.3761345105719,27.2133229417995
"281",19.8191381260905,174.234903126487,14.0593059976667,12.4685984901338,11.8112501964393,11.8109533020955,16.0824998754944
"282",6.68533183453288,9.74332927551828,6.68533183453288,6.68533183453288,6.68533183453288,6.68533183453288,9.62774640720347
"283",10.001977066409,10.911220902618,10.001977066409,10.001977066409,10.001977066409,10.001977066409,10.911220902618
"284",12.4004073369268,8.31597035454567,8.31597035454567,8.31597035454567,8.48479110009796,8.31597035454567,8.31597035454567
"285",4.651095125971,4.09181769948066,4.27379732685476,4.17309595313968,4.651095125971,4.651095125971,3.66877426083865
"286",7.71122506743039,7.76192313032042,7.71122507511611,7.71122506743039,7.69664481511908,7.71122506743039,7.76192313032042
"287",27.7177032549077,27.4040074353492,27.3147152190902,27.4080194063608,25.3489972990978,28.0159621972886,25.8926384921651
"288",9.65827890756949,9.65827890756949,9.65827890756949,11.2726705840217,49.7850419780743,51.0937617334739,9.65827890756949
"289",10.0756845269276,9.02814148003737,9.82955534757991,10.0756845269276,31.8684124555492,29.4832971869543,8.30044362143183
"290",20.0884350214256,19.984217678483,21.8038181681259,28.7913255622517,262.457760061985,190.525520389892,23.1038533465024
"291",23.1724016035458,22.2444986301947,24.1715747786312,25.5856021117681,153.012623220115,112.650236623983,20.7696126017397
"292",21.541612266824,17.0677001574198,21.4482523594794,26.8948488689201,226.850976880289,155.115120354593,14.8536942104139
"293",9.81351553165065,8.80164309929805,10.1375221105497,12.5894779381293,115.076412742918,136.575209970303,10.2954989993724
"294",18.9671414031898,19.0143365334668,19.0143845328396,20.9437393151252,220.473873773167,194.587287163284,26.00923894585
"295",11.8197726066501,11.0539997056161,11.3085698969035,12.7092582222364,15.5259187507021,17.4158099868882,11.0047187390588
"296",6.34728927668631,6.85217398623711,7.34028170171479,7.34028170171479,9.06494249047572,7.68518707732698,7.34028170171479
"297",36.2654616147767,7.19631672651475,5.34896976785945,5.34896976785945,5.34896976785945,5.35738892309822,6.95323293728906
"298",13.8216459287327,6.85445180319459,6.84454989794561,6.8407870810683,6.70273533402732,6.72737053918045,6.81089066696059
"299",9.76636146654533,3.99221872320329,4.12461988152553,3.8909935672022,4.3385826305601,4.12461988152553,4.12461988152553
"300",6.52736838356841,6.52737507616998,6.52737507616998,6.52737507616998,6.52737507616998,6.52737507616998,9.71810138730089
"301",14.3224929197901,12.284951356385,13.5548407189037,13.8202546268693,14.4436204340149,358.296882088065,11.5669432956653
"302",8.63935543345123,8.63935543345123,8.54450296514747,8.63935543345123,8.63935543345123,96.515837385505,8.63935543345123
"303",6.74527705669952,6.9104912103679,6.79584145613666,7.67107364252802,7.65549954380125,46.5851156502703,6.33924015639297
"304",10.9238263546241,19.9458821062049,19.8929529204343,19.9922709379957,19.8954492501966,10.9238263546241,10.9238263546241
"305",21.9397176651643,10.3852092469704,11.2841628528057,10.3852092469704,10.8347482541077,19.7011006244437,17.5384185396039
"306",4.3180691928798,4.3180691928798,4.3180691928798,4.3180691928798,4.3180691928798,4.3180691928798,4.3180691928798
"307",4.65092007516976,4.65092007516976,4.65092007516976,4.65092007516976,4.65092007516976,4.65092007516976,4.65092007516976
"308",61.1680880668997,61.1680880668997,13.9177666838179,19.4448829348416,19.5189226775826,55.096430895432,20.3085150008345
"309",96.0891691028106,36.8512952389566,6.98757500831208,14.9956082968659,16.2354937170845,54.290883909113,7.47210791648212
"310",44.3567771214221,44.3567771214221,11.2925697120474,16.8828399648129,15.974109919278,40.4896042113126,12.6264827695994
"311",73.6105832492325,36.1619294357721,7.19864800294937,24.0294734367111,24.5695937204613,67.4219183312774,6.54921317736656
"312",111.276799133208,57.1538345807424,21.6781953489848,25.1759517803343,25.0476629357892,57.1538345807424,21.2185315597197
"313",12.9678681477269,10.8830760108492,42.9755040485281,40.3745831057323,13.0561923796906,12.2620487669315,11.3983827695534
"314",30.2690836616411,3.31501752826235,7.36833545670486,7.52137595353409,10.4439091474086,24.6410143638858,20.8426787495931
"315",215.99266507721,215.99266507721,215.99266507721,215.757091489765,215.99266507721,215.99266507721,215.99266507721
"316",9.67422628776441,9.96743496673191,9.67422628776441,10.0010828044474,9.0549056062015,9.42491780094714,10.3609015815925
"317",16.3543821057955,22.224409773292,158.423633371843,59.3821255844989,16.3543821057955,16.3543821057955,16.3543821057955
"318",6.10027224318316,6.96360608720595,7.85235891306739,6.67591664966321,67.6283448254283,109.635127022594,10.2633598265546
"319",15.5548082025913,14.5175310233792,15.5548082025913,24.7366160086681,128.089392684499,106.568929532251,14.5175815969172
"320",18.2441579112165,3.4251251592921,4.21438058670958,4.21438058670958,4.21198130137406,4.75112313447542,3.5673798888969
"321",35.7943407607184,29.7919267325376,37.0447280648529,43.9521237686738,270.667790125121,230.042924322754,29.4236111770262
"322",35.1847856911697,33.2576478553474,37.6953213837942,37.1263302259238,262.122154143785,228.612111250507,33.2576499975982
"323",30.0089581369186,24.8053646698391,30.5328308929986,32.283439258782,234.664341536314,233.53536704478,24.869124245037
"324",14.9745489891832,15.0141654409981,16.3191522825474,14.3174270713308,111.773362091736,143.120623149829,19.2016966738712
"325",26.979651087119,19.7140283046293,24.4800240235431,27.6994587810347,214.617659439137,254.206224049415,24.0198589862357
"326",27.9810050771581,24.7756328079121,28.6933284218263,38.3901632722798,205.867271776189,218.060703046835,26.3656879161296
"327",33.8476665106177,33.3206883851266,33.8476665106177,36.254555611224,219.4672643481,229.285178057672,30.381201153471
"328",17.658950344228,17.658950344228,17.658950344228,18.9632461578144,142.122159543619,142.122159543619,17.8137968162983
"329",15.9501172572136,14.8854715997371,15.9501172572136,19.0313431232217,99.7869868880377,99.4391882259531,14.6491783383842
"330",21.2800835446278,21.0395766719476,21.1095025610759,21.2800835446278,21.2800835446278,64.4366448712779,207.42510550949
"331",18.6381250994117,18.6381250994117,18.2901707539395,18.6381250994117,18.6381250994117,60.3938746261364,137.783349150646
"332",16.5469754330767,18.4965824195124,16.0048443582511,16.1065256637447,16.1065256637447,70.9646372184483,143.457384287161
"333",15.6916821800002,15.5406586879118,15.4072622984106,15.8081429768601,17.2277690897262,44.5910484305336,125.900012253148
"334",8.75882971773944,8.54365198010939,9.51328586493412,9.96729340046857,9.78377553517509,41.2371239242005,97.4352948720243
"335",12.3952554574432,12.3952554574432,12.3952554574432,12.3952554574432,12.4328718802944,12.3952554574432,12.3952554574432
"336",68.924836888316,68.924836888316,16.2162616865929,21.6459553127461,23.4650678474673,68.924836888316,15.4689986358324
"337",7.78174456927954,7.17890613010642,7.78174456927954,7.78174456927954,19.6019403767555,13.3035246435897,7.08753472269593
"338",7.71380245664169,6.9614154279084,7.31209804208794,8.15001539723304,27.6497065168656,11.8256998771149,5.28068287570775
"339",14.0653144599379,10.287742915232,14.0653144599379,14.0653144599379,14.0190164967723,40.1560893646525,95.1411795899699
"340",12.7570711708518,12.7570711708518,12.7570711708518,14.1345182616523,13.1789452248596,50.0267422418675,103.333730442333
"341",14.386122568303,17.6893181915847,14.7575358291367,16.4463887002684,15.7686804348185,68.8135523237639,287.086528033731
"342",16.6738326990961,16.7887926176096,43.5837601458799,14.4658046720987,16.2938110893236,16.6738326990961,16.9297321884665
"343",7.17781875476873,6.80364125541522,6.93498762335622,7.99725904199415,21.4484002248464,12.1124578556616,5.63559310406361
"344",19.5068560323765,22.2661262483354,18.7389365350018,18.584779943531,20.742949765568,19.7604260149971,24.2926548919353
"345",26.9289948611898,26.4146233209713,26.6281618388253,26.3533397892746,29.5592385950856,29.6315310931023,32.078868500464
"346",11.2920591308254,11.4454008206759,11.2920591308254,11.384644912808,11.7998171812551,11.924214709247,11.8264515698442
"347",27.2305284039773,29.4944161193552,27.4083003177305,27.2139864026955,28.8609651867131,29.3974085324332,30.5279854616753
"348",20.1877453587915,20.1877453587915,20.1877453587915,20.1747912619583,22.3593921942319,22.2971880569376,22.9864997924487
"349",34.9932272070539,33.8241732895987,32.9619592050197,32.9536279794407,38.5991084659965,39.0752225384272,35.1345845165528
"350",13.2751785748301,12.5665672246307,12.4193744336566,11.1011963027445,12.7907434215623,13.0482456001398,13.4230348886326
"351",18.2262487442314,18.2262487442314,18.2262487442314,18.2262487442314,18.2262487442314,18.2262487442314,18.2262487442314
"352",10.7946495188706,10.7946495188706,10.7946495188706,10.7946495188706,10.7946495188706,10.7308139810317,10.7946495188706
"353",15.0774679995857,15.0515915051447,15.3106914869569,14.8549543116927,17.261626419058,17.1607921689437,17.0773039790286
"354",25.8807563482485,25.9990807420283,25.2116674789085,27.0710406396721,29.9439074328773,28.6304061188438,30.2088856405885
"355",24.951212816851,24.8579717439182,25.3868556105456,25.0519886387936,27.1489653697145,27.3155156630537,26.7504321900836
"356",11.6558320472463,11.6558320314813,11.6558320314813,11.6558320314813,12.4086414746369,12.4449315785998,12.3977843067008
"357",16.8789797421714,17.1373137650614,16.8789797421714,16.9913471878967,18.5208746596277,18.4645970649847,18.3331454709877
"358",32.3700121931316,31.3034753898687,30.1266982995434,27.982825309937,33.7610440595599,34.9328085690988,27.0928284633919
"359",15.7005504010264,15.7834535844373,15.7005504010264,15.7005504010264,17.6150008203615,17.109578737391,17.008045641987
"360",34.1278808354151,33.7492386164001,34.0447523453275,34.0447526561337,36.8658155198824,37.2562723484652,39.760111599788
"361",13.2060572893266,12.4244224509812,15.9215522900588,10.2034757598482,8.64594364588886,8.55912710820738,8.72688607777582
"362",8.45860624031617,22.6598438614581,7.78830063316,11.232391032572,11.8281996434126,11.5523836592072,11.9739119214597
"363",34.3135714438814,61.3667537578592,47.6341972746622,111.342021283874,68.7861025644001,35.2160483711317,46.2970533178155
"364",90.0762728447844,90.0226905075861,90.1040692825832,90.0762728447844,90.093051704009,90.1550570200787,90.1063593291886
"365",240.743428607642,243.32140456966,238.693704027183,239.666796791963,239.659538589374,238.804775912814,237.244246090337
"366",179.938210186841,178.41949456604,188.063343339552,189.17092772358,180.346530685663,186.825456907085,175.974830586302
"367",89.4001204140028,95.2829265053733,92.1824001612407,90.5501137083837,95.1895285755668,92.3363006889869,92.6269285493871
"368",220.169284855383,219.714439760283,219.848597980891,220.173969643409,220.169284855383,220.169284855383,220.169284855383
"369",61.9401938053898,58.5515547019616,61.9776052277314,61.4302853663812,61.3686509781174,61.6971198972702,57.6596667978979
"370",215.08825699213,215.175094266731,215.201124512262,214.380742511955,215.207538938144,215.08784168546,213.803026949459
"371",475.314153699753,475.314153699753,478.53514186654,475.314153699753,475.314153699753,475.314153699753,474.041646692926
"372",412.702415569544,408.580679300273,412.702415569544,412.702415569544,412.702415569544,412.702415569544,412.702415569544
"373",172.683450443748,166.631823226871,171.526003854249,166.661867565822,172.683450443748,169.081545832329,172.333200879076
"374",741.431334505124,774.361526877637,744.298277307395,739.300830024474,750.639038140547,732.709186936747,791.674565920727
"375",1025.89980532537,1025.89980532537,1025.89980532537,1025.89980532537,1025.89980532537,1025.89980532537,1025.89980532537
"376",21.2216163041421,24.0830103127665,21.6883307303974,27.0361013257933,22.3617479520863,24.1411334273426,22.1352204394127
"377",7.06518820483489,6.48007745143393,2.83456155781431,2.83456155781431,2.75689017854355,2.83456155781431,2.83456155781431
"378",6.2720472675445,6.2720472675445,6.2720472675445,6.2720472675445,6.2720472675445,6.2720472675445,6.2720472675445
"379",65.6648727802656,71.3333865177364,39.8896673162551,20.7431493041834,20.7431493041834,67.6395268981175,58.5490374824611
"380",10.6901917332995,10.6901917332995,10.7324570463743,10.6901917332995,10.7617620789667,10.7051869526075,10.7333904715883
"381",4.40325188520918,4.37562848354237,4.46999469956791,4.38510928552695,0,4.34196715249382,0
"382",23.7441476169345,25.1736926225849,13.3471618933909,5.28519610527348,5.28519610527348,20.7311311363248,14.8481112358658
"383",5.63997978189782,5.26016688145453,5.63997978189782,5.63997978189782,3.50694753649889,3.35462247391146,3.3770371180036
"384",6.50037888540033,6.50036026413179,6.445677896256,6.45891333723085,6.50036036257626,6.49037587736093,76.1526457793289
"385",5.13125863442736,3.78761987593679,5.06160097842003,5.37677893395113,5.14402115210212,5.05222385938654,3.86578051640493
"386",4.4731601348679,4.4731601348679,4.4731601348679,4.63126568206603,4.4731601348679,4.4731601348679,4.4731601348679
"387",5.91181130683522,5.91181130683522,5.91181130683522,5.91181130683522,5.91181130683522,5.91181130683522,5.91181130683522
"388",4.20649008756257,4.20649008756257,4.20649008756257,4.20649008756257,4.20780206908312,4.20649008756257,4.20649008756257
"389",10.8753402097002,9.10936043400882,17.6699027680221,12.1434222645846,11.2009024438188,10.5803524410969,10.1024944996671
"390",15.9607748455246,15.9607748455246,15.9607748455246,16.5395985732208,15.9607748455246,15.9607748455246,15.9607748455246
"391",7.18911566490066,7.18911566490066,7.18911566490066,7.18911566490066,7.18911566490066,7.18911566490066,7.18911566490066
"392",16.4089720826708,16.4089720826708,16.4089720826708,16.4089720826708,16.4089720826708,16.4089720826708,16.4089720826708
"393",8.52805217316359,10.3766516151735,8.26188116226763,8.18418738425653,8.7628447060342,8.18252011055211,9.03924576265951
"394",21.3850262900754,20.7831407992834,31.6280187378551,12.5730311616405,16.4927896249151,18.0833793894747,12.109185485407
"395",7.79301292295139,7.89728541605707,11.4350734228345,8.02192260665285,7.89728541605707,7.92236061797808,8.22123378131371
"396",15.4932028591628,8.68952465194637,15.1194947415372,23.4130754097729,11.0737869483384,12.1083054229033,7.71482048793795
"397",9.37763985139351,9.16023990661292,8.91148899096361,9.37763985139351,9.24793269902853,9.37763985139351,9.37763985139351
"398",9.9951903541917,8.68240563957357,15.6226228174944,10.1302358087094,10.3383147665405,10.4364185219819,7.93588952043645
"399",16.6638860581429,14.0008378017642,30.6558794559662,19.8866978725927,15.0633322682187,14.8860916508215,11.7126938367463
"400",8.67624336523756,8.67624336523756,8.67624336523756,9.2315212193545,9.20291651171363,9.48380910752066,9.86747522676649
"401",10.0061402213333,9.77102323471278,15.4834397216258,12.3388953825085,12.7388559586443,13.0273722088451,10.7585378157953
"402",14.2016467494386,14.0978487439776,25.3217451041724,21.1639658813916,13.5172040960112,13.2264912739103,13.2780630688106
"403",14.6019460621111,14.8561918351142,19.4319445856611,16.6715858889759,15.4417994299013,15.7097637773992,15.7097637773992
"404",9.44033014390735,8.3697705901517,9.44033014390735,9.44033014390735,9.44033014390735,9.44033014390735,9.44033014390735
"405",3.47629785705197,1.30550026388493,14.6699815996652,7.23385530881946,5.0111025297621,6.25314543024733,4.6843544881144
"406",10.9327321917282,10.7604223866604,19.1115155310492,11.1825606283476,10.8907950094287,10.9427421415251,10.4220284673876
"407",10.9550917191712,8.86065963659375,18.2936650300794,10.2057180593516,16.1976732578481,15.6528027274396,11.9618046675835
"408",17.5324641773876,17.5324641773876,13.3154343058004,17.5324641773876,17.5324641773876,17.5324641773876,17.5324641773876
"409",3.48853077506222,3.48853077506222,3.48853077506222,3.48853077506222,3.48853077506222,3.48853077506222,3.48853077506222
"410",7.37018832481415,7.19561894550768,7.20375822201607,7.7612677008835,7.75383123130387,8.24611026243036,8.40051723733416
"411",8.38791543896183,6.4092526404143,5.44041574897138,5.44041574897138,5.82469637094718,8.38791543896183,5.87577698938492
"412",8.34903812084007,8.34903812084007,8.34903812084007,8.34903812084007,8.34854521092627,8.34903812084007,8.33693592815515
"413",5.00907286868494,7.44409406475714,6.16052879339816,5.00907286868494,6.70943728986249,6.99134786352501,5.00907286868494
"414",7.37761976422604,7.67751958054936,7.37761976422604,7.58396829793741,7.39015749369216,7.55233402240341,7.37874949963908
"415",4.99733383529428,4.99733383529428,4.99733383529428,4.99733383529428,4.99733383529428,4.99733383529428,4.99733383529428
"416",8.1705110944955,8.1705110944955,8.1705110944955,8.1705110944955,8.63634928839899,8.1705110944955,8.1705110944955
"417",19.1932238212431,19.4481167021104,19.1932238212431,19.1756699695656,19.1932238212431,19.1932238212431,19.1932238212431
"418",19.3542840432105,19.3687613309443,19.3542840432105,19.3542840432105,19.5704273740937,19.3542840432105,19.3542840432105
"419",15.7614029206701,15.7614029206701,15.915007806705,15.8642659502061,15.7629412808653,15.8096136659811,15.7614029206701
"420",23.7270886836093,24.2074332939174,24.8516298306174,24.4879352641057,23.8313643569035,23.163827679431,24.36794177594
"421",25.1639701206283,17.6191666115483,20.1426673129821,22.2926562617059,24.9302017981657,20.8991069260894,21.0008161896766
"422",18.3563485808879,12.8606002837221,17.6907662361718,20.7972798190774,18.5801644714046,18.2856257574001,19.1905852741732
"423",28.3860874719713,24.746930927854,28.8253210568301,28.2946084232936,28.4372113454326,28.4634926829623,26.8655734649898
"424",24.0759349278866,24.0759349278866,24.0759349278866,24.0759349278866,24.0759349278866,24.0759349278866,24.0759349278866
"425",25.8661258617093,19.8362292224142,24.8036499729107,25.8661258617093,23.3579192037223,25.8661258617093,19.9534309871257
"426",26.6087662621923,17.0646030411116,23.2864337188997,27.0676444124934,26.3695384815029,24.8738973221548,20.3157147903887
"427",8.23148572785554,8.15281927119998,8.23148572785554,8.23148572785554,8.11438482555832,8.23148572785554,8.23148572785554
"428",6.53676456308086,6.53676456308086,6.54916075513338,6.53676456308086,6.53676456308086,6.53676456308086,6.53676456308086
"429",21.3326618507789,15.9824719123573,19.5679733543753,20.0920626344157,21.7584494729733,19.7736699104999,16.3056470503575
"430",9.71230355372485,9.72065432014256,9.71230355372485,10.0051164128607,9.71230355372485,9.71230355372485,9.71230355372485
"431",22.5628882455245,14.3425805829007,22.5628882455245,22.5628882455245,22.5628882455245,22.5628882455245,14.3425805829007
"432",8.01521954396063,8.1815612581955,8.38623205217849,8.20575349495114,8.01521954396063,8.31533613210457,8.01521954396063
"433",22.5381721093034,22.6309011807864,22.5695685202119,22.763724011597,22.7533043516531,22.8003895795922,22.562239071646
"434",23.2181195519156,23.2181195519156,23.2181195519156,23.1272306446791,23.0659610350466,23.140829267499,23.1720719707401
"435",8.7444726822851,8.33763356680402,5.17751726263683,4.3877648775854,4.58005416410039,4.56789381599343,5.75400119596717
"436",3.238306361293,3.238306361293,3.09715887800136,3.238306361293,3.238306361293,3.238306361293,3.43740049850768
"437",17.1357252012664,9.57256045997249,8.24788190967616,8.24811592152346,7.41706212155707,8.1231502492096,8.77751254436997
"438",5.95081348259678,5.82761802196934,5.73441200303288,5.14913493613392,5.38434725878131,5.4699682906757,5.44508664164602
"439",177.545184328226,52.7260834943291,63.2909053993587,213.128387399545,398.693625222486,146.276805085144,61.7782152722885
"440",121.385576833011,152.29589784287,140.956058579749,103.832494455301,225.940825141209,146.237544924771,113.140115393573
"441",84.5478554054965,177.151933571367,145.53402960551,80.2427224525458,237.043367634413,211.166654346542,142.394272561882
"442",129.310875234728,31.0177992585065,30.1345000289143,170.909749731623,122.807626062015,30.3235476796645,28.4983619311922
"443",353.763576792014,563.799805197633,449.880815871749,311.917496820807,603.392455074433,449.159346849995,464.739637376011
"444",11.9539899011148,12.8928276570947,11.9539899011148,11.9539899011148,11.9539899011148,11.9539899011148,11.9539899011148
"445",614.092928991063,131.845290136429,306.992850776712,781.951348229398,881.389479937701,228.311168470804,138.533153283436
"446",12.1600977393407,12.1600977393407,12.1600977393407,12.1600977393407,12.9523552340901,12.1600977393407,12.1600977393407
"447",448.939437636509,122.219082386586,154.913882947624,648.781043158109,1445.42820926723,295.894410210407,115.723593651082
"448",97.2396080411591,267.29340556468,218.023745357043,97.2114134663252,329,329,271.038163141781
"449",199.819906726585,207.037094086788,196.289494454683,181.672485407745,202.316958314911,196.494855786035,200.395869834997
"450",15.2392426623556,15.2392426623556,15.2392426623556,15.2392426623556,15.6568252530081,15.2392426623556,15.2392426623556
"451",6.85022964349352,6.8348750225961,6.85022964349352,6.85022964349352,6.85022964349352,6.85022964349352,6.85022964349352
"452",16.0560536118807,13.9105338218407,15.0460235257788,15.7666316114292,16.4830098332454,15.9280077370513,13.5178922577984
"453",14.900992421182,11.6219161270353,11.4837263809395,17.6148267511327,22.1017356750645,14.6536275078237,11.2007657820512
"454",15.2264594347382,15.2264594347382,15.2264594347382,15.2264594347382,15.2264594347382,15.2264594347382,15.2264594347382
"455",19.8612108665026,19.8612108665026,19.8612108665026,19.8612108665026,19.8612108665026,19.8612108665026,19.8612108665026
"456",12.4111935833008,12.4111935833008,12.2243426298383,12.4637335536075,12.4111935833008,12.4111935833008,12.4111935833008
"457",10.7866311761615,10.7866311761615,10.781472861465,10.7866311761615,10.7866311761615,10.7866311761615,10.7866311761615
"458",4.49568480038295,4.49568480038295,4.49568480038295,5.57773344312009,5.57730803120843,5.57730803120843,5.57730803120843
"459",5.88951591403022,5.88951591403022,5.81867164136313,6.87742681631646,6.87742681631646,6.87742681631646,6.87742681631646
"460",114.576565506041,142.319702320781,127.503379570177,127.152407742688,125.4577977751,126.613340105018,141.573875990922
"461",6.822735495412,6.822735495412,6.822735495412,6.822735495412,6.822735495412,6.822735495412,6.822735495412
"462",6.25636886420591,6.25636886420591,6.25636886420591,6.25636886420591,6.15253594569584,6.25636886420591,6.25636886420591
"463",10.8441573744577,10.8441573744577,10.8441573744577,10.8441573744577,10.8441573744577,10.8441573744577,10.8441573744577
"464",12.754174293045,8.01109055648905,13.2371560601935,8.37452719933197,7.68605468981349,12.9643386901119,13.5573830311307
"465",9.30780583818957,10.6593047031122,9.06741767682793,9.06741767682793,9.06741767682793,9.06741767682793,10.6593047031122
"466",9.20247502985666,8.14329676405161,9.20247502985666,9.20247502985666,9.55380720513848,9.20247502985666,9.20247502985666
"467",7.47426010672065,6.53240955827618,6.47237077028702,6.47237005819002,6.47237005819002,6.21869576718835,5.6379515351874
"468",11.5271226431681,11.599302927328,11.7361015918828,11.4845570123525,11.710587495101,11.5707841481246,11.5509230517411
"469",8.91076867516512,10.0699699964335,8.92788538992351,8.92775350364197,8.92799906846528,9.05283025297988,9.64717231352447
"470",169.575862087788,28.1806590252763,32.9137569690993,32.7595367323536,33.0217199432121,169.204772202307,35.7117211436863
"471",9.1425595328703,9.31389297205482,9.23241345405614,9.37058064118951,9.1425595328703,9.1425595328703,9.16307596353553
"472",13.1472936972801,13.1472936972801,13.1472936972801,13.1472936972801,13.1472936972801,13.1472936972801,13.1472936972801
"473",115.858406035821,22.4590450720842,19.318946249155,21.9786800653836,21.2725948815949,116.89109218575,14.5077815939983
"474",38.3652106706985,23.603980940245,19.8271459024672,19.4214809526077,19.8172639231084,38.3652106706985,25.3159209844823
"475",24.4848451257469,14.2211331005623,10.3256038930748,9.54179364921381,9.62719969516918,20.6769217270006,9.68720022997829
"476",7.60701706969755,5.71692723493734,4.35346137021225,4.17765392665675,4.495455363661,2.81164175872097,3.12456557246408
"477",20.3539137373088,8.06589648128162,8.46364129845046,8.44642550349648,8.44642550349648,8.44640206020108,8.06589648128162
"478",9.97374685424543,8.54397797429478,9.83946320710598,9.94474343358488,9.63903761145314,9.7247475842324,8.29034127265148
"479",18.023707309001,16.1678410286815,18.3225732316048,18.613549291604,18.3225732316048,18.3095426711855,16.2779609353601
"480",7.71311496040038,7.18701939196268,7.08253379257914,7.42510803818796,6.96870167918912,7.16163960194843,7.16208395988932
"481",9.01123161764735,9.01123161764735,9.01123161764735,9.01123161764735,9.01123161764735,9.01123161764735,9.00795833392382
"482",21.1397916281613,21.1397916281613,21.1397916281613,21.1573633866656,21.1397916281613,21.0002871125065,21.432513002857
"483",3.8552367486849,4.75986511732084,4.98099411303024,4.98099411303024,6.57738540781911,4.98099411303024,4.98099411303024
"484",6.88249910620096,6.88249910620096,6.88249910620096,6.88249910620096,6.88249910620096,6.88249910620096,6.88249910620096
"485",7.55289292339835,7.55289292339835,7.55289292339835,5.79691636094736,7.55289292339835,7.55289292339835,7.58975235632746
"486",16.1237199800517,14.7810239859449,14.9863911901042,11.9545975314508,14.4311978725419,14.8749195149989,13.4421961208333
"487",10.4647970237479,10.9268873554994,10.5305677730055,11.3968750183579,11.0463445728586,11.4367501128018,11.7420397881996
"488",5.91881221774694,7.10595830079196,5.11783105021112,2.05891575240098,8.58316530380114,8.00809699366296,7.35474740474632
"489",6.97841609733201,6.97841609733201,6.97841609733201,6.97841609733201,6.97841609733201,6.97841609733201,6.97841609733201
"490",9.84254452071999,6.51437713584433,6.03173558862011,6.66121723721227,6.57447117619098,12.738374344372,7.95723429231094
"491",6.69232127501463,6.67754937531805,6.41258624833718,5.93724257764071,6.1925590889843,6.5588030247798,6.53813072273913
"492",11.1069398824202,7.24765973449507,7.21867693774352,7.21867663930133,11.1068610381959,11.1069208136722,11.1069208136722
"493",8.14578671797926,8.99951474974187,7.49665729360123,7.15990822822663,7.00044167708137,7.18074435218917,8.48761737360006
"494",15.494346356363,19.4305444373101,20.9341954281676,24.9702107994497,18.0972987689075,21.5012333990356,32.5513709944976
"495",7.80739130648615,7.22338703778965,7.22338703778965,7.22338703778965,7.39896355479793,7.67628222681125,7.51874249523964
"496",9.83110435795421,9.83110435795421,9.83110435795421,9.83110435795421,9.83110435795421,9.83110435795421,9.83110435795421
"497",5.76169463627188,5.76169463627188,5.76169463627188,5.76169463627188,5.76169463627188,5.6552426523837,5.76169463627188
"498",21.4966701369486,21.0803631342763,21.4790177669325,21.5986303423717,21.1510351869861,20.7696626338755,20.7286591996349
"499",17.2484099555209,17.2746699108737,23.165906858876,27.855661059345,28.0752282405925,28.5042944538087,15.2646122668855
"500",12.3481894342791,12.0107537424865,12.0107537424865,12.9509156481399,12.2280309533698,13.2194936799656,12.0107537424865
"501",11.7251816495134,11.7251816495134,11.7251816495134,11.7251816495134,11.7251816495134,11.7251816495134,11.7251816495134
"502",7.10522109383363,7.26931728958938,7.08478059034258,7.08478059034258,7.44459599302399,7.15299950563228,7.10026885930858
"503",4.89740375530516,5.00525566450532,8.53580487005002,5.65176904405597,4.88921295739677,4.88921295739677,4.88917748502089
"504",11.6645382175237,9.08992811893489,6.47866525888474,11.4999955240142,10.8114351019248,20.3777840688728,11.6540031006713
"505",7.1067621024859,7.1067621024859,7.1067621024859,7.1067621024859,7.1067621024859,7.1067621024859,7.1067621024859
"506",6.54658641344932,7.44418091846896,9.36858724207281,6.41431811074741,5.87420242049627,6.41431811074741,6.22923816599734
"507",9.29436779010787,9.29436779010787,9.29436779010787,9.29436779010787,9.29436779010787,9.29436779010787,9.29436779010787
"508",8.9282700358802,9.11101221558577,11.2385970821082,11.4118804311383,17.0799116779771,8.5433682610536,8.42119470207374
"509",8.03428398438259,8.33992298748796,9.05824795213926,10.3901601972878,16.7002839864047,8.40779077306689,7.68016834301906
"510",8.15053519748754,8.01307851835449,10.8008373504759,9.66258331241519,17.321937015436,7.22588659873335,7.34826261410045
"511",10.9613547960956,10.9613547960956,26.2496063488849,10.9613547960956,10.9613547960956,10.9579181908657,26.2496063488849
"512",10.5161405137997,10.5154365893227,57.9360423670302,5.36178898730903,5.3382811512878,5.34497028641441,5.36178305273488
"513",5.45520379125419,7.10928804942532,11.4482852958623,5.82317619801089,5.86086257909709,5.89796740901431,24.3891952044162
"514",7.04575051348453,5.99827060918779,54.1482144758572,3.45346593730871,3.45346593730871,3.80228923136352,3.47721785331899
"515",7.96583321188648,15.4214221290649,34.0530092533139,17.3454060813842,7.28976040135709,8.54034894637761,10.5473162526525
"516",7.52338378765558,7.54092698758122,16.1851659123691,7.52338309971242,7.51646798885458,7.52338378765558,21.6745937506585
"517",7.81368782319642,7.81368782319642,22.0261030948263,7.81366705538906,7.69713563143693,7.81368782319642,48.3631841747506
"518",9.69905014842695,9.58979365512043,9.69905014842695,9.69905014842695,9.38832539225543,9.69905014842695,9.69905014842695
"519",6.2308985606402,6.02671560317247,6.02671560317247,6.05067654964103,6.02671560317247,6.13822178867486,6.02671560317247
"520",17.217192522816,16.9411947999053,17.5620324615608,17.5065655704328,17.0928737561809,17.889037961741,17.5027246816527
"521",11.2822505726498,10.883723551239,11.0510056922227,10.6828520392073,10.8369751719632,11.2638857551238,10.9972669792751
"522",224.112075420756,222.834831597063,268.330044307314,254.523749349839,224.112075420756,221.378354008116,222.725611172146
"523",375.423565765315,778.075968726035,367.274462090764,1557.14234492615,304.71857583299,375.570993398892,396.852640084409
"524",59.3196686235183,51.9005189576788,54.8057497880866,56.0607122394413,59.3196686235183,59.3196686235183,54.6311600773865
"525",31.1089124943616,30.2718442597005,28.5253694278135,28.8094479004236,28.5866052944601,28.0464546064243,28.9987567780704
"526",162.944144473266,405.122728071533,162.944144473266,648,152.487507371742,152.487507371742,153.709232379316
"527",172.577803149107,174.538953159051,172.577803149107,262.646035045842,172.577803149107,172.577803149107,172.577803149107
"528",202.884603242171,202.884631291586,202.884603242171,293.789081234361,202.884603242171,202.884605626341,202.884603242171
"529",50.1417576041459,50.0833869771011,49.9454478262434,50.2520412455318,50.188004010438,50.1580169561407,50.2970247769736
"530",209.754089212554,523.09873064603,262.442156001522,789.399304765899,495.139413654055,193.816166498217,194.7544450024
"531",106.413265399137,106.76062938704,108.726698312413,210.421766920315,134.253037712173,111.511812097582,145.894522702234
"532",38.8077464810887,42.5030350567109,53.6295825310035,0,63.5003051366265,47.2696614772827,0
"533",176.241022505193,172.742963594812,161.14017246784,776.084926313105,161.853474929211,168.305807845992,176.628581716133
"534",170.515740550471,168.054568983094,178.025926055005,198.206035793055,161.513899917865,172.778607001393,166.720066659069
"535",17.6639522739215,15.3211479697769,17.3464497893116,16.6352095273549,17.6707724935713,17.6639522739215,15.4242578479437
"536",11.2741958002488,11.4289277094446,11.2741958002488,11.2741958002488,11.4577560263204,11.2741958002488,11.2741958002488
"537",7.79192950527423,7.77647360523256,7.79192950527423,7.79192950527423,20.8601212827678,7.79192950527423,7.79466302153796
"538",9.44003077796622,9.71177331637999,9.96834587967205,13.0605295366585,24.5360350939134,10.4736850661737,10.323928168533
"539",28.239915627019,28.170633881625,28.239915627019,28.239915627019,28.239915627019,28.239915627019,28.239915627019
"540",12.9165283872335,12.9165283872335,12.9165283872335,12.9165283872335,12.9165283872335,12.9165283872335,12.9165283872335
"541",14.3547927625497,14.3547927625497,14.760586522014,14.3547927625497,14.3547927625497,14.3547927625497,14.5384539504222
"542",8.11111534580275,7.78404578539323,5.68131800982319,5.86062630523358,6.79125454762555,6.24205017501817,4.50525479849886
"543",8.34284075035395,6.05828208341819,8.68680784426308,8.61934989779157,8.97913556456352,9.09349830420841,5.85133493669233
"544",9.632150033854,9.30943914204864,9.53954533362749,2.44255688269489,2.40192224771442,2.40192224771442,2.43277832326138
"545",11.7741782152133,11.7741782152133,11.7741782152133,11.7741782152133,11.7741782152133,11.7741782152133,11.7741782152133
"546",6.18638035215299,6.18287802809815,6.13378656744485,6.16165943574785,6.20987641687899,6.18418330259251,6.15389042063406
"547",8.13040290852569,10.3860329123371,8.1472233874855,8.11827091524661,8.15293682506129,8.16069897632654,10.3326319764705
"548",5.56531577309201,5.56531577309201,5.56531577309201,5.56531577309201,5.56531577309201,5.56531577309201,5.41877349642529
"549",39.0652970644781,21.6414766974567,20.490276782623,20.4531369522535,22.0592394709669,31.0663081137672,21.6515828958451
"550",8.03577500854999,8.36798127550688,8.03577500854999,8.03577500854999,8.03577500854999,8.06190292549439,8.03577500854999
"551",27.3817578786218,25.2758514658119,33.1689155560451,26.5638889518273,26.6948860758067,26.6909649679628,25.3613818740932
"552",29.6458398927291,25.2911024179345,35.5881040245188,27.3471365119267,27.1218879792138,27.8511390200481,24.6707391226345
"553",13.6821711235113,12.7124685042902,17.4882120231349,12.884960816784,13.4783258723676,13.1287362396452,12.8200720898242
"554",19.1754791631163,19.1754791631163,19.1754791631163,19.1754791631163,19.1754791631163,19.1754791631163,19.1754791631163
"555",21.2042867762483,20.030188837348,25.4463590485016,20.4151581113068,21.005810620861,21.5700848213857,21.7546851192334
"556",23.0214465425078,16.6733519555071,29.3952832916501,21.0882880365696,20.9345808897604,20.8351262814488,16.2243702327933
"557",30.0119850157854,28.8233491077744,33.1573125166184,30.2010682761616,30.0119850157854,30.0119850157854,29.6217687079266
"558",18.3708521759548,18.3708521759548,22.5058162647761,18.3708521759548,18.3708521759548,18.3708521759548,18.3708521759548
"559",13.5535830141948,12.6482826812821,15.182450165369,13.5535830141948,13.5535830141948,13.5535830141948,12.6482826812821
"560",16.2249667457238,16.2249667457238,16.8731420614997,16.2249667457238,16.3101743334306,16.2249667457238,16.2249667457238
"561",18.0339469080076,9.40920768450366,15.6120975966601,12.3190750967057,12.5507894594284,12.0742316769166,9.07196727469082
"562",10.2286634719516,9.51753352645184,37.1237879792935,10.4352597066787,9.6352126796035,9.80314889312335,9.79371235674494
"563",19.1102089603551,16.3587291783348,52.3822611542038,16.5228835243908,17.0822099403848,17.0091273169676,16.4347806839971
"564",15.4618636343506,15.3460300161325,17.605174633131,15.7280361199921,15.4818248883957,15.4818248886745,15.3460300161325
"565",17.5520897510681,14.4983330037201,21.8459948917968,17.9508397565965,17.9508767338936,17.4838782686314,14.9231845786734
"566",12.1055350596721,8.97892810113306,17.3529080429144,9.23828042614169,11.6538597448222,11.397373339508,8.52029613970737
"567",13.6512683841102,11.5702584209226,12.719427343929,11.7817825279303,12.532202405682,12.6349001375357,11.5342452209539
"568",72.1666818151052,72.1666818151052,177.971908021605,72.2335099872848,72.1666818151052,72.1666818151052,72.1666818151052
"569",65.7224387113756,66.4349929493219,174.838586912905,56.9610718316041,65.7224387113756,66.2129151089462,66.5652157713852
"570",54.775788177766,52.8373312585027,142.079918134306,49.1373645496966,51.764521162831,52.6178313748529,52.6687365291667
"571",73.432678648841,73.432678648841,158.403856896305,73.432678648841,73.5092271664979,73.6221729930264,73.432678648841
"572",22.0008775586838,22.0008775586838,50.9295321755088,22.0008775586838,22.0008775586838,22.0008775586838,22.0008775586838
"573",39.3799440198389,41.3166592550044,96.3492215336504,39.3799440198389,39.3799440198389,39.3799440198389,39.3799440198389
"574",32.7816134398435,29.8209736313811,76.4602281223853,36.4753211237483,32.6399722749561,32.7816134398435,29.8202900420483
"575",31.6581481814174,27.4770339248392,81.7312722181846,33.3535899312405,31.4230899755873,31.4384882825105,27.4770339248392
"576",23.2805806190617,23.2805806190617,49.0394047773765,23.2805806190617,23.2805806190617,23.2805806190617,23.2805806190617
"577",26.6203132391351,27.8050866395037,74.2953738095966,26.6203132391351,26.6203132391351,26.6203132391351,26.6203132391351
"578",16.9619362152212,16.7901082227498,48.5731171260815,16.9619362152212,16.9619362152212,16.9619362152212,16.789232308682
"579",36.4456048346691,36.4456048346691,80.8297884328903,36.9331243044002,36.6314965096308,36.4456048346691,36.4835040437756
"580",33.4389243479467,33.4972969798316,92.9838472859457,33.4389243479467,33.4389243479467,33.4389243479467,33.4389243479467
"581",27.459917671673,27.459917671673,58.1151836420777,27.459917671673,27.4599152390281,27.459917671673,27.459917671673
"582",51.5911406186814,39.6689592621296,128.518021533334,47.0580408077319,44.0361919957283,44.5356905551252,39.3597054081344
"583",17.6162557815357,17.6162557815357,51.051412797556,12.655164512392,17.072808808629,17.6162557815357,17.6162557815357
"584",14.8892045115561,12.6343614743679,42.2101009816627,14.8686727926831,14.8726435995029,14.8897309542085,12.6343755731868
"585",30.5380836805308,27.9872574831394,95.5629617470216,23.7441204958609,28.5826229555732,29.1719454447929,27.2828472338007
"586",17.8334321766747,16.4583569880046,58.1996636964959,19.3459639248112,17.4862434582066,17.4735336794702,16.3967404111961
"587",15.6971445312836,18.6166432946575,50.9688906838753,16.8052905698927,14.3953552696578,14.4508265217074,17.3083047716047
"588",8.1904243009776,8.1904243009776,8.09102476653156,8.09102476653156,8.09102476653156,8.09102476653156,8.09102476653156
"589",8.30759951869998,8.30759951869997,7.96529356529108,9.20156740813344,7.96529356529108,7.96529356529108,7.96529356529108
"590",9.24266960593156,9.24266960593156,9.09929036271865,9.09929036271865,9.09929036271865,9.09929036271865,9.09929036271865
"591",8.03859236579101,7.67264838781294,9.90061551240891,8.87045310537729,7.8836421165132,7.88371387924829,8.58629305635164
"592",47.2192538835406,39.7340712500525,45.9136023162998,46.9907155744529,46.2104162007385,47.3367062622067,41.9308598311063
"593",26.1033644151835,22.8010906475112,26.1033644151835,24.984688705855,26.1033644151835,26.1033333735145,22.8010906475112
"594",9.99143334848962,9.60670448302688,9.88005987473699,9.76454656974686,10.0499273466813,10.1685030451044,9.4225373836694
"595",46.94472610567,37.1120644414594,46.154332877727,46.0160229093707,46.5394565890342,46.9446552406666,37.0563757286998
"596",49.9146670495288,42.6785503891746,49.4384812074953,49.9346904885251,49.3860090031653,49.9366628282762,43.3204010913338
"597",45.5377854982106,33.7854250203001,41.2616665613372,41.165880810715,41.2250413317242,41.3035657573677,33.6715388409931
"598",93.3839062565073,68.6107183914748,86.1948126453467,86.8684944118169,86.3782806062919,86.9460708549778,69.6574332384405
"599",105.880675605445,82.7350173472533,92.6216282516089,92.6379960269875,92.4762235598213,92.3648316445913,82.3360764187843
"600",66.8712403561457,59.8886103174907,67.3488273561092,69.7165384689538,69.5370684723807,66.2771632211243,62.6210848882294
"601",99.6437871977682,86.5783296008551,97.7631174791752,97.276367395323,99.6437871977682,99.2711018018986,86.5783348385365
"602",49.374943213407,37.0956478141683,45.0622468221791,44.7434746215157,44.8086210366819,45.8521716024093,37.9574270197465
"603",82.157116168737,73.9377656704275,81.0603255310241,82.157116168737,82.0778311606608,82.1021921984015,73.9377656704275
"604",48.1241462617836,41.6310076452866,47.8093262620431,48.5505400249412,48.099131814041,48.1238672706591,41.9514522957407
"605",34.9128195255625,28.208338994711,33.6251368323735,34.6992092568097,34.1198368897633,35.4102841188844,29.9790612295585
"606",42.9835319122613,33.9403829654808,41.2876053709868,41.0299269638508,41.030031924099,39.7794339977077,33.9722776345744
"607",45.4509589689054,37.7768427407454,44.809209195451,45.5997883601197,45.5998336086969,45.5998336086969,37.9328747978959
"608",52.6916718736103,43.9460451271831,52.6215378644751,52.5388753154608,52.4889275696074,52.3906817813372,43.9460451271831
"609",8.16478037739463,9.115604831664,8.33358215768648,8.45349245637734,9.27245142656383,9.90552552329884,10.137224034761
"610",9.96365698273049,9.96365698273049,9.40560157122855,9.35474165248115,9.91006943188116,9.96365698273049,9.40560157122855
"611",10.9437357177505,10.2372522277164,11.4352319425023,10.9407933148738,12.8174498563412,12.7882185713075,11.9290379820565
"612",12.4449896096487,11.0696973520196,12.0322787628932,11.6690380997038,12.5614990686037,13.0655547789264,11.1209537719226
"613",9.07379365487122,8.43467474723769,9.34430940052134,9.46371307513937,10.0707563122017,10.5107328552755,9.24704657258802
"614",8.05977450970413,4.50904900320556,7.98718307715888,8.1820139916795,8.14708728544391,8.23806088853212,4.48756503226127
"615",9.97682854977998,10.3652331169368,10.0813562836516,10.5380904275663,9.97682854977998,9.97682854977998,9.97682854977998
"616",17.5969126225357,15.9091739109056,18.4379449387551,17.0633355936675,17.1819699290118,17.0620342007953,15.9889692683282
"617",5.87123290819586,4.90712531643499,4.53931331645474,5.36601222734516,6.10396774920414,6.47582255900744,5.39145333759241
"618",7.58630174911296,6.1734165757183,7.54460076992923,7.58630174911296,7.58630174911296,7.56096142794848,6.16267133951672
"619",33.9513463836435,25.0344498841066,31.7581084390727,33.2654156712194,30.419821765738,43.067183469664,32.2259303284473
"620",37.5969719600098,36.406520788739,39.9907525509894,40.2375345420874,40.4191015366929,52.0384626918455,43.3074299914959
"621",28.4583727649194,28.8573858011348,28.3890772625316,28.4583727649194,28.4583727649194,36.0059697279573,36.0059697279573
"622",23.084525246943,32.4236183337332,47.7891777398445,19.9366457321056,23.2019050388624,28.8276976770878,24.389912351752
"623",23.2056855983063,20.5075674015132,23.1993432974928,23.3216187223977,23.1716385355809,27.8247687205502,22.983627538323
"624",31.0985497863807,26.0042285290055,29.4277881289692,29.2634143869318,28.6224902988225,40.6075049575324,38.0892863705644
"625",25.0118614848844,23.9293175032527,21.8289475622746,25.0118614848844,23.3711313045301,31.4132986622844,30.064344016648
"626",31.024481659684,32.5078363969376,33.4176048666368,33.3807222320145,33.4176048666367,42.8802157692373,40.5699718189643
"627",19.8337671840165,15.9116685067844,18.941394767064,18.9490067227704,18.9573088956654,21.8193115078809,16.8565116977706
"628",18.845076151317,16.8386710372087,17.3927405700997,16.8386710372087,15.7920245045915,17.2079295056266,17.5926639243976
"629",19.9469988794645,19.2495678907055,20.5563997668855,19.9562867532101,20.7417954073175,24.6687916978065,21.4969730332804
"630",21.9998019305524,21.5933097879278,21.3944962469125,22.4209577658917,20.5034807132275,22.0187671964548,23.8444744898498
"631",22.8253172163389,18.7512608767704,22.4300001846995,21.9086921665204,21.9204232155088,23.8769411239789,19.8929567153549
"632",26.8239559020838,21.9251309164669,26.6379995193273,27.2535442851342,26.7213676225738,35.5054943226274,27.9837087010672
"633",16.5862863828754,16.5862863828754,16.3452564789097,16.4531309364326,16.5862863828754,18.6464256869658,17.7519226304185
"634",11.6868114218477,9.25257169530585,7.00886723373008,6.69599060394485,6.62549280504807,12.4505505707106,10.7189766000274
"635",13.1817360985945,10.8787395157654,13.7088789018666,13.7254430866748,13.8754907877921,13.5227594224644,11.0689085726934
"636",8.88838636482502,9.32157596284105,9.55596621131877,9.70728598599691,9.29101520904466,9.29101520904466,8.48153787005823
"637",15.3130943000583,15.3625069437149,15.3130943000583,15.3012285269888,15.3130943000583,15.4634689949925,15.3130943000583
"638",7.85666142149791,7.86832441524219,7.85666142149791,7.86741365519137,7.85666142149791,7.85585292797136,7.86199698537428
"639",17.7582561142769,20.7008479660663,18.4183184552569,18.900741111603,18.4183193935033,18.306044892068,21.0911120385297
"640",32.3416825129137,13.4622451658122,10.398172866578,10.4657735488273,10.4428836147917,10.3981595132574,10.8889659662085
"641",5.84874562082795,5.99288909690887,5.84957598037347,5.89322687552148,5.95214408624946,5.99883917197692,6.07215810313772
"642",7.08345146012061,7.16634199795575,7.08345146012061,7.08345146012061,7.08345146012061,7.36360149481092,7.08345146012061
"643",7.17518716158546,7.17518716158546,7.54763817728555,7.17518716158546,7.25640605360347,7.17518716158546,7.17518716158546
"644",16.6944524364707,16.6944524364707,23.6006530050289,28.6890019996285,28.6890019996285,20.4192891447662,16.6944524364707
"645",12.8191921706032,9.67835851433621,17.4791969334758,21.2816044718108,21.7010389053957,16.6694929468717,10.7283382516407
"646",11.3259293428355,11.2382399456295,15.8326495782393,18.6827331997629,17.8961563560957,16.2927834800509,10.7265018997154
"647",41.9363228226745,36.4610138555097,57.5609938742413,83.870439851144,57.8329507310994,52.685072525848,35.8121821940727
"648",46.1507445581906,39.2140175027064,62.408806799433,82.537859197015,94.4778560548646,63.7944406283263,60.7804452728986
"649",20.7436156039914,20.7436156039914,33.2857701381785,43.8799970548881,36.4784328772314,20.7436156039914,20.7436156039914
"650",11.6265974124924,10.3399732574792,17.8481960467363,23.7467704207527,22.6882740393114,22.6882740393114,8.82688000639181
"651",28.022223697942,24.5170906204853,40.6710991953855,64.9977741411285,49.2760975428915,50.2234022255514,43.1719655088532
"652",29.2431711566454,26.7666131297611,48.8241280652817,70.1333052830283,74.9465926564491,32.4730452486867,22.0231764382704
"653",20.1763657167229,14.9306160788389,30.2841049649862,37.2399878523063,33.3151097721061,21.151414975292,13.124356890958
"654",45.7375549071159,45.7375549071159,45.7375549071159,45.7375549071159,45.7375549071159,45.7375549071159,45.7375549071159
"655",37.9091999098475,31.129254099852,37.3080684795639,37.055078744357,35.9897512839093,34.2985486837064,29.8007520872617
"656",9.68038076695512,6.49306389274278,9.47202238194277,9.95994906831288,9.40814967240498,9.5019081549644,6.36785237510768
"657",8.85773119031249,8.85773119031249,8.85773119031249,8.85773119031249,8.85773119031249,8.85773119031249,8.85773119031249
"658",11.67244464228,11.67244464228,11.67244464228,11.67244464228,11.67244464228,11.67244464228,11.67244464228
"659",5.84704546902375,8.14136793856102,12.4770106836166,6.76403909910422,8.93539797884392,8.51941734955059,8.51941734955059
"660",6.50165454812409,6.50165454812409,14.7007734332252,6.50165454812409,6.50165454812409,6.18732367535125,14.7007734332252
"661",18.9619106279018,18.9619106279018,18.9619106279018,18.9619106279018,18.9619106279018,18.9619106279018,18.9619106279018
"662",14.3449464545209,14.5381816253965,14.5061892380392,14.3920081534621,14.4828412790263,14.368366907323,14.3449464545209
"663",22.5720392497445,22.5706684508027,22.5720392497445,22.5720392497445,22.5720392497445,22.5720392497445,23.0981751857369
"664",26.3725185223795,25.0593186495459,26.3725185223795,26.3725185223795,26.3725185223795,26.3725185223795,25.0593186495459
"665",43.8192017637265,43.5107423086576,48.1678355284505,48.9003393034384,45.9558754944088,46.6668271078562,40.8447613407971
"666",18.4305089303801,18.4301799975751,18.4305089303801,18.4305089303801,18.4305089303801,18.4305089303801,18.4305089303801
"667",43.5572364612038,43.5572364612038,43.5572364612038,43.5572364612038,43.5572364612038,44.3840499822258,43.5572364612038
"668",33.0600665914112,29.4476784711911,32.1528692893507,32.1528692893507,32.3571798425811,32.360304726631,28.7012594563139
"669",20.2059495762048,20.0832392265675,20.2059495762048,20.2059495762048,20.0703701724949,20.4139939968202,20.2059495762048
"670",45.2541783613393,43.0198689604668,46.2538815686592,48.1079933819026,43.0031524908311,43.0029111569082,43.7169148732874
"671",17.6985442594631,17.1327351350659,17.6985442594631,17.6985442594631,17.6985442594631,17.6985442594631,17.6985442594631
"672",4.78570855506504,5.76725709020069,4.55010485840711,4.78570855506504,4.78570855506504,4.78570855506504,5.92631262495323
"673",9.59718971932174,9.71023897372611,8.76911130085741,8.8838113806026,8.57444651771151,8.57444651771151,8.44788646023815
"674",7.42756770400926,7.42756770400926,7.42756770400926,7.42756770400926,7.42756770400926,7.42756770400926,7.42756770400926
"675",17.1895306111953,12.7513904046501,27.3544584725231,16.9411148008699,17.0714873803131,16.9017319715105,12.8774364615483
"676",22.0827613826613,22.0827613826613,52.3267365513931,22.0827613826613,22.0827613826613,22.0827613826613,22.0827613826613
"677",15.9701336376534,13.2575181506102,15.8923579642029,15.9065567951138,15.90285749596,16.0672369702768,13.2479907492627
"678",15.4227492233315,11.8713110278077,13.2606175239051,13.0888848278222,13.0821825954286,13.0821825954286,11.6016316229659
"679",9.64568326590727,9.58913883415883,9.45059639547837,9.45059639547837,9.70642804831011,9.75025880609775,9.64568326590727
"680",16.4059433592714,13.7117437284687,16.6515609628551,16.802136552605,16.2644085214816,21.3942871747303,14.163085688525
"681",5.54222064314142,5.54222064314142,5.77260374167091,5.77260374167091,5.77260374167091,5.54222064314142,5.54222064314142
"682",34.4608092938567,33.8727295803767,50.8341864037074,89.5434303494886,53.6123453349924,40.6027568036018,31.7091241604491
"683",36.8188012958093,34.9874365521086,55.5397007731961,78.5456348977702,50.5889731509709,32.8892029829287,35.0804477392107
"684",27.5061452153733,88.2497320299916,24.2335516839036,27.5061452153733,27.5061452153733,27.5061452153733,25.5635579245196
"685",24.375802240246,70.862496098624,24.6794117654488,24.6794117654488,24.6794117654488,24.8171435494123,21.949301499684
"686",26.8315217622173,96.5992330183118,26.8315217622173,26.8315217622173,26.8315217622173,26.8315217622173,25.0448800127031
"687",39.7604561548704,113.912663821815,39.7604561548704,39.7604561548704,39.7604561548704,39.7604561548704,39.7604561548704
"688",28.6236622469357,97.9711457875996,28.6599557795271,28.6195814477746,28.6195814477746,28.6195814477746,28.6036183056262
"689",29.5458223359558,90.2778827549527,29.5458223359558,29.8009040515582,29.5458223359558,29.5458223359558,29.5458223359558
"690",36.0377797880619,85.9282530434058,38.4284630867104,33.4653988544256,33.2098956140311,33.1582139693472,27.0273846089022
"691",19.8979292947186,57.3727991892917,14.6979627689292,16.5662390094949,16.2680691546197,16.8288809102173,14.1919696199127
"692",14.6197425563941,37.3470906345334,15.1476966139663,13.3053264093126,13.1774358018529,13.197018463332,10.0167537097495
"693",26.0761316798401,89.0153876330528,23.6179345414353,26.0761316798401,26.0761316798401,26.4460495941302,24.4196460381503
"694",42.4205159730742,42.3971831726961,42.4205159730742,42.4205159730742,42.4205159730742,42.4205159730743,42.4205159730743
"695",6.18977607995109,5.82472184099301,5.93243381290899,5.99791537522591,6.18977607995109,6.34726252693918,5.77393927078082
"696",11.5661898743543,12.1238063775481,10.9373792763343,10.8343775589901,11.5078761771357,11.4863377913462,11.7261610615303
"697",12.2722801776332,12.2722801776332,11.8948394311154,11.8959075976806,12.2722801776332,12.2722801776332,12.1445730572055
"698",12.9708128397884,52.8060936590711,12.7666359768171,12.9708128397884,12.9708128397884,13.8940234399361,11.2959991144328
"699",9.22792999859131,8.56597596676108,30.0512682701563,11.0819428751646,10.5181095787868,10.512991860866,10.3168585275767
"700",10.4306575066932,10.4752046157766,10.4651359529818,10.1072060091477,10.3623020595693,10.4306575066932,10.2364390044258
"701",3.95935933125306,4.56664076346471,3.52721182948823,4.06660130194819,4.06660130194819,3.94148627947745,7.26919123587341
"702",36.9736648415562,44.5719012156875,33.2241338005996,40.3879480651404,32.6535260963096,29.1403226542339,36.1983059092435
"703",5.66246784211264,5.66246784211264,5.66246784211264,5.66246784211264,5.66246784211264,5.66246784211264,5.66246784211264
"704",9.14926375790965,8.72213461683771,6.94821505768619,9.14926375790965,9.02968496601571,9.14926375790965,9.14926375790965
"705",7.32458626176063,9.01392644107832,8.99267400177284,9.18089452456848,7.32458626176063,9.02903279575525,8.99743238734493
"706",184.931804347135,184.294877513197,184.25377021546,184.811864603548,184.302212872374,183.579382306168,183.379600671401
"707",635.952485315682,629.765229198467,644.195422851904,649.741884083265,645.737396957411,636.314881296604,627.527849009891
"708",787.339169027695,787.602968351917,787.339169027695,779.052254746231,782.768221312661,787.760542689441,787.339181472649
"709",64.0676481865907,65.9863910484611,63.8783728494423,63.0619422431544,64.063789471232,63.8577672464241,66.9186018559333
"710",7.83336615402125,7.83336615402125,7.83336615402125,7.83336615402125,7.83336615402125,7.83336615402125,7.83336615402125
"711",5.29642891091097,5.36576448918553,5.36576448918553,5.36576448918553,5.36576448918553,5.36576448918553,5.36576448918553
"712",4.09348059312495,3.93659910449508,3.98982668652077,4.09348059312495,4.16872008399359,4.09348059312495,4.12407488752695
"713",40.3497524210924,43.9473741214148,40.3497524210924,46.0459214067814,40.7617144203552,40.3497524210924,44.1471026262321
"714",10.8105754436936,15.6312598803464,20.3468191992813,22.7000193643004,27.360514540616,19.873374253414,9.4266900789555
"715",5.65219717092207,7.72385021676587,7.7137307603312,7.72052290801312,14.49199676646,7.25029952134002,5.65219717092209
"716",7.7452419926877,7.7452419926877,7.7452419926877,7.7452419926877,7.7452419926877,7.7452419926877,7.7452419926877
"717",17.8309177434246,17.8309177434246,17.8309177434246,16.4412683626129,17.8309177434246,17.8309177434246,17.8309177434246
"718",3.41404856509522,3.89544731562919,3.41404856509522,3.38166436582662,3.41404856509522,3.41404856509522,3.41881958122805
"719",9.7509246243313,9.7509246243313,10.1042991685598,14.9235139052317,10.0439832354336,9.7509246243313,9.7509246243313
"720",11.0094995617096,11.0094995617096,10.7082962984583,11.0094995617096,11.2986791172841,14.3557934504113,14.3557934504113
"721",55.5372405386536,15.0910021952166,12.7971370796982,13.6720734164228,17.4229816120543,71.3938621012125,14.2471573454757
"722",13.4773246370226,13.4773246370226,13.4773246370226,13.4773246370226,13.4773246370226,13.4773246370226,13.4773246370226
"723",20.0848237816191,20.1184808415083,47.1124724809034,23.5413373804927,20.100643819743,20.0848237816191,47.0982665792167
"724",6.03147761466571,5.96720370764519,6.04334354301386,6.03147761466571,6.01824605674382,6.03147761466571,6.03147761466571
"725",10.6319069605303,11.3113139618117,10.6319069605303,10.6319069605303,10.3285214503866,13.8778050977406,12.2901571318681
"726",74.5993527060278,16.4152986059855,17.0663554426046,19.5423144077451,24.346608877028,104.721528078528,16.0235952940516
"727",9.72258626874616,9.72258626874616,9.72258626874616,9.72258626874616,9.72258626874616,9.59515674590718,5.51069886689781
"728",13.9550016597821,5.65670790376886,7.26648204754962,7.25579966624415,7.16546609766809,7.1596914704639,5.47756210883955
"729",8.90439060296843,17.7512842896194,5.59565222495299,8.90439060296843,8.38507213841479,7.90942887650506,7.90942887650506
"730",8.08242983409787,31,14.4471756837981,2.21268465166879,5.46635542298075,6.81241732384549,7.56569401335435
"731",11.0922852070404,16.600048657025,10.181132929341,11.0922852070404,10.8298152726539,11.1243941265669,10.6483892828978
"732",8.10320725871483,23.6942017369259,7.66687982112661,9.88260217136053,7.67651471275127,8.20578096215789,7.78978315430031
"733",2.97171302605644,2.99958802486657,3.26967654805838,3.24925478569696,3.50624368123805,3.25999375052969,3.23759747065481
"734",6.97231113583456,6.97231113583456,6.97231113583456,6.97231113583456,6.97231113583456,6.97231113583456,6.97231113583456
"735",13.4804032766346,13.1580925046966,13.2226015895734,13.1580925046966,12.8902276572099,12.9514296043056,12.9496296969312
"736",7.79954856006712,6.54547042578434,6.53257467928483,6.10624899653192,6.53257467928482,5.21054688764785,5.28093572334117
"737",14.5572998369138,14.6165319265228,14.5572998369138,14.602730713352,14.5572998369138,14.7282362592667,14.5572998369138
"738",6.5579898071432,3.2433942406342,3.2433942406342,3.24339521939697,3.2433942406342,3.2433942406342,3.53214743076871
"739",9.78383700070721,9.43995872121966,9.84152563616731,12.0152880487325,11.83181600398,9.15038908412066,9.49682323703195
"740",3.72646147490131,3.72646147490131,3.72646147490131,3.72646147490131,3.72646147490131,3.90942283371093,3.72646147490131
"741",6.56157927617265,6.56157927617265,6.56157927617265,7.97750313658918,8.44215672348603,8.44215672348603,8.44215672348603
"742",3.89088329082088,3.89088329082088,3.89088329082088,4.42363578470474,4.6195649164945,4.6195649164945,4.6195649164945
"743",20.9983578988299,5.62000965692207,3.98487789857502,4.9981149975895,24.782333891871,18.1920345209927,7.70933371589138
"744",6.10941024022859,6.03041573481416,5.54007170816121,5.63359336992221,6.070853661084,6.22023225923208,7.7429684089905
"745",4.54563348220971,5.31187590392806,7.07085072113546,4.73671332557087,4.41285354655496,4.54563348220971,11
"746",3.65259685812954,3.00928829578924,3.96162926031103,3.64867099299256,3.31334000466347,3.6374353413179,2.79454559501898
"747",2.59301429662301,4.20835226878204,3.76823213164176,3.76823089924366,3.96808572158437,20.9673257613547,3.15118100496563
"748",16.8584853971402,16.8584853971402,16.8584853971402,16.8584853971402,16.8584853971402,16.8584853971402,16.8584853971402
"749",4.90652607566093,4.90652607566093,4.90652607566093,4.90652607566093,4.90994194868806,4.90652607566093,4.82443576788017
"750",14.5247262267789,14.5247262267789,14.5247262267789,14.5247262267789,14.5247262267789,14.5247262267789,14.5247262267789
"751",25.8065498424226,22.6215544938778,26.4433622809232,21.6182990030278,26.2624089588196,21.2369262524153,29.498255144717
"752",4.46161866916532,3.73384922311932,3.64580920449422,3.6643888712243,3.60789607303035,4.27790556435156,3.97494045517015
"753",9.36864631092363,1.83065303681576,3.41468742738908,3.54669016496385,3.18660293294722,3.5124916162927,4.3633561492009
"754",4.04265082119465,3.13879971872366,3.05408169897356,2.58050613230331,3.04351270310157,3.32365381672041,3.35426340942609
"755",10.9262521737452,4.8406934853564,8.38669354353662,0,15,15,6.91945967372593
"756",12.5699401021752,9.42551791640993,13.5001001700227,31,31,0,9.05883521765782
"757",9.59436905067548,10.2073210304191,9.59436905067548,9.17461205399804,9.40289284496384,9.59436905067548,9.59436905067548
"758",10.5475930362903,10.2071575946319,10.2944699694349,0,21,21,10.3058296638184
"759",6.60444791427362,6.60444791427362,6.60444791427362,6.60444791427362,6.60444791427362,6.60444791427362,6.60444791427362
"760",15.126955716304,15.2317077936091,15.1186405748208,14.5233092826883,14.4844072524897,14.4844072524897,14.4844072524897
"761",16.0828397839986,16.0828397839986,16.0828397839986,16.0828397839986,16.0828397839986,16.0828397839986,16.0828397839986
"762",6.44373886406485,6.44373886406485,6.44373886406485,6.44048803033469,6.44373886406485,6.44874213517256,6.45523138801184
"763",9.57108256121642,12.0834125010042,9.7815186255629,9.819942109261,9.94458991236977,9.84152394333692,12.177848507452
"764",8.85138438017422,8.85138438017422,9.73265439792273,8.85138438017422,8.85138438017422,8.85138438017422,8.59172003184849
"765",5.3857123069983,9.18956672402267,3.09059410272119,3.45905238987945,3.29464710228889,7.69220178395896,5.90495890607628
"766",19.733041569353,19.733041569353,19.733041569353,19.733041569353,19.733041569353,19.733041569353,19.733041569353
"767",5.73491845407588,7.17608622279491,5.63435795291031,5.60464717028493,5.80448964749297,5.80045247387481,7.2571716052334
"768",14.1226780422572,16.0421153807141,12.799550458949,15.1520231205802,14.0434293062642,16.3422519392424,21.6054527325948
"769",13.7539731960155,17.7324651218879,14.2050667132448,14.2050667132448,13.2297089356832,13.8964813523312,17.7920501378953
"770",5.77746752816124,5.77746752816124,5.77746752816124,5.77746752816124,5.77746752816124,5.77746752816124,5.77746752816124
"771",2.7425621728784,2.7425621728784,2.7425621728784,2.7425621728784,2.75107176059906,2.6880248868961,2.40647012131591
"772",14.4525644011757,14.4525644011757,14.4525644011757,15.0177585099469,14.4525644011757,14.4525644011757,13.6863856594106
"773",8.29470969908787,8.29470969908787,8.29470969908787,8.29470969908787,8.29470969908787,8.29356279383618,8.29470969908787
"774",29.8591638704228,27.8463713944612,30.5101299257392,29.7472951769814,38.236100451606,29.2570666853424,12.1709773993055
"775",10.2361748458168,10.2484513800768,10.247557007095,12.5723974748487,9.53310993229559,9.52985221940426,9.52156120115143
"776",4.56506493591053,4.56506493591053,4.60502097534695,4.63606378332894,4.50763016216103,4.56506493591053,4.56506493591053
"777",4.85040222999737,4.86710326197776,4.85040222999737,4.84066936607962,4.79848018403426,4.80647981548844,4.75564590188281
"778",36.440279468421,23.215186312935,23.215186312935,23.2047923509803,23.215186312935,23.215186312935,23.215186312935
"779",8.49678643004206,8.49678643004206,8.49678643004206,8.49678643004206,8.49678643004206,8.49678643004206,8.49678643004206
"780",3.4907864142318,3.4907864142318,3.51444524473712,3.4907864142318,3.4907864142318,9,9
"781",14.1815548382365,15.0792975446169,10.4661414067136,10.8600204275672,10.8600204275672,10.8600204275672,14.1815548382365
"782",11.8826516004565,19.8141179463846,8.51584628770867,11.8826516004565,11.4885783639632,11.8826516004565,11.8826516004565
"783",9.8896427191679,14.0447032632435,6.15341172851212,11.282071942921,9.8896427191679,9.8896427191679,9.70394726696196
"784",19.2605267254017,19.2605267254017,19.2605267254017,19.2605267254017,19.2605267254017,19.2605267254017,19.2605267254017
"785",13.4294431956817,21.9869285840679,11.3376878936852,13.4294431956817,15.0640492852068,13.4112712174319,15.1578127871098
"786",9.38670692493916,11.2184460900693,9.46611250280959,10.138763784255,10.138763784255,10.138763784255,10.138763784255
"787",8.71975448725425,9.67583318809458,8.71975448725425,8.71975448725425,8.98938814181476,9.13999607492381,9.80641795807374
"788",9.96552331832876,8.12385415978746,9.39819071495733,9.60690434582317,10.5504446015072,8.15492521519472,11.638990628298
"789",4.37433838745431,4.51561164808821,7.0578065083065,4.40745322465028,4.73822263453102,3.99224124872962,4.73822263453102
"790",3.29029276388782,3.29029276388782,3.29032007882784,3.5092316581771,3.29029276388782,10.4430820459516,3.29029276388782
"791",11.2037277175845,11.2037277175845,11.2037277175845,11.2037277175845,11.2037277175845,11.2037277175845,11.2037277175845
"792",10.5043034725951,7.23881261137597,6.97516068040398,6.95517017055872,11.368437463497,10.630456772162,7.1605516812879
"793",3.95058310364696,4.85602723620214,4.85602723620214,4.85602723620214,5.19248774365714,23.1720763478384,3.69341684375753
"794",8.9038155582565,13.0390359088845,8.9038155582565,8.8332465189599,9.20319924917385,9.52348550702404,13.1151196884478
"795",3.52304618732761,3.52304618732761,3.52304618732761,3.52304618732761,3.52304618732761,3.52304618732761,3.52304618732761
"796",4.92365701859578,5.61035051637072,4.92365701859578,5.01221988615768,4.75354731657132,5.03913308966482,5.61035047106432
"797",10.8135767953325,10.5213609872607,22.8432028040595,9.53082673029449,12.9036158868955,12.8429488056398,13.1360692876631
"798",8.68185679420827,8.54723219536878,21.3775283221605,8.85064483268874,9.52193131699018,8.95204401374176,9.065298742941
"799",5.96921670454495,5.60447249593783,11.3275043330944,6.98544304185249,6.29163480918192,6.49788063565597,6.54852034128009
"800",9.82909763246354,9.87216315502459,19.9794907230923,11.4686385320824,10.3995792435677,10.3995792435677,10.7645324037208
"801",19.2198579652535,19.2198579652535,19.2198579652535,19.2198579652535,19.2198579652535,19.2198579652535,19.2198579652535
"802",7.89019094289299,7.89019094289299,3.89604249973546,7.89019094289299,7.89019094289299,5.02760329356692,7.44487742499652
"803",4.98352047994691,4.74128635097277,4.98352047994691,4.78900981793318,4.98352047994691,4.98352047994691,4.98352047994691
"804",14.4192712428035,17.3876795894137,20.8803029841255,17.8482181299787,14.0874911865634,16.2806539464926,21.4166686269594
"805",4.05064192706586,5.4664029293499,4.07133563151435,4.46157640941686,4.17028847257073,4.91785843196333,5.54460375753855
"806",25.3358819804561,25.0731655387821,25.3358819804561,25.2230609746263,25.3333839929541,25.1883444494392,25.5441579724055
"807",39.001256865503,35.4801165293854,34.8314083081354,34.681214082354,33.1238919362571,33.4854550510837,34.936194056883
"808",57.1345901801675,57.1345901801675,57.1345901801675,57.1345901801675,57.1345901801675,57.1345901801675,57.1345901801675
"809",20.4549862699225,17.5043959380411,20.6565286509204,20.2338507349403,19.547829295713,18.9470124569277,16.9205465745988
"810",172.705327900528,177.471677595756,177.83860222511,171.944182708703,168.919430116553,177.822623323227,184.311602279434
"811",6.37809666225889,6.57039284883628,6.37809666225889,6.37809666225889,6.37809666225889,6.37809666225889,6.37809666225889
"812",66.7442431052949,66.7442431052949,66.7442431052949,66.7442431052949,66.7442431052949,66.7442431052949,66.7442431052949
"813",25.125154511799,22.2601096531405,26.3711419975707,26.3246727184821,26.3694607086092,25.9293390804897,22.9488527192492
"814",138.486445667054,141.156980382641,140.04500478936,151.756202066916,170.369076162915,172.902978345117,176.746193034779
"815",437.359005327475,428.881368128349,436.565653813205,432.872419468995,428.278778460239,427.279804077602,437.827720728737
"816",11.071936560688,11.071936560688,11.1188091546488,11.36384671222,11.071936560688,11.0821058876444,11.071936560688
"817",14.3301843812625,12.1374261489779,14.7732276876454,14.0989022216695,13.9603645706872,15.16853781944,11.8330721987311
"818",9.06076649152961,8.79546753306314,8.78915566486167,9.06076649152961,9.06076649152961,9.06076649152961,9.06076649152961
"819",54.4633783884654,187.51574075794,153.812650185157,128.175004786849,131.905543315866,87.6149063692062,106.094539561147
"820",9.85964671086628,50.5568930012745,33.2560009380177,27.9813065940156,32.6201183176676,21.7515146948773,24.5660969502356
"821",36.7699160377564,12.3184159481972,86.4813373259368,59.4992929466278,44.0702493760378,29.6157469322837,12.3333390160437
"822",10.6945825069678,10.6945825069678,10.6945825069678,10.6849358906805,10.6945825069678,10.6945825069678,10.6945825069678
"823",21.6280515766206,14.8150676382367,12.4895764883967,10.2385273869173,10.9127710610213,11.5417693875664,10.3243732781854
"824",22.7728279505511,10.0760976734712,10.073638418432,44.7986346920368,7.30096495759193,7.17366137902126,7.54024408516237
"825",20.3041501496768,20.3041501496768,20.3041501496768,20.3041501496768,20.3041501496768,20.3041501496768,20.3041501496768
"826",3.54593434995025,10.4023806442134,3.78081641863963,3.3685176009496,3.44304055155043,3.3685176009496,5.18024272505341
"827",3.84130895139042,4.42105029494759,3.74299643312477,3.72259816293455,3.81098352419589,3.8257201411581,4.42105016251139
"828",14.1608154036685,10.2983237632593,7.98517408656292,11.4932768229202,24.3935540743012,13.9737380941482,7.98517759209615
"829",5.11809436812331,4.93852463148416,5.0049542899193,5.0779436845009,4.79362037371699,4.79362037371699,4.62717731819592
"830",4.90937912541271,5.69291902601989,5.28486531442284,5.31017087624377,5.321126141679,5.37140557987723,5.57127900140149
"831",3.98541839142033,3.98541839142033,3.98541839142033,3.98541839142033,3.98541839142033,3.98541839142033,3.98541839142033
"832",5.97859927133852,6.41510529481122,5.97859927133852,5.57313293455084,5.97859927133852,5.97859927133852,6.41510529481122
"833",8.88755766489599,9.00081356846787,9.22491244439273,19.3135003274256,18.7519885554213,12.3380353027171,8.88755766489599
"834",5.15137729281861,5.15137729281861,5.15137729281861,5.15137729281861,5.15137729281861,5.15104410949284,5.15137729281861
"835",2.68038935672618,2.68038935672618,10.175238900347,6.82064915039682,2.80584314076834,2.67585887471238,2.68038935672618
"836",37.3797072752358,53.3617639779562,35.3821035797669,36.2529369134161,36.1597347006649,39.2124895458606,38.3716971086309
"837",42.0807882994761,42.0807882994761,42.0807882994761,42.0807882994761,42.0807882994761,42.0807882994761,42.0807882994761
"838",16.6984460815764,16.7371740484671,16.466246688722,17.3557209723802,13.0627536716222,13.4076461056621,16.3973493406793
"839",10.3720279847866,10.3720279847866,10.3720279847866,10.2350747575524,9.51435474372947,9.51435474372947,10.3720279847866
"840",10.3167816688495,10.3167816688495,10.3167816688495,10.3167816688495,10.3167816688495,10.3167816688495,10.3167816688495
"841",52.0937982642843,66.6862621700722,39.1941805856871,38.8283167010912,31.2097198153271,31.2284942096341,52.4015729373373
"842",16.2149957561656,15.189056706186,12.604316794449,12.9120484483128,10.8295527040803,10.8295526701505,16.3194937432673
"843",27.0741802760112,26.4292480108472,20.6853141892335,23.8005286867324,19.7393622696937,18.7013484173484,24.0980119417958
"844",41.5037903888945,42.9151412211182,23.2683856643164,23.9564177897257,21.3486983053977,22.1226527533319,37.8222317726978
"845",12.1921159441887,12.1921159441887,10.5646553486393,10.1324237986301,8.48796622299898,8.48796622299898,12.1921238440636
"846",51.9763302760231,33.8159039658862,17.0091549322246,17.8353003612668,9.67288532677369,17.281228565801,23.8680363495541
"847",18.1384218256025,17.9368270273095,14.2793322063131,16.8851515185544,10.0464575304986,14.3829150979009,21.9588327751095
"848",24.455045561597,15.7292794539599,16.990331983074,21.0023037317256,15.0860742098979,15.9483364548209,18.864889236851
"849",35.5006985954602,35.7074959228441,25.8865686099517,27.1274048129123,22.9300519158958,22.9329859140029,36.1184314025368
"850",16.361451115999,17.8280958548927,12.1720707527876,10.9302163232074,9.9000992550492,9.91280540736406,16.3614549976425
"851",14.2882971054052,10.7637217291185,10.7451605861461,10.2960693417301,7.61505268317368,9.82406927721082,11.3427452742935
"852",14.3616883341978,15.9611825813397,11.4844077401747,12.0853227705639,10.2340461909495,9.96129236642766,16.2879323233581
"853",25.0380470388994,25.9904929448009,18.0537617637623,9.81964849823557,9.77123741288675,8.50361563610677,14.6731320719835
"854",25.5725020820889,26.477811912205,16.3008145594165,16.2831145118455,15.8083807545368,13.7577165137171,22.3627958564749
"855",19.9236153498527,19.9236153498527,18.9039679970015,17.6791794536834,15.8410689241815,16.3926522477792,19.6993936407085
"856",28.737027579797,25.0295239938014,16.7093030206832,12.3226933710007,10.231287581721,10.6892083030185,18.4285257139221
"857",28.0999285885189,0.714987625791131,21.5061125809741,0.219310890971389,6.27514637956739,8.27834275481746,10.3291949823189
"858",35.4731296210459,23.0339320093297,19.952626663134,25.5828666477642,23.5506262148682,20.527661973927,27.8533685535259
"859",21.0014182996177,18.1027905575696,18.7354149730223,17.6452613151094,12.7776532963147,12.8695712866347,16.1023194360236
"860",30.0926736796782,22.0532250321514,16.6533009883108,22.6823765545508,15.3183850125228,14.1650000367774,21.48655607369
"861",27.8903820677601,24.7619607951967,24.8494776116895,25.3284991940268,20.9857835761919,20.9857835761919,24.7619607951967
"862",41.8541664975259,25.5832794886432,24.5854892303067,20.9758330841763,20.9009449268613,19.1277266732869,29.522730476814
"863",27.049756791777,17.851715546187,21.6443827587022,21.6792818457793,17.0944497721482,17.0716422926278,18.6253988547146
"864",55.4766514128318,55.4766514128318,46.9755466568105,47.5484944540989,39.954925915584,39.954925915584,55.4766514128318
"865",32.2936403236437,32.4034361335714,30.000270126334,28.2415270357626,21.644902021473,19.3320344449187,28.9247919465766
"866",53.2179074683591,53.2179074683591,44.9494231052666,39.9574288065917,29.6916106529031,29.6916106529031,53.2179074683591
"867",31.1794997780332,31.1098757166614,26.7458392467313,26.4349074107505,24.23471633743,24.1091289494959,31.0841043726251
"868",39.2066089328067,44.5981889182375,37.0155558894213,29.1816839751086,23.2820354434053,23.149749459963,38.8362005385349
"869",57.6816744513254,55.347207712563,40.9146923584639,37.4539201654303,33.0755864713295,32.0026197158871,55.8338971324458
"870",23.3178468162743,23.651632437161,19.6992220057403,17.192491264248,15.3592059158156,15.4085362413519,23.2036058378885
"871",36.4988337989632,39.9806324148784,26.7415000314742,24.0027526611681,18.3528400426266,18.5855220977705,33.6080532890403
"872",22.9656927930355,20.0222898273755,18.6345246000333,16.8575740648429,14.664964083898,14.664964083898,19.7746555062611
"873",30.8727906238945,16.109125819688,11.3576725646437,14.0487270594109,12.6028671499149,12.0263535580633,19.0909240830697
"874",28.3928788108599,28.3928788108599,23.7101797875057,25.1165966004062,18.7182638905782,18.6975552700755,28.3928788108599
"875",12.6150073245977,12.6150073245977,12.1679209905965,12.421612876017,10.2291259753918,10.1547736292981,12.0121308026125
"876",16.4673541524108,16.4673541524108,15.8523684379378,15.0057787743652,12.8995182169807,12.8995182169807,16.3707061317716
"877",12.9619359700266,12.7453432056726,11.9448092173964,12.4237939559728,9.58017343822515,8.55161486449922,12.0223302214686
"878",80.5498182307078,24.249121962466,172.818550672907,143.450110911824,38.4174487216169,50.1676969778286,24.2452270964882
"879",6.46445930857385,16.0983868056423,14.8855417620896,14.2071795899254,14.4940706477445,10.0787499633829,13.043018906401
"880",7.95466579162046,14.4236192873341,11.8309397326658,11.668091646053,11.668091646053,9.14426174702625,11.5021771888793
"881",5.10001573374877,8.41820341826472,5.10001573374877,5.29106396025018,5.10001573374877,5.34375692098519,5.10001573374877
"882",3.3815471469666,3.29724673833853,3.3815471469666,3.3815471469666,3.3815471469666,3.3815471469666,3.3815471469666
"883",3.72029041879625,4.48337278633309,5.29472717329618,6.18572760776173,4.4683402041847,4.39170654720183,4.17735295583315
"884",3.24582342973137,3.24582342973137,3.24582342973137,3.24582342973137,3.24582342973137,3.24582342973137,3.24582342973137
"885",4.68879343379015,4.93593306401844,4.94371251631766,4.41737304975207,4.5367131733003,4.60999348101647,5.0528057841924
"886",6.66231976539072,6.66231976539072,6.66231976539072,6.66231976539072,6.66231976539072,6.66231976539072,6.66482364541301
"887",12.9054014468184,14.0997777801284,28.3805371047916,32.388219639015,16.2992508520443,14.1400710070721,14.7188862731262
"888",7.5431002028108,7.89663797297777,13.0667050750747,15.57696694003,9.66960111507693,7.54111185812267,7.54148993317516
"889",12.7891111323896,12.8238082499308,25.8671164251357,26.4419247948191,23.0522895630219,12.8238082499308,12.8238082499308
"890",8.31801263518879,8.31801263518879,8.31801263518879,8.31801263518879,7.93336088178962,8.31801263518879,7.76096331943829
"891",6.4427276725048,6.39300022636834,6.39923763131297,6.46114990302651,6.39300022636834,6.39300022636834,6.31682260305556
"892",8.58502855999203,6.79263203511306,8.26874402075419,8.49912899848697,7.67701946378896,7.42706489917421,6.60174375960544
"893",17.6860310085486,16.6135424689378,30.4066606436701,31.3725208698709,21.3401976083843,16.7868563780061,18.2153774848476
"894",15.8477758887501,14.8858856376899,24.1582680133334,28.0423795445336,18.3619948999827,15.8477758887501,14.88588563769
"895",7.91936258529651,7.91936258529651,7.91936258529651,7.91936258529651,7.91936258529651,7.91936258529651,7.91936258529651
"896",9.22513881250492,10.8624723258396,9.29252481090378,8.9900351559836,9.32440568144064,8.84524454790682,10.0779847878362
"897",8.05487842634527,8.05487842634527,8.05487842634527,8.05487842634527,8.05487842634527,8.05487842634527,8.05487842634527
"898",41.4652287853824,43.8563581645807,40.9425781860896,41.4652287853824,32.2026435879331,42.3261472023776,43.9917088513399
"899",107.649698533549,107.649698533549,107.649698533549,107.649698533549,107.649698533549,107.649698533549,107.649698533549
"900",69.640620538471,94.8317693984013,82.6180638276335,81.1570226553135,82.1874852714256,82.6482835207597,160.007291728677
"901",31.8014243013462,31.4427618243878,33.0482470368809,34.9524839101247,31.8014839668118,32.5196906488375,31.8014839668118
"902",360.294290888252,468.806952970612,428.502892195942,429.24024387918,425.949497589455,429.720667434206,863.847286389922
"903",10.904845651365,11.8867809440173,14.5678376023576,13.663419800815,13.4647800562137,13.8133716474711,15.1414215767235
"904",5.70325434184608,5.70325434184608,5.51296569129144,5.70325434184608,5.63753932910289,5.4051577239439,5.70325434184608
"905",102.475947393906,112.831154375729,101.814011037754,102.548361080911,97.9627576367578,104.323914054395,115.744553625591
"906",12.9852561815637,9.8997210857728,17.7823955299414,16.8345740957576,15.8718425689059,19.7229052243079,23.6988184616751
"907",125.327806937525,127.62234147448,125.287110105771,127.27224870197,125.232197712071,125.78196053073,125.297392385214
"908",291.312827435752,301.401794780541,301.401794780541,301.401794780541,290.514134533876,301.401794780541,364.943253458338
"909",81.2059307209205,78.1608279904072,37.1041961650415,37.1041961650415,37.1041961650415,77.0274043434444,84.0770352309248
"910",39.6396472605009,51.6878560214288,19.8285638044186,20.6329892534165,19.7017993215533,36.2878757698603,50.3759115704783
"911",15.8937213322043,22.6471412604255,18.338205055385,17.2321666188466,29.0367207577798,20.471229604465,20.4214852908513
"912",22.225985620675,23.1674616773563,28.9566963228429,34.346508274257,25.4611450259926,22.0720894358786,23.2924549658089
"913",10.0614940967619,10.0614940967619,10.0614940967619,9.79312858785827,12.8830618822564,11.4600700454662,9.7439979321982
"914",4.4612114931062,4.4612114931062,4.4612114931062,4.34286105835723,6.01923278811327,5.52134022657373,4.4612114931062
"915",6.66518328306036,6.66518328306036,6.66518328306036,6.66518328306036,7.56579126605622,7.51680861606841,6.66518328306036
"916",23.4590497480266,25.0873960705444,33.5282485037646,43.4105455968042,34.559400288104,25.0993745923365,25.2155513546486
"917",4.41706118587837,4.41706118587837,4.41706118587837,4.44694714577839,4.41177243575144,4.41706118587837,4.46153481630278
"918",21.0265103721094,21.0265103721094,21.0561301032143,21.0265103721094,21.0265103721094,21.1381589509839,21.0265103721094
"919",4.98587783157785,4.98587783157785,4.98587783157785,4.98587783157785,4.98093324970417,4.98587783157785,4.98587783157785
"920",17.2140376561787,17.8649753463155,18.6284846660362,18.275209125684,17.3485812461257,17.5387052483597,16.9564085409319
"921",9.76498010613954,14.5042191742379,9.71387734016338,9.72175220837684,9.71387734016338,9.57267629819963,14.0262989155683
"922",6.2163964094259,6.2163964094259,6.47368448831901,6.2163964094259,6.24419102177124,6.2163964094259,6.32020680282347
"923",11.3635743747464,11.3635743747464,11.3635743747464,10.4477768796217,11.3635743747464,11.3388059365666,11.3635743747464
"924",12.63930477777,9.7975558898747,9.87114509685376,7.88636521732624,7.15767294454641,15.1655205868016,14.7078781735558
"925",7.97773598758674,7.97773598758674,7.97773598758674,7.97773598758674,7.97773598758674,7.97773598758674,7.97773598758674
"926",4.72868564005083,4.72868564005083,4.72868564005083,4.72868564005083,4.72868564005083,4.72868564005083,4.72868564005083
"927",4.9186683569845,4.9186683569845,4.09710946771522,4.9186683569845,17.0303300494852,12.9423841502212,4.9186683569845
"928",56.6662257253979,32.4378954161477,37.8631394978451,18.4764479563417,6.33390411753998,64.6651473388203,30.2481848142776
"929",10.8564506560601,9.52857256963561,11.3365645991928,11.6201731043763,9.49410886969645,10.1278750435412,9.56510681622618
"930",10.4508592013751,10.4113487796596,10.4508592013751,10.4508592013751,10.4508592013751,10.4508592013751,10.4508592013751
"931",10.7493447921778,13.6146560513326,10.5626706675195,10.4317669078011,10.35498776426,10.4367538555035,12.3911096858052
"932",11.5891082641654,11.5891082641654,10.5274546324597,11.5891082641654,35.884414221594,27.6168529078996,11.5891082641654
"933",179.507898413815,63.6214270843151,79.4525977390561,25.5587579887515,11.7432301658339,247.461856324276,65.2190870549085
"934",15.5451169847432,11.591867573294,9.38951378296937,9.94451111007456,10.1969530940364,9.32544262946917,8.19454125780042
"935",14.1404889126741,13.9012011659786,13.6346109897127,13.359684238425,14.1404889126741,13.1560016460023,12.8275991179599
"936",6.34024604403725,6.34024604403725,6.02844613491169,6.34024604403725,6.34024604403725,6.34024604403725,6.34024604403725
"937",5.70992868117875,5.82311404988338,5.81588349934026,5.76500896692727,5.71421031818423,5.70992868117875,5.74853779000898
"938",12.3895789893863,12.5333669404515,29.9944247836137,53.140719053451,15.5952431891695,12.4535006215742,12.5336059820357
"939",5.26539810491314,5.26539810491314,5.26539810491314,5.26539810491314,5.26539810491314,5.26539810491314,5.26539810491314
"940",10.8466259971321,13.7323080244654,46.86530224095,24.4526942336776,15.9456013370471,11.0589285547764,13.7342307467943
"941",7.59856694332475,5.84067301841783,7.34223088452253,7.44247904704548,6.89767067774057,6.37442154614412,4.34233845626213
"942",6.265798231785,7.30183562825076,6.71084451298663,6.24407890580883,6.78384222843045,6.28099947359883,6.24407890580883
"943",21.1743642631442,8.88758197287938,10.1521280385822,10.1470338237802,19.1994691229277,22.3153747220528,42.0706502964854
"944",6.19610505802896,6.38930680434066,6.50853012426809,6.19610505802895,6.2292890163927,6.19610505802895,6.19610505802895
"945",10.9442728050504,9.75270141032073,5.46487729754016,8.06409611693798,6.19724118029725,7.29503314564494,5.27434571281969
"946",6.42615390411146,6.42615390411146,6.42615390411146,6.42615390411146,6.42615390411146,6.42615390411146,6.42615390411146
"947",8.14155905742751,9.7686643107975,11.570568152888,11.0892890468271,37.9941392812549,26.2193590672492,8.32684844683498
"948",139.717128663692,52.4239680462277,88.0113448683398,39.7470925400542,13.2149024356926,319.973936052322,52.3080954261787
"949",8.30387130024297,8.81043405428485,8.30387130024297,8.97376720559515,8.30387130024297,8.30387130024297,8.30387130024297
"950",16.0372422225209,16.0372422225209,16.0372422225209,16.0372422225209,16.0372422225209,16.0372422225209,16.0372422225209
"951",4.53373461879119,5.80970725807807,4.51873433364537,4.18466141071348,4.27537721266219,4.72779296682255,5.72715842181866
"952",10.0726931990654,7.5141926967242,7.09080178564539,6.87755367980592,6.70924269182945,6.71152357849974,6.66376419646362
"953",5.45362180230644,5.45362180230644,5.28553215075982,5.35582797348796,5.45362180230644,5.45362180230644,5.45362180230644
"954",6.97989439653597,6.74918251233948,6.6440942654766,6.6440942654766,6.6440942654766,6.6440942654766,6.6440942654766
"955",9.47788876164445,11.1729256744716,9.62844878441505,9.23922087101576,9.70540757325645,9.53197628767295,11.0704399538662
"956",6.0456076388167,4.31272440446231,6.38434456059947,6.55277706248875,6.41497936153103,6.06017806670289,4.36544018948579
"957",4.71582399684827,5.07524229400701,4.89833655281978,4.89833655281978,4.6868840650001,4.71582399684827,4.40767234879458
"958",6.53502789705804,7.28376998310947,7.61971311753724,7.544710662696,4.7902949888774,4.42389775868336,4.25022274973698
"959",7.03444092178797,7.03444092178797,7.06737448712638,7.09413861423362,7.03444092178797,7.03444092178797,7.04490165618836
"960",6.98294915036211,6.98294915036211,6.98294915036211,6.98294915036211,6.98294915036211,6.98294915036211,6.98294915036211
"961",4.40479747127112,4.40479747127112,4.40479747127112,4.40479747127112,5.12748848751137,5.82395316455484,5.90462272460436
"962",5.3057387858642,5.3057387858642,5.3057387858642,5.3057387858642,5.3057387858642,5.3057387858642,5.3057387858642
"963",19.0104168691343,19.6547834333931,69.4961900441748,43.8030938445871,22.3337796472131,20.1659288841662,20.1250591704445
"964",8.27488627870596,8.70663283242815,23.7493435840708,24.3256542090243,8.03947859475024,8.27488627870596,8.40428978151384
"965",19.8222821235955,20.2430595281552,76.8493332398588,60.1674992964141,20.8975548780232,21.2195271733316,21.0142509564517
"966",5.28221031104341,7.37011152056236,5.21687271315177,5.99605995869796,6.01438503580073,5.7521113020211,7.48550833983658
"967",10.2339740571382,10.2339740571382,10.2339740571382,10.2339740571382,10.2339740571382,10.2339740571382,10.2339740571382
"968",16.963860503949,13.590906880734,20.7675772861745,26.2385729361642,17.98464796004,13.590906880734,13.5155519763975
"969",10.3160753073073,9.69059008348041,17.1128702748431,17.8722640274973,16.4495803996313,9.62839986890312,9.69059008348041
"970",18.2647906762015,12.287418936613,18.0113706727279,25.2762068519868,17.6905919999328,13.9837021852665,11.6689855059286
"971",25.1656756794382,22.4067685798423,27.8519438949473,36.1572393026033,26.7971259986048,22.4067685798422,22.4067685798423
"972",19.8614601137809,15.7232194012712,23.1202628527422,25.7212565938876,21.4783994639271,15.7232194012712,15.7232194012712
"973",10.2895007724546,8.06162986173691,11.4037233045669,11.859463075873,9.19547975303014,8.06162986173691,8.06162986173691
"974",21.3585301729734,14.1017219040358,20.1133931611881,24.7386925588677,22.2843956850078,14.5713028095982,13.2475707389268
"975",14.5933275568023,15.3734338879972,21.8117900996738,20.4575128307816,17.0628808672186,12.8159205803074,16.1039903625738
"976",13.3288745031054,6.31673687764537,11.0364896938043,13.3288745031054,10.5756476177155,7.07418719702384,6.31673687764537
"977",48.6154164891009,30.1973648757922,53.6739019983465,71.8450902002344,51.0855907514502,35.6044152709499,27.8624721212993
"978",15.9724751728604,8.72108324805713,17.220016959312,20.2779421873536,9.4938105510301,9.85656651453425,9.37050592758008
"979",33.6708742537898,22.90855757739,29.6698489212243,35.1159996639476,28.1345704036009,23.4551924547395,21.6424037272403
"980",49.5138333108428,35.7611403211741,64.6117377250653,62.4626524344457,43.7247992155279,36.2712658391871,35.761140321174
"981",14.4615834593717,7.96045971805425,13.4572631733718,14.4188225720602,12.7655406940432,11.0146489419279,7.84192192110208
"982",23.317054686429,14.2266966236097,25.7055766701418,29.2550532310126,18.2263249110318,16.8344800528167,14.2352194299003
"983",39.2482210234883,29.4258696868973,55.2490451120687,56.5391185558851,39.3328646003487,28.7245753450491,25.5349375416502
"984",25.4393779620826,9.87377865834325,27.1523930674879,35.9558747112573,26.5318489993908,16.5950841630528,9.25535829110055
"985",20.5485738813806,16.5255750176225,21.44123787854,24.6624379485121,19.3775001246512,16.5255750176225,16.5255750176225
"986",21.5594025056469,17.7231857424818,30.858078245488,27.5610181675991,22.3912409166058,21.8737789866502,17.4258731831564
"987",55.456873838504,36.5582601116655,79.0089631546597,73.7956728042471,54.2837709104253,40.2009051426741,35.7871428757234
"988",16.3998079135354,9.91293137722732,19.4459935271862,20.2551460293288,14.0587367260142,9.885647359432,9.89130189624453
"989",26.150943266334,16.3415596247711,26.9577595737191,43.9391404651617,28.8008884676929,19.2107740324565,15.5301843503007
"990",40.8670456997758,26.6266518798429,39.5236375304896,49.247463953316,39.7830751072992,28.6847366499777,26.6266518798429
"991",24.7928403901517,20.999998155331,27.3341651935881,36.6502260292445,26.5953959466911,20.999998155331,20.999998155331
"992",18.5519109168374,13.4790699165151,18.7868764884861,21.70555954781,17.1537565074204,13.8115121246382,13.171110418325
"993",26.283586373534,15.1795975307958,25.406687676199,32.9405909779696,21.7805125235121,15.1795975307959,18.3802055405358
"994",26.377404959948,16.1835708071893,38.1875260384832,37.3207383437852,25.6713450596537,18.2261954574726,15.9764770575634
"995",18.0439716822151,9.60115648983802,18.4450005846366,22.6607591268329,14.7279892781956,9.60115648983802,9.60115648983803
"996",33.2858634861781,23.4656711315023,42.294799995957,49.4134009615969,35.9752520239372,27.2435932708242,24.2624548213955
"997",26.0196691228418,20.9867648647805,25.9781781806554,34.9054549710582,28.457314002213,20.9867648647805,20.9867648647805
"998",22.8490259529318,20.4454836591394,27.8949225432826,28.9801255317714,24.1002995835635,20.4454836591394,20.4567445224195
"999",53.0026397184963,29.1262733263081,62.7528908263151,65.2331957561853,45.5064404336098,29.1730807057581,29.8853890514517
"1000",24.6833547687983,21.9077679432516,36.9649309977301,39.1102900011668,27.5678181998025,24.4292407797412,22.7901885477967
"1001",57.4476430080674,38.1571061031114,57.9307146593931,65.941042022649,57.2910970737523,41.9977649852477,37.1822468212905
"1002",38.2825188846741,15.9482170512915,56.5691452195021,53.9533396658097,28.1613823099858,22.1666928415884,15.4816961769526
"1003",41.0208903745675,29.3390965044862,47.4359738857461,56.6530899127371,41.7191654953224,33.6416632363876,29.3390965044862
"1004",40.9707096071821,29.4469547473387,49.7662393753646,51.006615140721,43.0393173669402,32.4757534312703,28.9336071635361
"1005",50.1949594999973,33.1555155489828,56.2426104814371,70.0179016131546,53.2979926062085,40.5403561113546,29.8999488708618
"1006",44.9001646622065,33.4114869746913,53.9884448936253,59.7427779278032,45.5339998071351,37.5973796855636,33.8718297521283
"1007",34.0517509711134,23.1762112852864,29.0377922868033,37.2821601140926,29.6102091982075,23.1762112852864,23.1762112852864
"1008",37.6411770672102,22.9959901818363,49.6789340942054,56.4954380185441,34.9014308327418,28.8050513914802,24.2975543951013
"1009",37.4695359787528,24.0398483110314,44.0240655459168,52.1072153172672,34.1115939464331,25.5236853682478,27.8323120943643
"1010",31.5564164566397,23.6899663047012,35.261801492917,37.2375629846469,28.160132090065,23.5754892094053,23.6847942957261
"1011",35.6031620384468,28.8837318410684,39.2560660953101,44.9936997568303,37.3419859375071,31.4648520527838,28.7125512316867
"1012",4.12891337926744,4.12891337926744,4.12891337926744,4.12891337926744,4.12891337926744,4.12891337926744,4.12891337926744
"1013",12.9128881307898,8.26485284757753,14.1129966237096,13.7735593382443,13.4381102105916,11.3422491497931,8.18583617864689
"1014",17.4249254048729,11.1282333838465,18.216947373774,19.0246277704074,17.4449780321474,13.9132546353257,11.1331452037675
"1015",16.0028015230016,11.7103172283397,15.318000816179,16.8981960569582,13.6914369071205,11.9039467990472,11.7507513525562
"1016",12.2207432652446,12.2207432652446,12.2424317026376,12.2207432652446,12.2207432652446,12.2289976538118,12.2207432652446
"1017",6.119012648498,6.119012648498,6.119012648498,6.119012648498,6.02726262320022,6.03233675998402,4.98288326173285
"1018",11.9105894875141,8.4144898926801,4.62979172643134,4.38374928876179,5.11019443925378,7.0577851761489,8.02877844262784
"1019",7.36880667135112,8.3617214626131,7.4288143424834,7.36880667135111,6.68999694517657,7.29381458031741,7.76779919842568
"1020",172.365428744387,83.5955389004446,96.324525425441,54.4358069878462,18.0688495385835,184.922739102176,179.806339505801
"1021",8.93738135420019,8.55257628395389,8.88324604574178,9.3263046208435,9.30039520217751,7.72797538878823,7.015212275118
"1022",16.7845265870969,15.1383314179934,15.2935947645633,16.260443718185,52.2231801659289,30.7722719485997,13.8839258590444
"1023",7.30301976031651,7.30301976031651,7.42311913869215,7.30301976031651,7.28100666023411,7.30301976031651,7.30301976031651
"1024",8.08463421736202,7.91868745944989,8.04442244038336,8.08463421736202,7.81073998638818,8.08463421736202,8.00554249811079
"1025",44.4198535541995,33.7540070825087,28.3401313648362,33.2380592332997,32.5449525652894,29.7674375579623,21.6712957448658
"1026",3.30474633455054,3.37635844449291,3.30474633455054,3.30474633455054,3.30474633455054,3.30474633455054,3.30474633455054
"1027",3.40500125564459,3.40500125564459,5.17683308410967,5.92504594980881,3.99839540117862,5.6264790838459,6.89477326344616
"1028",5.13924719409521,5.22637346901305,5.13924719409521,5.13924719409521,5.13924719409521,5.66604244984264,7.09166561310744
"1029",19.766889272462,24.864306622342,25.6439721203843,13.5052511651626,24.7628412141506,22.047606140881,15.697485425547
"1030",47.3100827004168,36.3422138816296,15.6533324591019,13.1614201549942,13.2541497636957,48.819205169591,37.2578924667699
"1031",4.3635398084169,16.4475831401755,8.87812973147815,12.9646703870569,5.93287943041838,4.44329360479487,4.94299962208762
"1032",13.733351735806,8.54711993743449,4.2313546167587,4.30717624336766,4.30717624336766,15.2429644329572,14.6988215841246
"1033",14.369593268421,12.9996552024864,11.5724055949829,11.6963622744952,11.6795969592428,16.4184663472683,12.7215201170517
"1034",25.4000233769917,19.4970262274922,28.6540440440772,17.3708856820311,27.118236292988,31.7349086176002,19.8418154993731
"1035",3.80580271530591,3.59460994081593,3.3965394276041,3.3965394276041,3.3965394276041,3.6634947474785,4.41898441461413
"1036",4.19513460340577,3.8492822654689,4.43381430937062,4.80255434863369,4.54987723316389,5.00673184485482,4.14030509415706
"1037",24.430488251949,28.9301696761805,25.6904008463627,25.4005325121829,35.3899121065684,33.6571934660601,26.3521031874596
"1038",9.50656910763533,9.92438480216312,5.41980396471651,5.87809382784394,5.08165263081287,8.75939956478618,9.66876860244968
"1039",6.6917565737898,8.66196962437593,7.7965235256534,7.576566606937,8.0257591439514,6.3648100381342,8.56073184792624
"1040",9.26694271287778,10.1819196153515,9.67640386803819,9.26694271287778,8.84058793710306,8.24608228630603,10.6815817973933
"1041",4.91317437897558,4.91317437897558,4.91317437897558,4.91317437897558,4.91317437897558,4.91317437897558,4.91317437897558
"1042",4.2176645387367,4.2176645387367,4.2176645387367,4.3712471111827,4.2176645387367,4.2176645387367,4.32876625727534
"1043",10.5668883129083,12.5251662097289,11.5542968650549,9.72623715258345,10.3328783234066,12.6631989118124,12.9667953910586
"1044",17.5393727535642,17.8530445928446,17.409312160813,10.4228510379131,22.1595670494338,19.6961710203286,15.724217639497
"1045",20.3985536423591,22.0662012038235,19.2930950604036,17.1369541272476,21.7911270198708,25.558552407798,21.7286116160578
"1046",13.6755962522646,14.5208781353708,15.6130418084483,10.7992371576286,17.3065960972981,17.9591274721265,14.5173418369919
"1047",15.0151083705178,18.0475649689778,16.3643847598435,13.8547530649614,15.7767532075159,16.5282006425924,17.0304974324414
"1048",11.0221588637726,10.1644117586199,27.9360882927609,31.7125885197187,11.0221588637726,11.0221588637726,10.1644117586199
"1049",11.8456437459339,11.8456437459339,11.8456437459339,11.4930994171926,11.8456437459339,11.8456437459339,11.8456437459339
"1050",11.690234156699,9.36507116229434,11.1046154955982,11.761221424202,10.7325396938287,9.59049748261561,9.30425293796042
"1051",18.4582287627316,14.9727539225205,16.5301871406203,25.394329650211,24.1231948344072,16.312156468747,15.7643077634383
"1052",22.4251218907307,7.42206483284675,22.1623323632158,24.310689361947,16.990900215503,10.3820560475252,7.42206483284675
"1053",13.6847024068728,28.4180916995293,29.1772514536415,36.8709386157631,27.3386991933866,18.1125067731972,14.8798385925813
"1054",4.96216581210218,4.88086636282253,4.44684006653264,4.41448001520959,4.74010482903855,4.93501361763686,5.23622042330468
"1055",15.9616730994438,16.3509457202847,16.0641591110995,9.64231193562042,15.9659817214544,15.737652715305,16.1263384064432
"1056",10.9516247336626,12.1993466111341,12.4576837526589,8.43452553915146,13.4993417972664,14.0706452172287,12.2472739365393
"1057",27.6733353463025,50.6539720062086,26.7181143812525,10.4303685779083,29.7374539499987,29.0557173083852,29.9486372061792
"1058",26.5420169426935,52.7301051485676,22.6041349594191,7.5919568515153,24.1824530914954,23.930313258663,30.7224640128757
"1059",24.8454123107829,31.9433564366594,25.1292354654172,12.117064606022,27.1977213040124,30.2819464787443,20.5948233709165
"1060",14.1354176252542,23.8622264145971,19.8776209006633,8.91360980378239,14.4881767231519,21.9164918608798,15.8297991051354
"1061",15.5627868397612,21.9513400906677,28.5023802258482,11.3951610650067,16.3897631416814,30.477049820053,12.632638042001
"1062",16.3672340701986,29.2876972783226,15.7757110982702,6.02145309576176,14.2788775745414,16.1268668985151,12.7988657704492
"1063",5.93285300111063,6.35879575147705,6.05396623332254,6.18535617910186,5.97599030582467,5.8985709753804,6.17844367848628
"1064",3.69387154767119,6.90641951052381,5.73830676773096,3.69387147937975,3.69387147937975,2.98831958168457,4.32847238500013
"1065",15.4918784152637,16.0160384104225,15.1405116121271,15.0677719974061,15.1405116121271,15.1405116121271,16.0273095446731
"1066",14.0584359380174,14.0584359380174,13.8319396345704,13.8313413053018,14.0584359380174,14.0584359380174,14.0538388164421
"1067",21.6350052499897,20.4928431234815,21.6350052499897,21.6350052499897,21.6350052499897,21.6350052499897,21.6350052499897
"1068",14.0322126532173,14.1190197662382,14.0681448105525,14.0322126532173,14.0478047683452,14.0322126532173,14.0322126532173
"1069",40.8862570217161,39.585777787694,40.4285179270536,43.5679287305325,44.6341928915814,41.1716425167648,40.9377704867937
"1070",11.9452681882365,8.46344809368348,11.1962637924842,12.714142277601,16.7885446657663,11.9452681882365,8.46344809368348
"1071",11.3435341532511,11.1203578320256,12.7359387831688,14.9043002910175,17.6253783201268,13.1456002084134,9.52252692400994
"1072",22.9711318591465,22.960497626675,25.2666935662842,30.6843797917566,28.4911563979966,25.936110587192,24.3518403463875
"1073",11.1341818623708,11.1341818623708,11.1341818623708,11.1341818623708,11.1341818623708,11.1341818623708,11.1341818623708
"1074",23.2536535721348,23.1411234412892,24.2133492135307,23.8489904660516,25.5023282249614,24.1260116227208,23.0272645520852
"1075",17.6907582423571,17.6907580188559,17.6907582423571,17.6907582423571,17.6907582423571,17.6907582423571,17.4628478310866
"1076",19.5963126656396,19.3040619646389,19.5963126656396,19.5963126656396,21.207136910351,19.4078839708251,19.5963126656396
"1077",10.417373881827,9.94149278314559,10.417373881827,11.7952959817408,12.9996832636757,11.0275202022469,10.0058222273283
"1078",33.2596658427593,25.4093170229594,32.4021096593648,32.0550252118285,30.9889328021891,31.0819553655695,24.0662661744058
"1079",5.81955213751236,5.81955213751236,5.81955213751236,5.81955213751236,5.81955213751236,5.81955213751236,5.81955213751236
"1080",4.82333504940846,4.82333504940846,4.82333504940846,4.82333504940846,4.82333504940846,4.82333504940846,4.82333504940846
"1081",12.2833290814379,12.2833290814379,12.2833290814379,12.2833290814379,12.2833290814379,12.2833290814379,12.2833290814379
"1082",20.5221448788038,17.9525103777398,20.6643323508385,20.8154930001451,21.9027381808443,21.3915973721615,18.6214144774977
"1083",29.8200225071331,26.9783830888894,30.3030446166186,30.3030446166186,30.3030446166186,30.4185633907822,26.8872640111165
"1084",15.9020495073055,12.552486898076,15.9020494341901,22.4260127521495,19.1803934990605,16.1222157222769,13.083234114909
"1085",23.4493540190888,21.5028567814852,23.2820105525208,23.433345826292,23.2695909225414,23.3918146995502,21.8446056349615
"1086",13.1231020170047,9.52729863069782,14.0461376494301,22.2877081990297,14.4180709377309,13.8282480761751,9.66029189588257
"1087",7.03278085270511,7.04347850101134,7.03278085270511,7.03278085270511,7.03278085270511,7.03278085270511,7.03278085270511
"1088",23.1798559369698,23.1798559369698,23.1798559369698,23.1798559369698,23.1798559369698,23.1798559369698,23.1798559369698
"1089",13.4226244816162,17.0040408251414,13.296383625372,13.6795010912153,13.5722638130759,13.4615006047373,17.3067734299394
"1090",17.3857443574374,17.3857443574374,17.3857443574374,17.3857443574374,16.5885263211802,17.3857443574374,17.3857443574374
"1091",69.2134067596226,66.6373059546631,64.6410432099504,66.0980939824936,66.2275805127638,68.0303034334323,65.1220803962213
"1092",202.772239285939,207.563837413543,203.136989375077,208.133185158591,203.954032458625,189.364597060337,207.380301216011
"1093",167.753292047931,173.764956172001,168.892151624601,183.113757852842,171.858867887176,143.295740312875,178.402969757769
"1094",403.70370853441,484.268080070878,407.287375289602,450.100520630261,417.078056346433,352.552174521478,492.244893598999
"1095",165.047056042974,202.268210854969,159.778621541051,184.326268693674,128.922618016824,166.850416796787,163.655757246639
"1096",16.7512803114244,20.3664393596083,16.9743640720744,16.822932566555,17.2604399688858,16.7510739132274,19.6470251273752
"1097",126.553765583054,158.289506628635,128.18174452487,135.590486535394,130.63378082473,152.504314878917,156.614470356198
"1098",359.445642435543,374.024091669753,368.667663521698,386.512991893815,359.249421429542,286.696905725385,370.16340445115
"1099",5.45996200710593,4.51147444667216,6.30593597401973,15.3111580322531,12.6229583076819,5.74584672871283,4.62138456022178
"1100",15.0951126876691,17.7758718929746,17.1301115322418,17.7758718929746,17.1727065924342,14.1689467336188,16.1480198368487
"1101",8.91860507290215,14.513290452973,10.7930523568562,10.4392875564039,9.26645133287959,10.2634185492207,16.032651779373
"1102",3.0950210768192,2.55915103963488,3.37145137361282,3.33852026856961,3.72571919061,3.39870932326208,2.86720703059733
"1103",5.15445031928694,4.88924158274754,5.15445031928694,5.15445031928694,5.15445031928694,4.94789123424126,4.88924158274754
"1104",7.25963182839459,12.2709170529979,9.73907509041611,9.69447438335511,9.73907509041611,9.73960911790663,12.313632940702
"1105",4.14051164364256,1.92552137527389,4.15167677286329,4.08271538909424,4.05783793629944,4.11219802173433,1.97312747787566
"1106",4.53243829860636,2.42629473592621,5.30675797222873,5.15328998885541,5.35658741443891,5.67330551730473,3.46737652821487
"1107",8.1498447514053,6.0061442108642,6.11072302118016,6.08023392299598,5.80193960772875,5.785214646025,4.8011240244866
"1108",8.91477705560747,9.95818444049419,9.98821980730579,10.0232658446993,9.77970266669957,9.29120041849575,7.40425028323189
"1109",24.2235591430031,27.4663636166327,12.6159818170114,6.19520540750183,9.84880461753155,6.01835777914584,5.96084515799121
"1110",24.5427629061458,30.1513048491938,14.1937319410509,9.41454988422264,9.61370519853524,7.14452143845172,6.73074745972752
"1111",5.37823722934105,5.37823722934105,5.37823722934105,5.37823722934105,5.37823722934105,5.27564585471655,5.37823722934105
"1112",32.3218837688687,5.4131663408134,5.79767763573024,6.43148345715155,14.0686745682158,20.3109210999213,13.5812566158136
"1113",14.4165543927026,3.04204000713963,3.50913841390131,3.34017016520314,6.63336057913675,6.79931065483106,6.33889130081157
"1114",58.1189190459452,10.8798131590688,12.5155699913586,14.8334993574577,33.408605988973,33.9611055893686,33.9611055893686
"1115",18.0377786136903,3.07722460122763,3.53369232133531,3.53369232133531,11.0184943515233,9.37504008179716,9.37504008179716
"1116",5.11688132091923,6.1384019194508,7.29115524192018,7.29115524192018,8.74720626977255,6.39575473872458,5.16224446375504
"1117",5.7813324595678,6.78231256490232,5.7813324595678,5.7813324595678,5.7813324595678,5.7813324595678,5.7813324595678
"1118",2.88169296176718,2.84330591257125,2.88169296176718,2.88169296176718,2.88169296176718,2.88169296176718,2.5872209215168
"1119",21.9052971929656,9.62156468248644,6.32010764187517,6.43010355516635,6.76676239473817,6.47342988484248,6.32010764187517
"1120",12.4947048139874,5.4445536329127,4.86270329528081,5.08483209377502,4.94389508083951,4.76768972514548,4.84411788598052
"1121",6.17477671399945,6.21896077812258,6.75870186568066,6.60344359010676,6.46623974286736,7.94612184663187,6.84024322006011
"1122",4.05228747162007,4.56407774999573,3.80644458664051,21.8196699796475,10.7422134433127,4.64013933376803,13.1132318133871
"1123",17.444418809731,16.2486449107103,16.202292869379,33.3957407062147,19.5716326521045,33.9852557071978,41.0305225613915
"1124",24.4568764244122,21.268467968376,23.3499004235757,40.3875059124927,23.2853798256602,38.6881808811394,39.0189464251243
"1125",21.9278848350033,21.8991647897547,21.8991647897547,40.0935550394195,22.1485281485809,39.8437194039138,40.3518843656703
"1126",7.24122647654589,8.3206445029586,3.50095642300478,3.77242338410209,3.73294347759597,3.27698336478239,3.67127766931319
"1127",5.12722284360206,4.68637634378345,4.36968762556044,4.43845234891023,5.4241203131582,4.63875704735611,4.98905832982131
"1128",5.62718109370458,7.34952546379517,5.68623114002953,5.77711512273436,5.66826349862169,6.28962737570477,6.26118897804982
"1129",6.08572439431615,5.90307751565066,6.08572439431615,8.5491607443924,6.08572439431615,8.81867717726513,8.5491607443924
"1130",6.67158309450536,8.33591675382231,3.68580680976568,10.9276951802278,3.59317556658113,6.55203098149239,3.96402616921749
"1131",3.16913134080193,3.00514003138557,2.98546257122845,3.16913134080193,3.16913134080193,3.08091238240938,3.16913134080193
"1132",8.37854555832723,6.67234757886944,8.50787056386721,8.37854555832723,8.37854555832723,15.9043669620435,6.35470062222355
"1133",4.97983349439278,6.30788676681644,5.5348153727161,4.57772934858105,12.3413913694084,18.2552242880119,16.8175214603842
"1134",4.3294346199825,6.99470089780649,5.24489298513644,4.3294346199825,5.08767393756751,15.2296711260506,13.3611688313741
"1135",8.8782015493001,8.8782015493001,8.8782015493001,31.5653861361281,11.6294507044656,31.5653861361281,11.6294507044656
"1136",5.78294906512834,4.95616721368787,4.77206882140313,4.77206882140313,4.77206882140313,4.91549849256547,4.77206882140313
"1137",5.77810686833004,3.77152108886557,5.54686141198639,5.77810686833004,5.77810686833004,5.77810686833004,3.77152108886557
"1138",8.13336741362029,11.4017129573702,7.73541518733742,6.36991679078656,7.54601649574395,6.53894590205566,8.86174093796374
"1139",4.62748902852069,4.55669171110682,4.68767732140527,4.60161448160657,4.53615294943013,4.58650988185251,4.53712743465518
"1140",6.46279773420559,6.82145865105323,6.83111706321077,6.82779992273622,6.7792074079936,6.82145865105323,6.82145865105323
"1141",8.18884818965839,8.18884818965839,8.18884818965839,8.18884818965839,8.18884818965839,8.18884818965839,8.18884818965839
"1142",3.37160161544105,4.6586829199812,3.39741072153338,3.37265971985779,3.39570499251255,3.49288750155247,4.6516661828249
"1143",5.04586150543133,6.15011811415095,4.95315244127141,4.62803265528664,5.16362114131587,5.16362114131587,6.15011811415095
"1144",4.21812838582856,4.21812838582856,4.39723785757849,4.31605591134217,4.42603268357117,4.42664306337685,4.42281697841985
"1145",16.9812702466524,16.9812702466524,53.6000983752972,24.434802163266,16.9891618252292,16.9812702466524,53.6000983752972
"1146",21.1993689674521,19.8684687623185,62.0042884684536,18.9125293477633,22.0211444434619,22.0211444434619,39.1315380529181
"1147",17.0829846840943,17.0829846840943,54.686485630898,24.8517438304295,22.8265184506868,17.0829846840943,54.6861890945398
"1148",46.1018078745412,43.2261620564846,219.5909201383,75.4914783422569,46.1005928264816,46.1018078745412,169.431837146887
"1149",26.9717286224311,25.2487301297122,127.977465801455,57.7866239249368,26.9717286224311,27.2514542390256,120.03273052355
"1150",19.8300067223919,19.8300067223919,111.727790484111,45.0035526088254,19.8300067223919,19.8300067223919,111.727790484111
"1151",28.8700404461252,28.8700404461252,123.994209419716,58.4900509097432,28.8700404461252,28.8700404461252,123.994209419716
"1152",21.9183135549234,17.9234787009484,82.3543054918781,34.6676266612203,21.2282312602201,22.9331940992063,65.9726902115059
"1153",30.7914080508236,31.6920980448552,138.369885398536,74.2678277620933,34.9448327897956,32.3128158536424,137.044860634675
"1154",16.2825304406805,16.2825304406805,62.9426861653126,36.9052031322398,16.2825304406805,16.2825304406805,62.9031888322755
"1155",18.3126132278343,17.3087578635724,66.9872366009466,40.3280871729356,18.4620689941306,18.3126132278343,70.7368333514198
"1156",26.4501350741971,24.4421122399926,106.298025354854,30.1493288724779,25.572997033081,25.2078076524767,99.4717889114269
"1157",8.66479258379206,8.66479258379206,54.7797050944851,24.4760997284387,8.66479258379206,8.66479258379206,54.7797050944851
"1158",29.0165498594723,29.6786706706634,84.5512966121962,34.9180208303306,29.2726279578628,29.9288040953693,83.567359285106
"1159",21.9146322740973,24.3020474815091,77.2979547240106,30.8110448597962,23.5616862309343,24.3020474815091,80.1952903659282
"1160",9.78420327536049,8.09292745872823,57.7945512107533,26.3656753951577,9.97604122388232,10.4723182373239,49.696565965729
"1161",26.191346262377,32.4724314275807,106.23104370967,42.696963628248,25.7916794023416,29.4574580491799,115.707390916787
"1162",21.0548691045802,18.2196118071961,91.4636807687486,39.1006263566884,21.0548691045802,21.0548691045802,79.5770391206171
"1163",30.1916838192052,20.3125622277427,71.7142575487297,31.5041706752906,20.3748516082113,20.3748516082113,71.7142575487297
"1164",26.3910931960523,21.5444876535025,69.4464480494637,30.4645846635406,20.9977584529328,21.5444876535025,69.3978238542795
"1165",18.1919322923803,17.4312937183876,85.4211590573632,27.5379459976037,17.4452977624856,17.897600652412,85.6031398477012
"1166",27.8505210909213,21.4464999314306,129.451512036367,32.5087190523286,28.0285448630392,25.5509636201153,75.4687059407049
"1167",22.9793198109386,25.6243842306538,100.904991039707,31.5542225345466,21.444602262422,21.6919165566886,111.458314008157
"1168",27.452406776393,25.2946269194536,76.7971114451818,31.3320041965067,25.2946269194536,25.2946269194536,76.7971114451818
"1169",23.9061817793141,20.463746775913,71.9543859537689,40.0651975338325,20.5260771620831,18.4271552983483,75.8510726070012
"1170",21.9890729251219,19.9679923581515,82.4589002868165,25.3723861418839,22.2939423837742,21.7840366801707,76.4298707179117
"1171",16.8002407925848,16.3224206906992,62.3631248306466,27.3615997685898,16.8002605882843,16.8035477429382,48.5225223649661
"1172",19.4899942614203,19.3409906818172,65.7299360555578,27.9711921530298,16.8707566014662,16.8707566014662,65.7299360555578
"1173",19.4232155838842,17.3140634379852,55.1353019734971,36.3453931936203,17.5743475224753,17.5743475224753,54.3486775944346
"1174",28.6778844459071,20.3766118455865,65.9821851588687,40.698926676605,20.3766118455865,20.3766118455865,65.9821851588687
"1175",15.4807703403102,15.4807703403102,43.3885441938299,16.5263878209195,15.6530687736499,15.4868733793536,42.8684314993332
"1176",5.28904869394306,23.1255807118728,10.5649007476391,10.6379284722725,6.94244331239985,6.97639160793977,7.35106322640499
"1177",7.56678415701662,18.8193470630692,7.56678415701662,7.56678415701662,7.56678415701662,7.56678415701662,8.59665565210876
"1178",4.51376859433065,3.66321587532006,3.88544053617174,3.78451539567873,3.74137777413215,3.78547076850347,3.78547076850347
"1179",14.4010402167308,3.48510857102587,8.27334847412282,5.17005135889115,8.57379110986859,5.14125224819032,4.91308275698389
"1180",27.6398514104403,32.8236882895389,30.9199117539092,29.1952087949572,28.8099956724252,28.5876237602358,31.8227156630574
"1181",24.7184275617484,23.07060607388,24.6899317436911,24.7184275617484,24.7184275617484,15.0794817267696,18.1945399865368
"1182",23.0559540888726,23.0559540888726,23.0559540888726,21.099794308626,23.0559540888726,14.7202429050184,18.1635718174338
"1183",23.0214894424462,23.227732454839,23.227732454839,23.0533671788521,23.227732454839,19.8688110406961,20.8079229049216
"1184",17.7628072870249,18.605475383636,18.9949775821943,18.9949775821943,18.8679220949756,10.3343640146412,18.7080564945078
"1185",20.9221821453516,21.0880340168192,21.074204145967,21.0880340168192,21.0880340168192,17.4083718690555,19.373229863271
"1186",22.1951371818076,21.4960290481778,22.9427579237225,22.320388860176,22.9452172492724,12.8834334442888,20.0948613566609
"1187",11.816436754473,13.1320021486065,5.60357076836686,7.67117162647337,17.5752444818467,9.67347131781045,5.88320880856617
"1188",10.3417768366715,8.81736047202079,5.6920254171889,7.55950474913877,12.9761877072129,7.47441490173674,2.88789854050432
"1189",14.8041215275519,17.3320376846233,5.89485058750024,5.89485058750024,17.3320376846233,14.8041215275519,5.89485058750024
"1190",14.0380593109135,15.1715344240194,6.67269644778235,6.67636674755673,17.0165625774961,14.0380593109135,5.88914878943249
"1191",8.10477814125849,8.14774164928705,8.10477814125849,8.10477814125849,8.10477814125849,8.10477814125849,8.43436524527872
"1192",22.2195988450263,18.2917853418948,17.3999318789137,19.2804551980124,28.1855845776231,30.9186653486546,31.7628013861421
"1193",7.92687430945379,5.96825347170499,5.57290805045199,5.45570268308264,9.75689414002799,14.6977616503961,14.3880570367536
"1194",5.22562695210054,5.08312040524331,5.00620823562819,7.30578787305083,6.12364649691059,5.15639709070951,5.05530413979937
"1195",3.08520316611666,3.63811328215408,2.05610123956132,2.0806463520322,2.00327524499074,2.11079751304849,3.38225677505854
"1196",14.8261063044964,14.6444143545786,14.6444143545786,25.8045321257934,15.0929529224151,14.6799289999193,18.2739131389635
"1197",17.3798104644678,19.6049799778891,20.0436964890645,31.353367669956,17.3798104644678,20.0376438151522,24.1105095101942
"1198",22.9475442250243,27.5121767729192,24.1456220515815,34.6145261778752,24.5978181001699,24.1456220515815,35.0817591184601
"1199",25.5551888604104,27.1702996529711,26.8863000785071,37.9928400298402,24.7779020930681,25.9068237511147,32.1353958099847
"1200",4.61017338596334,4.61017338596334,4.61017338596334,4.82896932886129,4.61017338596334,4.61017338596334,4.61017338596334
"1201",5.84382956341968,10.0147285587602,10.0147285587602,10.0147285587602,13.5533187031273,9.41351051074133,5.84382956341968
"1202",3.55775786661618,3.96962031379491,3.04877547610502,2.8250434789827,2.95318657875537,3.02168198885684,3.21228609346384
"1203",33.3061463336971,34.2817441679298,28.4808454628158,50.4469470398338,28.4917819520971,50.4469470398338,50.4469470398338
"1204",10.5807027032023,10.9978203648254,11.2507203695,11.4573396714964,11.6077905743603,11.4420945807253,8.47909911566697
"1205",6.14908099273408,4.82553451117992,5.8219198658683,5.75499775973727,5.9663480858438,4.96033828291415,4.37541520467697
"1206",14.5198674956968,14.3173279226468,51.8913387768129,27.1833806006126,14.3095313945654,14.5198140594774,52.2409400009401
"1207",15.5646121815629,10.3145956282461,48.8966531296873,24.2731165491231,15.1580474382332,12.712803198432,42.0093976079201
"1208",7.77903711779843,12.020376612379,12.2838614879427,13.5276665852961,13.7422661073167,10.4197022463609,7.9463338289287
"1209",12.6604160860824,12.1846835305051,9.89857273898939,32.8020645193903,11.8175460565186,31.505254044166,30.7204686321298
"1210",9.95165153629904,9.34947518363297,6.86239802383374,50.5572412234563,7.15989382073158,31.5657493820407,33.5743685406198
"1211",16.4127752969306,14.2953103335632,16.9145607412056,44.8210382969793,17.1140189642678,44.8077906813524,39.3785493247438
"1212",3.08275685898928,3.08275685898928,3.05791467746308,3.07038886872155,3.12926838458233,3.07813256976054,3.08275685898928
"1213",7.55278815441013,6.36524713476582,10.7238726633878,8.04488090281184,5.25347756583146,10.4505140770912,5.31365657635366
"1214",7.29038675663072,5.95227115340785,5.32176446044396,5.50806852476177,5.58280157955273,5.37450854672669,5.07103519842517
"1215",80.1719971337985,40.9679934795936,40.9679934795936,40.8571044339185,80.1719971337985,77.8703091767246,40.9679934795936
"1216",37.6025121794441,18.3761179902867,23.2427712778457,23.6254921495559,42.7949611167396,44.2708273580704,18.0491562664922
"1217",24.130772508908,18.2096797624441,18.2096797624441,18.2096797624441,24.1050703621271,24.3174968697616,18.2096797624441
"1218",69.1601911200311,36.1654113043374,39.334916833484,38.8768037200607,74.4830719439353,68.8808975597981,36.2042238829575
"1219",24.854588491857,13.1762362622359,13.1762362622359,13.8132191715546,24.854588491857,24.854588491857,13.1762362622359
"1220",25.6047270800514,14.8566825152366,14.8566825152366,12.4225604087174,25.6308870455434,25.6396231580029,14.4626409358905
"1221",5.91183739062581,3.61829430979989,5.58453853781818,5.97755116712984,6.11522448647617,6.00114466482314,3.84145062656893
"1222",68.09211866134,36.4839831000391,36.5345986313664,36.4723106673615,68.09211866134,68.09211866134,36.4839831000391
"1223",48.8808143931841,14.9158572273205,23.4508842463467,28.8249246927514,46.3083938907914,53.9174288806548,14.716662672518
"1224",18.5271898904509,12.6750083287901,12.6750083287901,12.6750083287901,18.5271898904509,18.5271898904509,12.6750083287901
"1225",18.5819118305326,12.0830815596552,12.8743162613961,13.47521259462,22.1196068012552,19.7822022445083,12.3587288727484
"1226",15.9165519049032,11.3430655457196,17.1375858189373,16.8650950084204,24.1998842806044,17.0373708508679,9.24007877534931
"1227",91.2250817375431,36.3137420259302,36.6465481222664,38.7774922351135,99.8509796299603,87.4105367936956,34.4632080256224
"1228",74.4946807165622,29.6228686678103,34.8675611858085,33.4377142617078,90.4486044457533,68.7775816848841,29.622872370088
"1229",23.4602721041883,10.4024736120904,21.5250942188461,21.7616808683038,36.1659735645191,24.2823716993739,9.93351298224121
"1230",24.5433583834281,5.07460063104169,12.0722533229348,10.3781589375729,25.1044909184488,20.4810718377782,5.08405430253827
"1231",16.8488848913028,10.739401532958,11.3045057671486,10.739401532958,16.0631093711778,16.8488848913028,10.739401532958
"1232",38.8643145285878,13.1905995541136,24.473180212879,24.0151864478586,52.8707284826442,38.4843761555107,10.7120077303822
"1233",39.9319495295683,28.6622968399272,28.6622968399272,28.6622968399272,39.9319495295683,39.9319495295683,28.6622968399272
"1234",4.49555554820163,3.60517740272448,3.6248052234435,5.43605116817302,4.21600292736819,4.58865785011893,3.54826564623119
"1235",4.13017011992738,12.5287442960414,12.4662553701944,6.98215076415669,8.26790690320872,12.4662553701944,12.4662553701944
"1236",19.6582386492669,20.2572083131346,18.1425204509312,10.158695932481,10.8875774953859,14.4480316574934,17.5229651411954
"1237",23.4419533512305,26.2591887551303,24.7291659877823,23.789684268844,24.9283410915502,25.6473474189804,25.4532412474818
"1238",226.286946545525,248.199708248237,318.959058932624,201.603369264144,226.149957451017,224.647869442175,304.920316053319
"1239",221.799070344824,253.471696522035,332.376241258233,189.695443099092,221.3814025717,223.627834732731,299.985142461042
"1240",20.4462566657718,23.6830750266568,21.2970308566815,21.4354058500053,21.6565766429722,21.640277874059,23.6709543504637
"1241",402.817373224374,402.888230555831,546.958079873182,402.753104204311,402.469976120415,402.839636352651,530.853176684735
"1242",18.2144463531542,18.2144463531542,18.2144463531542,18.2144463531542,18.2144463531542,18.2144463531542,18.2144463531542
"1243",45.1417544293688,47.4528385916795,44.5612589192861,47.0585681273035,46.065663059386,49.4793013327768,47.9212420207326
"1244",22.962218052409,26.5691397660397,30.3369592469873,48.193300055039,30.322813120662,35.155024746645,50.0691954149729
"1245",12.1541898027915,13.5926918512264,12.3836649528979,12.1541898027915,12.1819456129277,12.1819456129277,13.5926918512264
"1246",23.9486139743406,26.4104485079424,23.9486139743406,23.9486139743406,23.9486139743406,23.9486139743406,26.4615361545444
"1247",38.0167761831595,276.466496569271,46.8537725632629,76.5960857800663,251.117176015412,42.4807247944978,42.608761793802
"1248",130.497771158638,146.542048419434,214.991168145981,124.207282461579,130.986688498991,129.516118097414,206.282507415406
"1249",12.1402085353812,13.0729138722678,13.5640922574951,14.2932777154495,14.2932777154495,14.2932777154495,14.2932777154495
"1250",7.03670927889751,8.81454532171901,6.9630529041551,7.03043247751709,6.87446739230096,6.99002513207316,8.60859365950085
"1251",9.03127001232483,38.2366112255574,9.45481766523501,15.1499468697783,13.97042097198,12.7771493913597,22.8792251129729
"1252",16.0099972926316,8.98544551674532,10.9853127413319,8.82794483794731,14.2442620317832,8.82794483794731,8.82794483794731
"1253",10.4195393676521,10.4195393676521,10.4195393676521,10.4195393676521,10.4195393676521,10.5823853404979,10.4195393676521
"1254",5.95058225347814,5.95058225347814,5.78463993887377,5.95058225347814,5.95058225347814,5.95058225347814,5.95058225347814
"1255",12.0660878014183,13.5088438455671,4.69335215489205,3.74494750196657,3.61426520785648,10.4716840952678,15.1745108842395
"1256",10.4129891848892,10.4129891848892,3.91177747358763,3.91177747358763,3.76296302366735,3.91177747358763,3.91177747358763
"1257",13.0736139804688,12.2960314238769,7.03423668209745,3.87927006910877,3.73352078892793,3.9804964557912,5.00042589298708
"1258",8.04388916838043,6.72757784927416,3.50111874049521,3.38593790543365,3.41461403619385,3.50102185213805,3.94036758875822
"1259",9.83982581611312,7.8528049956635,7.08896086467453,6.34452612219791,6.34452612219791,9.25271480704389,8.5495205985232
"1260",15.1865120628784,14.2984907985462,15.8409403806169,14.4136430196435,16.4242051750879,14.4292182662673,19.1879707582627
"1261",14.8426678662801,15.0572032369553,16.0017365617005,15.2455771062087,15.0037472170202,14.8905359522523,15.625346916523
"1262",13.4130609217803,16.2150800275338,13.0732327900916,12.4215158091636,11.9194100399359,12.6241374806526,15.2285190290558
"1263",19.665887126999,18.661221885919,18.7219331511602,18.1581922111326,18.5637173682595,16.7711889292007,18.661221885919
"1264",7.48724409151718,8.65451162222429,7.22101067454511,7.50955458882786,7.10224471754374,6.22317786693531,7.58427603701179
"1265",9.40985861128704,8.10884948285425,8.2124436272314,9.40985861128704,9.40985861128704,9.40985861128704,9.40985861128704
"1266",15.204331405671,15.6553082462885,15.5762058066689,15.3160379376535,15.6423039513558,14.8561101948385,14.6939450199657
"1267",25.7520421593222,25.7520421593222,25.7520421593222,25.5141288169833,25.7520421593222,25.7520421593222,25.7520421593222
"1268",8.66673418150514,10.9348054511701,11.555215548558,11.2449496377746,10.9348054511701,8.70630922161723,11.4729762399511
"1269",13.1258112229592,13.6377930888278,11.4601223608487,9.44203110694317,10.9422317535223,13.1258112229592,11.4898433640162
"1270",5.0580371767753,5.0580371767753,6.09163740899649,5.0580371767753,5.0580371767753,6.21026124708805,5.45398685283375
"1271",9.67618761232276,9.67618761232277,9.67618761232276,9.67618761232276,9.67618761232276,9.67618761232276,9.67618761232277
"1272",5.88772183137406,5.87060031519247,5.94911258159608,5.88772183137406,5.88772183137406,5.88772183137406,5.88772183137406
"1273",4.50215174982311,4.50215174982311,4.50215174982311,4.50215174982311,4.50215174982311,4.50215174982311,4.50215174982311
"1274",7.8609323107233,7.8609323107233,7.8609323107233,7.8609323107233,7.8609323107233,7.8609323107233,7.41929251461344
"1275",14.4810156070403,17.2968647124447,17.7971959960489,17.5900256641018,17.5900256641018,17.5900256641018,16.9218954973892
"1276",20.1331527324551,18.4097560936184,17.6553733969148,16.7535237539159,15.9838309958031,21.9039541912907,18.4765356541216
"1277",8.55320649693868,8.51694946089584,8.55320649693868,8.55320649693868,8.55320649693868,8.55320649693868,8.55320649693868
"1278",3.98156226814374,3.98156226814374,3.98156226814374,3.98156226814374,3.98156226814374,3.98412973773848,3.9831019933407
"1279",4.08834277473301,4.08834277473301,4.08834277473301,4.08834277473301,4.08834277473301,4.08834277473301,4.08834277473301
"1280",7.48570026107728,7.48570026107728,7.48570026107728,7.48570026107728,7.48570026107728,7.48570026107728,7.48570026107728
"1281",15.1629561555633,15.3258677655413,14.9662723954847,14.0788361081488,12.1587345088023,12.2209359555547,12.2279287177445
"1282",32.8945091957779,36.4756077069697,22.4186700648183,14.1234794804015,14.3926686995213,37.8861380262098,36.4756077069697
"1283",10.1632292234681,11.6387519876864,10.1632292234681,10.1632292234681,10.2317653206791,10.7745555634628,11.6387519876864
"1284",5.29145248000906,5.52795119872494,5.00936956140499,5.29145248000906,5.20269460936862,5.29085018956107,5.29145248000906
"1285",15.2253001315421,19.7072074570239,11.9074220437275,7.99077889042123,8.15502024859392,24.439701391183,19.3928390583108
"1286",2.65556612900312,3.19429282214668,3.9824359963686,3.75529793990899,3.47850778465591,3.87514961940659,3.88117653989423
"1287",3.10445248191671,3.43741671078919,4.25216292702131,4.19037187632743,4.04835779020398,3.77194366252405,6.41471354244411
"1288",23.510954062587,24.8882652390862,24.2622865208933,21.3852458492664,18.8977251601921,16.4957763657689,16.4957763657689
"1289",7.01956782621227,7.20768865917323,7.9347718180285,6.80959967755274,7.27323542074543,4.87136224305341,3.99453757701865
"1290",24.2308924367848,25.073045984029,25.213483207115,22.4003014054082,20.0363213837839,19.4728266155674,19.4728266155674
"1291",6.78571902482753,6.23437244083764,6.78571902482753,6.78571902482753,6.78571902482753,6.78571902482753,6.23437244083764
"1292",9.7558603509275,9.7558603509275,9.7558603509275,9.98891718774884,9.7558603509275,9.7558603509275,9.7558603509275
"1293",4.19013614618465,4.19013614618465,4.15055763263626,4.19013614618465,4.19013614618465,3.92856950954724,3.77821909844879
"1294",3.78459992177939,3.90797528427856,3.68868743165265,3.54560879101607,3.75229127513908,3.54560879101607,3.64242142590905
"1295",9.43034474184283,9.12238340807544,9.32175176217696,9.10220950393947,8.92543625261272,9.3605481951167,46.6617467515023
"1296",9.05595915043061,9.05595915043061,9.05594650465545,9.63519715898649,9.08739692083096,9.61156671447774,9.18613545089649
"1297",6.17634841134089,9.46057555171106,10.4989967073636,8.7156229361014,6.1645548565425,6.83724741235732,9.82163139402069
"1298",15.4022581354912,13.4885732299447,11.0981902414193,11.0981902414193,11.0981902414193,16.4460055049721,13.8052790909458
"1299",8.10534479578962,14.6372382680373,10.1525165108533,8.10534479578962,14.6372382680373,10.1271395856202,8.04806107467414
"1300",3.48931280230875,4.11639847233541,3.57512706966611,3.56329785414307,3.41664406305368,3.68027656090008,4.00237185771799
"1301",10.1368117504889,13.5014462466574,10.140411071142,8.27771627421335,10.5464647271733,11.0295462120388,13.4823004345932
"1302",4.47360458495093,4.47360458495093,4.65200273757866,4.52586552216832,4.49620198802078,4.67510137287119,4.7015204750298
"1303",6.59343063771107,6.59342987205182,6.59343063771107,6.59343063771107,6.59343063771107,6.38638267619314,6.2080269632992
"1304",13.0614343238743,13.0614343238743,13.0614343238743,12.4450777684935,13.0614343238743,13.0614343238743,13.0983231078593
"1305",12.5203394601111,11.9521619202084,11.8251738497799,11.5558442799003,11.5558442799003,11.5558442799003,11.5558442799003
"1306",20.9114278252755,20.8777994522901,21.0468336576991,20.8777994522901,20.8777994522901,20.946857651294,20.8777994522901
"1307",22.7556147164693,25.022637035567,22.7556147164693,22.7556147164693,22.5710845696022,22.8518906944891,24.5702984280548
"1308",8.07577563332583,7.89503985517211,7.89593364441301,7.90504738364754,7.89593364441301,7.89015318833095,7.89593364441301
"1309",6.32803713125978,6.26194873427038,6.25794800757558,6.25794800757558,6.25794800757558,6.25794800757558,6.25794800757558
"1310",12.7320769582319,12.1515237486784,11.684501017958,11.4983201090887,11.0821996695428,12.1410108174424,11.7994132678769
"1311",4.4401268500655,4.4401268500655,4.42010378528783,4.20108117398772,4.3589703802831,4.4401268500655,4.4401268500655
"1312",6.56131743333396,4.81566777341646,5.62407190808348,5.62207276754568,5.64252709206546,5.55368290450806,4.72854741276242
"1313",9.39706719000443,9.27862988451138,9.27860538619847,9.27857992188965,9.27857992188965,9.27857992188965,8.87652148108093
"1314",6.38277179947474,6.38277179947474,6.38277179947474,6.38277179947474,6.38277179947474,6.38277179947474,6.38277179947474
"1315",6.27232748168655,6.68548271621769,6.54594159854541,6.70959379198019,6.52393097794976,6.30888660646058,6.46076214952894
"1316",13.0136065842755,13.2131910546897,13.4751740856885,13.0136065842755,13.1583099328057,13.0136065842755,13.0136065842755
"1317",11.3953954622409,10.2254740856041,11.2210561518217,10.3271624171949,10.2415795441447,11.4426099134318,9.50586789345957
"1318",3.60152659733373,3.54194779877586,3.81486639936691,3.55970133053892,3.68689337715639,3.72027057266247,6.80011998315168
"1319",5.33050455622192,5.59828194615847,4.96141807840195,4.83890062420177,5.22777793311868,5.16341914704942,10.0156241261466
"1320",2.55028142952423,2.85136958822543,2.64680915855849,2.43843922950717,2.74056672407655,2.74056672407655,6.41021523689034
"1321",5.14880226908773,5.14880226908773,5.14880226908773,5.14880226908773,5.14880226908773,5.14880226908773,5.14880226908773
"1322",11.4746903128178,11.2829982042457,11.4746903128178,11.4746903128178,11.4746903128178,11.4746903128178,11.4746903128178
"1323",5.81698701851577,5.81698701851578,5.81698701851578,5.81698701851578,5.81698701851577,5.81698701851577,8.52749451776406
"1324",6.30653313446493,6.30653313446493,6.30653313446493,6.30653313446493,6.30653313446493,6.30653313446493,6.30653313446493
"1325",2.64798418524461,2.64798418524461,2.64798418524461,2.64798418524461,2.64798418524461,2.64798418524461,2.64798418524461
"1326",5.90126750970071,6.14117540748537,5.90126750970071,6.60526872740648,6.02498602241472,6.39849983435055,9.21792359028389
"1327",5.90083296482768,6.77364703261222,5.69709061314763,5.69709061314763,5.69709061344177,5.69709061314763,8.79957550471695
"1328",13.9106906131211,13.9106906131211,13.9106906131211,13.9106906131211,13.9106906131211,13.9106906131211,13.9106906131211
"1329",27.8714200114216,22.0252141001333,27.8714200114216,27.8714200114216,27.8714200114216,27.9970147570696,21.490027805068
"1330",10.7903181275336,10.7155128719561,10.8728384954798,11.1557623076826,12.2514350297836,12.4374554789421,12.2044609859408
"1331",11.4468621278026,11.4468621278026,11.4468621278026,11.4881792364447,11.7429109190316,11.7429109190316,11.7429109190316
"1332",4.97506689391402,5.86259552290588,5.0129183109131,5.10182612879768,5.9785119343065,3.97975383066444,5.48249627662645
"1333",5.11708926235117,4.80689819249545,4.82856426942188,4.95340647434833,5.02964964528714,5.30839954726698,4.8504095848148
"1334",3.61215988238744,2.44699441039665,3.70315930739275,3.66980301854418,3.71991927871064,3.6286745509864,2.41225060273895
"1335",14.1054574984622,14.1054574984622,14.1054574984622,13.8007824539451,14.1054574984622,14.1054574984622,14.1054574984622
"1336",32.1917529408294,31.9326213867143,31.9326213867143,31.9326213867143,31.9326213867143,31.9326213867143,31.9326213867143
"1337",48.2847035410908,48.1245584080961,58.3844290292285,53.2095862519129,50.0806006424103,48.2372117004758,47.9419817726299
"1338",27.0469574970055,27.0469574970055,27.0469574970055,27.0469574970055,27.0469574970055,27.0469574970055,27.0469574970055
"1339",27.8034489231093,28.4938467124473,29.5507104814481,29.8745436442075,28.1560782695617,28.4938467124473,28.3101857781701
"1340",40.2663745116993,40.6171762032377,39.1730014278357,39.1264857973142,39.1264857973142,39.1264857973142,39.1264857973142
"1341",22.9173380732689,23.4184028665599,22.9173380732689,22.978118031714,22.9173380732689,22.9173380732689,22.9173380732689
"1342",32.1078117938378,32.1078117938378,32.1078117938378,32.1078117938379,31.6227722327814,32.3427732724273,32.1078117938378
"1343",18.012013555452,19.1312053214311,19.724848471553,20.3255467593625,41.5617129119675,33.7256644952923,19.1312053214311
"1344",17.3778203384071,17.3778203384071,17.7482407173082,17.3778203384071,17.3778203384071,17.3778203384071,17.3778203384071
"1345",32.5631070060907,33.9036318482486,34.3415885282669,47.271874819207,35.3209904599718,33.6382407746087,33.6242999250936
"1346",12.1414559514509,12.1414559514509,12.6706474866721,12.9305141162401,11.263869281769,12.1414559514509,11.8640959276978
"1347",22.2231118541529,22.2231118541529,22.2231118541529,22.2231118541529,22.2231118541529,22.2231118541529,22.2231118541529
"1348",27.7910682227767,27.7910682227767,27.7910682227767,27.7910682227767,27.7910682227767,27.7910682227767,27.7910682227767
"1349",34.3863891113388,26.7002402685647,36.8058125330287,37.489295516211,37.291500568823,32.9449470620165,27.2020873944299
"1350",17.8333378488544,17.8342433522402,19.2224176232477,18.11428673822,18.4040735835371,18.4040735835371,18.3405452463367
"1351",20.955695490588,16.9924039184053,23.8929132322924,22.0366442509804,20.2306161947981,20.9484657084418,16.9924039184053
"1352",40.7444237981005,34.3565294675302,59.6228144896653,41.3462430199054,40.8124005447136,42.3075151772142,32.859604895325
"1353",5.19249298582359,5.19249298582359,5.44376174097096,6.22052450941542,5.19249298582359,5.19249298582359,5.34143324850328
"1354",17.9664843682586,17.8118207317596,17.9664843682586,18.6105215749893,17.9664843682586,17.9664843682586,18.9394974225326
"1355",40.6093638386607,40.099839462993,41.7185783816113,41.8842805676086,41.8842805676086,41.8842805676086,41.8842805676086
"1356",49.9099187436776,49.7016110349533,50.0954659957411,70.0418092774317,50.31931510326,49.9099187436776,55.0813344278551
"1357",30.9286182144553,31.6777831312138,33.4645113518428,33.5313398438314,34.2707257954931,34.2707257954931,34.2707257954931
"1358",45.6216794287314,46.6438362773609,62.8976045476277,59.2265049011217,49.1625875136935,49.6434679934649,51.0470990738983
"1359",42.6315895969241,35.937288173755,59.1112387065325,46.9649657942259,46.78960154021,52.1198858293788,38.569829612987
"1360",23.1748636672288,17.1636927167037,44.1521258474806,27.5108851182293,25.2669245539577,31.2662798601704,18.6654475218456
"1361",35.6160698885958,36.5597378857282,36.6763061056444,38.1929217542416,38.3457629720549,37.9357674805181,38.7540120750307
"1362",15.6310467658339,15.6310467658339,15.6310467658339,15.6310467658339,15.6310467658339,15.6310467658339,15.8142243930203
"1363",15.9264508512285,15.9896108098126,21.2698472056725,24.9488282782848,18.5440171229043,23.6965037858844,22.5290863220563
"1364",13.9615089696281,10.1984359581861,19.3950429761698,17.5446704235807,15.1247794656723,19.5417581696381,13.8734169722942
"1365",31.2898508375885,31.0228195211228,35.8716031012786,35.2947177711826,32.4394235763746,34.5262472430697,34.6461180906606
"1366",19.3376765304413,19.3376765304413,19.3376765304413,19.3376765304413,19.3376765304413,19.3376765304413,19.3376765304413
"1367",6.00347688329825,6.00347688329825,6.00347688329825,5.97181413169012,6.00347688329825,6.00347688329825,6.00347688329825
"1368",6.41628604469537,6.62940025812944,6.5435572728837,7.05884008335326,7.3104929683089,6.80936919061144,6.84876490947343
"1369",7.66903336775469,7.69267597090162,7.66903336775469,7.66903336775469,7.66903336775469,7.66903336775469,7.66903336775469
"1370",5.42988761046015,4.7664685323881,8.96587880015062,6.38668798379533,6.56186754935565,8.53174041351326,7.56708431499614
"1371",11.3483724026514,8.2664052790628,9.26694757016673,5.94551477940573,5.94551477940573,5.95116902646059,5.84912715053644
"1372",4.01776700596041,3.70252828050454,5.68315802758221,5.81669793309691,8.12613898860856,6.85382596824758,6.76071885223712
"1373",13.9170887484423,13.7727273930873,14.2330900369675,16.6176938619973,16.8211980075288,17.2882466116834,16.1084592270364
"1374",12.462936448574,12.4954388885749,12.4954388885749,12.4954388885749,12.4954388885749,12.4509714571839,12.4954388885749
"1375",5.78322863076463,8.80560871066439,8.22442296674421,5.3793123640383,4.51380387782374,4.43036963171031,4.26205557737887
"1376",8.57002101888594,8.57002101888594,8.57002101888594,8.57002101888594,8.57002101888594,8.64910559860953,8.57002101888594
"1377",2.93303191039204,2.93303191039204,2.65131326440061,2.93303191039204,2.93303191039204,2.93303191039204,2.93303191039204
"1378",6.01557526000311,5.72302316475259,6.25267777150592,6.01557526000311,4.69728962140074,6.01557526000311,6.01557526000311
"1379",3.97360137110641,4.13226096904538,4.03476437732218,3.57211690440007,3.36517059148489,3.51147371544589,4.01116019772088
"1380",7.6452995123326,7.6452995123326,7.6452995123326,7.68608760785052,7.50559596762291,7.4765432211371,7.6452995123326
"1381",7.11953669131556,5.33009059090298,7.11953669131556,5.33009059090298,5.32896322424447,7.16588383802725,5.33009059090298
"1382",6.15170556459237,5.95723394253304,8.33637820681973,6.75843946516568,5.92402357980177,6.29530420020217,4.98698580746352
"1383",3.98731592116537,5.38253701985067,7.56202145236994,7.04350272688565,6.40253551386642,4.97195449055131,6.09595006521796
"1384",9.27592174083001,9.71918625145887,8.59758117211416,8.10689103805699,9.45778058183488,7.33073913337085,9.60670272221394
"1385",15.0239992563804,17.59995882244,10.4568658791473,10.4642925792918,10.4642924455786,15.0494171869675,15.3281027799266
"1386",16.0108647497956,14.3602804805607,5.52564300009567,6.36477212329116,6.81337006506276,14.3184598523603,14.2318211869238
"1387",5.02115932920735,6.20884944586746,6.72041279364337,5.37201981772967,6.52777243179245,7.21557622675899,5.29290828455653
"1388",4.52647976243163,3.85358691784045,3.18749830872694,3.78182526893002,3.18749830872694,4.52647976243163,4.23951696402223
"1389",11.9723748440042,12.18086342365,8.71824508895585,8.46396156394175,8.46015897728744,11.129316652903,14.9740473737805
"1390",12.5665245215684,9.00876816794032,5.94473264304596,5.8162784977108,5.56991127505915,13.5028816689212,10.629074397669
"1391",15.4715269874014,13.4496831278792,9.08160950057484,9.40388892252703,8.69311149022719,15.0033905461067,13.9059307593237
"1392",14.7567400591368,15.7060288942135,15.7056955681298,17.4269929401439,13.6218911494583,12.6939277760034,12.6624847363058
"1393",9.23281138685429,8.69226518089286,9.23281138685429,8.52803120210605,9.64568918416857,9.33909841968054,8.69226518089286
"1394",6.90793107095114,6.90793107095114,6.90793107095114,6.90793107095114,6.85933384375585,6.90793107095114,6.90793107095114
"1395",4.12482557545648,4.2802360593311,4.04328761846323,4.26899275616878,4.28030455163733,4.33167984481231,4.31467450472564
"1396",7.94612339579268,8.24787968881417,8.18701537932764,7.94612339579268,7.94612339579268,8.59871104591961,7.80114414593541
"1397",9.33982083975876,9.33590345171069,9.33982083975876,9.33982083975876,9.33982083975876,9.31827995819497,9.33982083975876
"1398",5.49488617846402,5.64295834900853,6.11052023220223,5.79441071543249,5.07957196318887,5.07957196318887,5.07957196318887
"1399",11.3721456273809,13.0255090589068,10.287680806915,11.8697589060991,10.4465131152679,9.67811365410645,8.84424418015032
"1400",38.7350868997582,36.9376518838745,37.1704612708352,37.1704612708352,37.1704612708352,37.1704612708352,37.1704612708352
"1401",18.2392558991247,14.0082191935242,20.252928602734,18.2392558991247,18.6167695927329,20.2743267822978,13.7193944593882
"1402",23.7472771623388,16.7537473295696,23.3026372510973,23.3026372510973,23.3026372510973,23.3026372510973,16.7537473295696
"1403",13.7957951146422,9.8081363825587,24.0876492453751,15.4305364368309,18.0042865533453,24.0628581800885,8.18813425976507
"1404",31.2386062868493,30.2098906892174,31.2386062868493,31.2386062868493,31.2386062868493,31.2386062868493,31.2386062868493
"1405",6.74054896675121,6.84606382643222,6.74054896675121,6.90119926382382,6.74054896675121,6.74054896675121,6.41563159131621
"1406",9.83793844176205,7.37920909918692,7.42866897222514,6.59935707071579,7.8005273483014,11.234226168904,8.66263988271059
"1407",7.62919323587348,7.37052796259367,7.37052796259367,7.37052796259367,7.07600353393921,6.89380546440608,6.98184358138365
"1408",10.105943624203,9.13870499886681,10.0766265467181,9.80134834063237,10.105943624203,10.105943624203,9.13870499886681
"1409",2.7943036531906,2.7943036531906,2.7943036531906,2.7943036531906,2.7943036531906,2.7943036531906,2.7943036531906
"1410",12.9733562886413,12.6248121398133,12.9733562886413,12.9733562886413,12.9733562886413,12.9733562886413,12.9345033945878
"1411",5.64828410545631,5.64828410545631,5.64828410545631,5.64828410545631,5.64828410545631,5.6456731813793,5.64828410545631
"1412",5.72193252939085,5.72193252939085,5.72193252939085,5.72193252939085,5.72193252939085,5.72193252939085,5.72193252939085
"1413",7.66379866428341,7.66379866428341,7.66379866428341,7.66379866428341,7.66379866428341,7.66379866428341,7.66379866428341
"1414",10.9983670071532,11.7669982599573,11.7669982599573,18.3061198226999,16.6928104418585,12.5358471593733,11.2892832280772
"1415",9.06187575042406,9.06187575042406,9.06187575042406,9.06187575042406,9.06187575042406,9.06187575042406,9.06187575042406
"1416",24.4539847909686,23.5822376046681,23.325415907267,22.2831137786823,20.9495634613978,22.8364023761436,21.7221448266515
"1417",17.8609352017108,17.8609352017108,18.0431332086227,17.8609352017108,17.8609352017108,17.8609352017108,17.4817138318659
"1418",3.85639475862371,3.85639475862371,3.85639475862371,7.90744255011547,13.0845356049795,9.50271640458804,6.56199581887036
"1419",11.3851410376296,11.4930171462065,12.4347348847366,12.1741516767968,17.1640980404007,7.43836036389786,9.58529299693348
"1420",8.67322383687849,8.67322383687849,8.36565997084312,8.67322383687849,8.67322383687849,8.67322383687849,8.67322383687849
"1421",12.6821715921436,12.6821715921436,12.6821715921436,12.9145084525704,12.6821715921436,12.6821715921436,12.6821715921436
"1422",20.8526994645155,27.4297066928682,11.3794142307561,10.8370389237668,10.9728559972072,19.1931409927527,22.0044741055885
"1423",4.24364565737324,4.76622747382334,4.76622747382334,4.76622747382334,4.76622747382334,4.76622747382334,5.37718580854699
"1424",35.8966566155242,36.0706070118874,35.8966566155242,35.8966566155242,35.8966566155242,35.8966566155242,35.9905125533579
"1425",37.0603380038973,37.0603380038973,37.0603380038973,37.0603380038973,37.0603380038973,37.1743823229957,37.0603380038973
"1426",62.8036533874733,62.8036533874733,62.8036533874733,62.8036533874733,62.8036533874733,62.8036533874733,62.8036533874733
"1427",7.66072486526422,6.69682267175575,7.66072486526422,7.66072486526422,7.38522138204536,7.66072486526422,6.39881256996664
"1428",23.8930115588656,25.1659837728402,23.8930115588656,28.1617644237982,23.8930115588656,23.8930115588656,28.1617644237982
"1429",33.2607163642207,19.6052139980853,24.2344954906957,32.6582527725258,33.1593367476677,24.3351499916091,19.7379332300023
"1430",17.7701493045146,17.7701493045146,17.7701493045146,17.6070540993809,17.2446359538456,17.7701493045146,17.2897247233532
"1431",39.1700629557098,37.1981222410354,37.1469542989457,40.3200020416574,37.9162554451461,38.8689984635222,49.4367660037802
"1432",33.9827487676191,33.6486994177892,33.0928292892154,33.9480124846159,31.6575789397213,32.4337557567429,33.0311412128564
"1433",24.347032293054,24.347032293054,24.347032293054,24.347032293054,24.347032293054,24.347032293054,24.347032293054
"1434",51.6068044107315,51.991921465489,51.8158947443803,52.6536724903389,51.797117825647,52.5992015682202,56.7357195849564
"1435",34.1299520666652,28.9629004412706,29.6233981879649,33.0501225573183,27.2780890064454,26.5165303108878,35.1158526044959
"1436",26.7845215769478,22.5842899904545,26.7845215769478,28.6393767964191,27.134009572985,25.8992264213461,24.1587437115728
"1437",15.7662505898371,15.0152059623824,14.9711570868015,17.2782704976853,14.9975028734901,14.9876882043216,16.8854995308005
"1438",10.2216072783452,10.2216072783452,10.2216072783452,10.2216072783452,10.2216072783452,10.2216072783452,10.2216072783452
"1439",26.0943918095037,21.7120476500701,26.7483493669466,28.3555390288965,25.0785327451822,25.9855455309575,23.3835790948086
"1440",33.0943835301499,33.0943835301499,33.0943835301499,33.0943835301499,33.0943835301499,33.0943835301499,33.0943835301499
"1441",37.8868984466852,36.0920446540657,36.6453716047758,38.8445319920266,37.5215169510688,35.3425536890635,38.3983297998283
"1442",25.8006222568614,17.6684339424416,18.5975358943137,19.2020562680462,24.9554185857387,20.6191299585387,22.9623822336211
"1443",35.1019388636618,23.4008589601868,33.8745437908576,37.7922384515099,34.9279542581247,30.9307747690474,30.2959229542253
"1444",50.522392647612,43.7941605095766,51.0660434165209,57.0282987830999,49.7257127342117,52.4774609153801,51.1536830658051
"1445",9.60594352566221,9.60594352566221,9.60594352566221,9.60594352566221,9.60594352566221,9.60594352566221,9.66455745446228
"1446",19.4273953124179,19.4273953124179,19.4273953124179,19.4273953124179,19.4273953124179,19.4273953124179,19.4273953124179
"1447",16.7968002403407,16.7968002403407,16.7968002403407,16.7968002403407,17.5348449051855,16.7968002403407,17.6257049550065
"1448",46.4605907535697,47.3091725296595,45.610501214648,45.9843168378703,45.5493034442769,45.1851694321934,45.9843168378703
"1449",38.3970527830983,38.3970527830983,38.3970527830983,38.3970527830983,38.3970527830983,38.3970527830983,38.3970527830983
"1450",40.4786935486382,40.3017172461097,43.7904528548135,49.6183874225617,42.0750064278396,41.9760121544918,43.6773204651234
"1451",10.9097447256512,10.9097447256512,10.9097447256512,10.9097447256512,11.0072816814369,10.9097447256512,10.9097447256512
"1452",20.0461066781379,18.0783468820643,18.0357218981045,18.0025560887384,14.3875174277864,14.7050001358715,14.7987305738633
"1453",53.4825788680063,45.1012754574615,50.1999137291711,52.3748312719512,53.9584922928134,50.1871630224542,51.6924093732619
"1454",8.11222748199382,8.17023492682526,8.11222748199382,8.10699951239605,8.11222748199382,7.9153781427865,7.8460662691159
"1455",23.128729980534,19.2309642321213,22.4049223434753,23.4840768590631,24.4422079937357,23.024307946708,20.4767642961978
"1456",9.67582747688292,9.67582747688292,9.67582747688292,9.67582747688292,9.67582747688292,9.67582747688292,9.67582747688292
"1457",37.6889597701747,27.5481881624056,37.2652307908615,45.0328956602769,37.0457068058724,36.9912217417454,32.4574241359554
"1458",12.3327061833733,9.14365248227039,7.10075997528658,7.43352685865894,6.59397195469066,7.03095925202808,7.85327798163922
"1459",5.38823138280795,5.19987487276863,5.92121857317423,5.85043636951201,6.01520982129731,5.38823138280795,6.01759194454811
"1460",10.7878664497032,5.73254816306239,5.31003162547021,8.94221251084672,6.81701709611597,5.40859434346427,5.1961163813386
"1461",4.47821183356498,4.27576552382114,4.27576552382114,4.27576552382114,4.27576552382114,4.27576552382114,4.27576552382114
"1462",5.67156509387102,4.21493763256607,5.15115372480355,5.28441885327884,5.77163814529418,5.22984714021497,4.12133852854296
"1463",5.88743753093299,5.88743753093299,5.88743753093299,5.88743753093299,5.88743753093299,5.88743753093299,5.88743753093299
"1464",32.1416271508704,19.496661317445,20.0044553303294,20.4074148779733,21.6359121161137,19.3509264314816,19.5435309883613
"1465",59.3281255352982,25.9958009981079,81.1723357770649,71.0515866410385,77.1935526448903,81.7765755379185,23.9675186492621
"1466",71.0620259097907,94.3878317679729,98.0984305397424,71.3063659934767,108.171419853177,114.861820832105,99.1532836481045
"1467",25.3957407725505,24.8002262675639,25.3957407725505,25.434484337651,25.504287514153,25.9141829032756,26.2687818294807
"1468",312.298464919102,162.822115168838,345.578966290402,325.558119376501,409.96483575199,377.208691335559,159.803073496829
"1469",307.688102311303,375.251046395747,346.979241829539,298.678679549179,568.510638269159,429.574737692443,442.706921503854
"1470",168.265997643812,217.691035240438,221.424210807789,167.049311156373,297,281.870249473553,268.060324861059
"1471",203.335813384609,97.9208209397525,210.019394461997,201.530802972594,211.749932754173,212.113269453902,101.477805956065
"1472",606.635288586641,729.935907820467,656.341558142717,472.791739365629,1539.46540525044,762.289658157544,699.146804333692
"1473",37.4239936429208,37.4534587812037,37.4476257224395,37.4239936429208,37.4239936429208,37.4239936429208,37.4239936429208
"1474",680.98306288535,312.540463271982,731.733804059771,688.320695209732,846.343654215913,809.292503991759,308.951511333205
"1475",11.899562847691,12.3042546535623,9.39038335058157,10.1850110544236,8.6230765326633,10.3993686591145,11.2347175720639
"1476",15.00529165853,15.5604158110233,15.00529165853,15.00529165853,15.00529165853,14.9231810342113,15.5604158110233
"1477",473.782198342184,205.85579061476,494.58918544409,421.962075427534,811.043950889692,687.13364312487,190.677861580061
"1478",157.39332214882,358.427224553772,310.107982460356,137.366220485512,480,735.73085710523,432.063967821041
"1479",194.288895425631,208.990958645571,198.531713333037,206.550180208237,216.156581878744,213.920220893438,220.558679198635
"1480",12.6018493905631,12.6018493905631,12.6018493905631,12.6018493905631,12.6018493905631,12.6018493905631,12.6018493905631
"1481",23.0725843776925,17.0509063108997,24.132556187263,46.2966970245211,20.7063480008509,26.2917426522685,16.4078914139563
"1482",26.7579717304097,22.2013943414996,15.3890177018448,20.6246214854672,13.6203462970814,20.3120106423796,24.1176274391831
"1483",6.5181577907542,8.80035025641786,6.96208948468113,8.44825648259573,8.3287618389084,7.17863702387649,8.91968077777452
"1484",3.12817431665114,2.21946316026039,3.57219512246871,4.40670137776551,3.63812331577046,3.64578838396492,3.28922455443551
"1485",7.49803538339855,6.50385282657991,7.59635482118186,7.49803538339855,7.49803538339855,7.49820974213336,6.49238179108749
"1486",3.7899287047068,3.78992872539483,3.7899287047068,3.78992870470679,3.7899287047068,3.7899287047068,3.78210715505472
"1487",3.1139110379317,63.1644729480108,2.88378987632148,3.1139110379317,3.03904893197458,3.1139110379317,3.1139110379317
"1488",4.39017211746184,4.39017211746184,4.39017211746184,4.39017211746184,4.39017211746184,4.39017211746184,4.39017211746184
"1489",8.80882158203803,8.72030965337982,5.95431951141814,8.64161675460186,6.76547013932019,8.58772932129396,8.80881979180775
"1490",16.0977065783641,26.7291581338588,11.0274698941483,10.0469325963944,10.0386259292052,15.0831634508053,23.8015460507276
"1491",7.29950187957101,7.13317364972063,5.9394119603546,9.00030765818606,8.9279261932151,8.85735929080682,9.00030765818606
"1492",9.11913151157577,7.55958753658994,9.72603964466216,9.62513875824375,9.51888734565412,9.34785538720281,7.59474304640634
"1493",17.6234176893242,17.6234176893242,17.6234176893242,17.6234176893242,17.6308290791736,17.6234176893242,17.6234035074151
"1494",5.76314102015141,4.21314917113945,5.76314102015141,5.79990355779611,5.76314102015141,7.05446506850263,4.21315037566538
"1495",11.954402540938,11.954402540938,11.954402540938,11.954402540938,11.954402540938,11.954402540938,11.954402540938
"1496",16.8270949123552,16.8270949123552,16.2519913272014,16.8270949123552,16.8270949123552,16.1983683733392,16.8270949123552
"1497",4.17581042965825,3.39599258162052,4.34941018051915,4.29818396731729,4.70292186895954,4.54109965069012,3.75537530729582
"1498",3.48009279532024,3.48009279532024,3.48009279532024,3.48009279532024,3.48009279532024,3.48009279532024,3.48009279532024
"1499",11.5780520382417,10.8791945703562,11.5780520382417,11.5780520382417,11.3733566856775,11.5519205590078,10.8910234395953
"1500",5.08180680524956,3.50969491815442,5.07549300603489,5.05011971673375,5.07883563631699,5.07883563631699,3.44117140329203
"1501",8.86026705270482,8.86026705270482,8.86026705270482,8.86026705270482,8.86026705270482,8.86026705270482,8.86026705270482
"1502",7.22059920694653,6.702228054743,7.22059920694653,7.22059920694653,7.22059920694653,7.22059920694653,7.22059920694653
"1503",7.8705113674625,9.6401847346569,7.8705113674625,8.29600886452701,7.8705113674625,8.18849800477074,8.11560513236725
"1504",25.4039452267437,6.47707222794903,4.95329718116138,22.3953711716101,6.30136165900159,5.38539130338399,4.29804670173739
"1505",5.67477645831731,4.02088212334019,4.16338996441946,4.70086021957815,4.45096662175261,4.65268254454392,3.1924208723083
"1506",3.80722799316407,3.80722799316407,3.80722799316407,3.80722799316407,3.80722799316407,3.80722799316407,3.80722799316407
"1507",8.43862380774264,8.18688369367163,8.0061175819016,6.39427808999794,6.02847004342575,6.0977898388914,6.2632481252448
"1508",9.8800337944977,9.8800337944977,9.8800337944977,9.8800337944977,9.8800337944977,9.8800337944977,9.8800337944977
"1509",42.6967711938554,42.6967711938554,42.6967711938554,42.6967711938554,42.8266951006007,42.6967711938554,42.6967711938554
"1510",11.1511423629418,11.1511423629418,11.5807475647622,11.1511423629418,11.1511423629418,10.8974371058782,11.1511423629418
"1511",11.3624802874093,11.3097680720053,11.3624802874093,11.3624802874093,11.3624802874093,11.3639483144338,11.3624802874093
"1512",10.1411220266977,10.1411220266977,10.0258310956244,10.1411220266977,10.1411220266977,10.1411220266977,10.1411220266977
"1513",9.4886213126994,7.86186651441294,9.54367557660517,9.4886213126994,9.4886213126994,9.4886213126994,7.86186651441294
"1514",27.4520371841384,27.0812398104312,25.4513087971769,25.1378046465122,23.4543447202351,24.2771107108475,26.4318870356176
"1515",12.3294455274776,12.3294455274776,12.3294455274776,12.3294455274776,12.3294455274776,12.3294455274776,12.3294455274776
"1516",4.70390625520441,4.70390625520441,4.70390625520441,4.70390625520441,4.70390625520441,4.61798045486021,4.70390625520441
"1517",7.36796952530522,7.36796952530522,7.45973671313231,7.36796952530522,7.36796952530522,7.36796952530522,7.36796952530522
"1518",5.06848068321587,5.06848068321587,5.4661151200646,5.06848068321587,5.06848068321587,5.37960002276339,5.10767418098709
"1519",6.07149696889621,5.71177671056311,6.50979264822639,6.07149696889621,6.0714969688962,6.09926474388023,6.07149696889621
"1520",41.7249199139069,40.3375427897994,33.3253233377275,37.3319407549131,35.3940304112984,34.8545857733872,34.8545738249344
"1521",35.3051279763445,30.8023278939903,27.5845218481537,32.8807900078261,32.5644879324325,32.4214843005407,28.7911427217742
"1522",71.5919403805845,73.9089780319693,71.5919403805845,71.5919403805845,71.5919403805845,71.5919403805845,71.5919403805845
"1523",7.43737797954588,8.92904329805295,32,53.4450517503372,51.2434828557876,33.563115506595,32
"1524",11.696836030758,11.7306898494306,28.5111539892707,26.9250646869383,27.0331337791248,28.5088191700636,27.0820391887018
"1525",6.80547376035187,10.8209286632099,7.07126215357018,11.040338819033,7.16745091710384,10.8833281281098,7.16745091710384
"1526",3.90834722285633,2.63512433801962,3.78791657580939,3.72363023299715,3.5743462400385,3.71532194407222,2.9810806029203
"1527",11.9000387536038,11.0551004774852,11.3574017391519,11.1846023053007,10.9714700738355,10.9714700738355,10.9277535733383
"1528",9.9903441022799,10.6251053960716,10.6251053960716,10.1429787754786,10.2556536853247,10.1968070543847,9.85360365278026
"1529",12.7007374720193,13.5095607790742,12.7897213040793,13.1856304390542,13.1856304390542,13.1856304390542,12.4950686127235
"1530",11.2678220191279,9.90217414163948,10.7730223156689,10.565874404364,11.8390360379994,11.2096758358577,9.20787353739337
"1531",6.78641850697037,6.78641850697037,6.78641850697037,6.78641850697037,6.78641850697037,6.78641850697037,6.78641850697037
"1532",12.5882748285434,12.5882748285434,12.5882748285434,12.5882748285434,12.5882748285434,12.5882748285434,12.5882748285434
"1533",5.19814642195501,7.72894707868851,5.68017849869132,5.33873690080662,5.16863624939917,5.09187779234233,6.60674596516659
"1534",155.482975860635,161.634515445797,159.998709199364,163.419411168652,160.31727236481,160.317336760369,172.20941577566
"1535",59.7665605092695,54.0454604819809,59.8001869782681,59.7665605092695,60.14588184805,59.7665605092695,37.1823272179716
"1536",18.6252897729745,55.3546280312145,20.8237777693509,18.8750317023327,13.7820093687441,13.7820093687441,13.7820093687441
"1537",20.2137191720359,102.481426546556,29.7714911303426,19.3075030698441,20.2137191720359,21.2268679493382,22.1747226392669
"1538",13.5768310918649,29.1573759831734,13.5768310918649,13.5768310918649,13.5768310918649,13.7316393414104,13.5768310918649
"1539",32.198243796628,8.16952223309559,11.6210192847752,10.7730739643685,11.9436974278513,11.7902912115242,9.79353247449599
"1540",17.4631072536248,8.36377325744958,8.31673926433477,8.02229993521744,8.1232952596491,7.83800147233896,7.49087339812425
"1541",11.8410494238358,11.8410494238358,11.8410494238358,11.8410494238358,11.5991922828426,11.8410494238358,11.6184208004534
"1542",13.01991705652,10.4674472315945,11.7962522775681,13.7995914547799,12.4277793241117,13.2025685407379,10.3557955401878
"1543",11.4440394285677,11.4423479664109,11.7714350326868,12.6481451246686,12.8531763307311,12.6502528419226,11.2135319574169
"1544",106.844107159896,106.844107159896,106.844107159896,106.844107159896,106.844107159896,106.844107159896,106.844107159896
"1545",134.929618653868,147.49642487029,134.929618653868,134.929618653868,134.929618653868,134.625630326914,148.474505506048
"1546",180.869845365605,180.869845365605,180.869845365605,180.869845365605,180.869845365605,180.869845365605,180.869845365605
"1547",72.3893293825525,76.0834590143906,73.4535589206744,73.4535589206744,73.4535589206744,73.4535589206744,76.8395961614038
"1548",193.497038631219,193.497038631219,193.497038631219,193.497038631219,193.497038631219,193.497038631219,193.497038631219
"1549",145.254154942778,145.254154942778,145.254154942778,145.254154942778,145.254154942778,145.254154942778,145.254154942778
"1550",54.4295148592631,54.5781987845642,54.697770144188,54.8947132644168,55.3041227756774,54.5430153784382,53.8410749661044
"1551",12.8943746835579,7.98457660090269,10.9750007178785,6.82901243678363,5.8075676981666,10.8807009173021,14.5657974825861
"1552",7.43312253592799,8.46978546003505,10.4040620275801,7.43312253592799,6.65692420590106,6.65692420590106,8.46978546003505
"1553",4.21135935932073,4.07819355939824,4.21135935932073,4.19762950568791,4.06955471930683,4.14997231021844,4.03100705343819
"1554",14.2065359350069,16.5102880709262,11.8296687906473,11.8296687906473,9.79708277421075,12.9751066534501,13.7733315029124
"1555",6.03930971060706,5.6180880165231,10.212713022798,6.235039248337,4.21286577306084,4.38462209058784,5.6180880165231
"1556",11.6259600173721,17.3935993318339,9.79061611088615,9.74734152861328,8.97499878753537,11.4113477524555,9.48277629935043
"1557",6.99222428843882,6.99222428843882,6.99222428843882,6.99222428843883,7.50475150381545,7.6394915272588,6.99222428843883
"1558",5.92528400556449,5.92528400556449,5.92528400556449,6.14142467874661,5.92528400556449,5.92451046532829,5.92528400556449
"1559",14.7574519879411,22.1391492356883,11.9696712306702,13.4033328278928,14.7574519879411,13.0176467305695,21.1170497543044
"1560",14.0644803118157,31.2297217422643,16.9581158526743,16.1094019410228,16.7545145648113,21.7072564829718,27.7233232129612
"1561",4.57905137453597,4.40857732181748,7.20975343110571,7.03125110547908,4.3594100333838,4.31628150599485,4.38629228130372
"1562",7.43850475684204,13.7003858684903,9.80184832594689,9.25324314768014,6.44173319785552,11.0634890343509,18.5798243556262
"1563",11.648179164691,12.5441568403733,11.8256736926127,11.3110518839812,11.6770541866912,11.6481791646911,12.5441568403733
"1564",8.50283544072692,8.50283544072692,8.97581323984387,8.50283544072692,8.50283544072692,8.50283544072692,8.50283544072692
"1565",8.20881445262486,8.05149014440418,8.73148039315434,8.0363873332535,8.20881445262486,8.13925525270741,7.80971017088856
"1566",21.9301358347465,22.2429198657118,21.930100338206,22.4678420218191,21.9301585640885,21.9301358347465,22.0586934242387
"1567",75.4654913710852,100.783213183864,100.783213183864,75.4654913710852,75.4654913710852,75.4654913710852,75.4654913710852
"1568",76.3060365508556,138.558226102955,93.1050022872442,67.9885974117923,85.7406768794104,118.63676600622,136.42305685128
"1569",76.8654311658215,69.9333848037297,69.9333848037297,56.6550419750608,56.6550419750608,56.6550419750608,56.6550419750608
"1570",103.731247957478,99.1133727291025,73.0231078911282,57.645811653173,69.7664088949227,73.5282309517954,73.8587447249389
"1571",69.3744375069868,59.9780853777773,59.9780853777773,49.9044074057391,49.9044074057391,49.9044074057391,49.9044074057391
"1572",14.6962130846669,14.6962130846669,14.442112737407,14.6962130846669,14.6962130846669,14.6962130846669,14.6962130846669
"1573",6.8405397733745,9.21733919320986,7.094314439738,6.44941299757913,5.91302364551433,6.45208706107432,9.23729441752069
"1574",13.0712194590537,9.4821887146992,10.2355586015966,10.4056953176002,9.81619657973249,9.81615441801049,9.86091294739535
"1575",9.59534025660287,10.0042335107678,11.3560084652528,11.2741583122034,11.2855349008345,11.2855349008345,11.7184231304592
"1576",29.8179210449363,29.8179210449363,29.8179210449363,29.8179210449363,29.8179210449363,29.8179210449363,29.695858382323
"1577",24.7019975490946,21.4317548863625,24.5192942855206,24.5192942855206,24.6175312625777,25.7566996070209,21.431750187057
"1578",26.1351749079575,18.4599327466828,25.8148233503349,24.7915682466647,25.7238825981074,25.8003483312386,18.5060764318855
"1579",29.3950991176598,29.3950991176598,29.3950991176598,29.7070100281944,29.3951083921285,29.3950991176598,29.2143703858153
"1580",9.20795305102273,9.20795305102273,9.20795305102273,9.20795305102273,9.20795305102273,9.45074604022176,9.20795305102273
"1581",142.651091863153,142.651091863153,142.651091863153,143.51051996219,142.651091863153,142.651091863153,142.651091863153
"1582",143.945290346233,140.201802217751,143.945290346233,143.945290346233,144.741373516917,143.945290346233,137.742986930132
"1583",138.885543385426,138.914584843373,139.143642077688,138.995534016928,138.908779300525,139.193705551991,137.405673429663
"1584",81.8157941467284,89.4105234730503,81.7972368092291,82.277668011386,82.0312296755737,82.6574873814562,88.6044443147702
"1585",105.064283664377,105.064283664377,105.064283664377,105.064283664377,105.064283664377,105.064283664377,105.064283664377
"1586",20.2082426904856,4.88972036060359,4.88972036060359,4.88972036060359,49.3263686250482,7.67982304976149,4.88972036060359
"1587",68.9789481520991,57.7456592001998,63.7849360047853,73.9922831353397,71.3944312171559,73.1492112754751,61.1392990735827
"1588",10.6833659992803,10.8247656955932,14.1225416652499,14.5931804472658,10.0793064311017,9.54738928928245,9.62480816324947
"1589",14.2059519245137,14.2059519245137,14.2059519245137,14.2059519245137,14.2059519245137,14.2059519245137,14.2059519245137
"1590",39.9237060891756,43.6648995836121,43.6648995836121,29.6614339086044,29.9458910316172,29.9458910316172,29.9458910316172
"1591",85.4472795824627,86.0390803125336,87.837009256189,289.608013130489,93.9484863985365,84.9107611825367,87.2037786420994
"1592",57.9980205768672,54.8061643768237,51.6083566057138,179.142707855877,70.9317823816029,59.3686977843851,52.9440097970506
"1593",82.8457504042365,82.3499430781879,100.176224312502,254.182440808035,79.098694978145,82.8457504042365,82.8457504042365
"1594",43.3040488716471,34.1823897130961,49.891659086103,153.883123798882,47.4081567566863,39.5275307296782,34.018037808895
"1595",70.5901606615615,70.5901606615616,79.7328889269161,230.755948308601,85.7306340958002,70.5901606615615,70.5901606615615
"1596",71.2990515103651,61.200543145163,74.4930959140052,223.130239344243,84.8933682580749,68.658371696499,61.790922941424
"1597",132.071147007806,114.861763210411,133.169033219104,400.422572771873,159.419498698032,132.637086621993,114.632619782763
"1598",41.2159515823768,41.2159515823768,41.2159515823768,89.1865844761458,43.1925057812775,41.2159515823768,41.2159515823768
"1599",27.5650162256063,19.7313474815361,27.5371257050404,27.2596007998529,27.695926401967,27.2768684274465,19.1077032543048
"1600",7.88836413654103,5.05856192862314,4.44529757574637,4.30982658328368,4.98798313408015,4.38940793882812,3.43358799883743
"1601",10.3769425207026,10.1926331928779,10.1926331928779,10.1926331928779,10.1926331928779,10.1926331928779,11.2288409799315
"1602",53.6927296177757,53.6927296177757,36.9368648037694,38.4911023460962,36.4417220420242,39.199413645072,39.199413645072
"1603",45.6708086055799,45.0663161974531,31.0447175069996,34.8237584004389,33.318360924272,35.1897817203906,31.6196553626917
"1604",7.42880129120511,9.24054313127265,7.45192980129975,7.43366528469622,7.44300806443229,7.48321151745193,9.21304636878983
"1605",1.46894348229728,2.84423417824775,5.35677754254626,5.05720038437096,5.45402780631946,5.05720038437096,4.62822147795299
"1606",7.15180541809771,7.12136858769011,6.82542770132012,6.8254008371632,7.36866316066502,21.2589073887377,8.0425316056476
"1607",11.3239495064323,10.6289522434881,10.6167501569592,10.6167501569592,14.8919193963235,14.8979066161482,10.5911417694011
"1608",12.0215902427786,12.0215902427786,12.1862818255555,12.1211294431332,12.1862818255555,12.1862818255555,12.0831024875761
"1609",11.5240740719403,11.5240740719403,11.5240740719403,11.5240740719403,11.5240740719403,11.5240740719403,11.5240740719403
"1610",243.672728311203,243.672728311203,243.672728311203,245.151625840357,243.672728311203,243.672728311203,242.293511561924
"1611",62.964215164949,62.964215164949,62.964215164949,62.964215164949,62.964215164949,62.964215164949,62.964215164949
"1612",79.5818531731368,79.5818531731368,79.5818531731368,79.5818531731368,79.5818531731368,79.5818531731368,79.5038505092514
"1613",223.491226553265,223.491226553265,223.491226553265,223.447373785059,223.491226553265,223.335115948733,222.495830943852
"1614",54.0586211168078,54.0586211168078,54.0586211168078,54.0586211168078,54.0586211168078,54.0586211168078,53.5409037947583
"1615",165.084002327117,179.382370155592,165.084166199493,166.186081156977,166.945940994588,165.809843929821,173.194029710608
"1616",46.139961720291,46.139961720291,46.139961720291,46.139961720291,46.139961720291,46.139961720291,46.139961720291
"1617",237.143404939469,237.143404939469,237.143404939469,237.143404939469,237.143404939469,237.143404939469,237.143404939469
"1618",118.781788455405,121.808644892745,117.302443691424,117.221330129148,117.503326867969,117.503327887027,122.058454614592
"1619",8.96739122887576,9.4155132501608,8.4484479962566,9.25351913400936,10.3148915938984,9.86278398055665,7.52749528814225
"1620",5.53280008474867,5.53280008474867,5.53280008474867,5.53280008474868,5.53280008474868,5.53280008474867,5.53280008474868
"1621",11.7659934281457,11.6556189567951,11.7659934281457,11.7659934281457,12.0273842067679,11.8197719221846,11.5633403424695
"1622",5.84428610430512,5.86281228985304,5.83816897755073,5.81358866105473,5.8442861043051,5.7467968974883,5.81716908058145
"1623",146.187174895544,142.958156913387,135.700191575312,159.117790215237,130.303601737342,131.319719368741,151.644544403999
"1624",75.7071456985506,77.9786850543048,76.0832505884192,75.7071456985506,79.348052872719,75.7071456985506,75.7071456985506
"1625",31.9511371426306,36.3240303443363,23.2980526919696,24.3596085437898,27.9926878403101,39.0995364525321,29.0821223858598
"1626",8.29776139838225,7.16132216043744,8.58952144597413,9.10106050187131,9.21410393102165,9.64983424134156,6.9648839961402
"1627",4.23499258405547,4.23499258405547,4.23499258405547,3.73656432240697,4.23499258405547,4.23499258405547,4.18916110140365
"1628",7.73863467269071,15.0458725396607,15.3357305865592,9.71741602716515,8.54150602232146,6.71216130555513,5.45408872180529
"1629",34.7905043241352,34.7905043241352,34.7905043241352,34.7905043241352,34.7905043241352,34.7905043241352,34.7905043241352
"1630",5.10860795531774,3.05565694043934,3.44814853640762,2.65733536192954,4.90932520484413,5.32708811464634,2.30412552077395
"1631",25.72481635369,23.5617951343074,22.2741311213567,25.6062575362586,25.6062575362586,25.6062575362586,14.9929032414809
"1632",11.0235307035037,19.3559074756242,4.17629695306435,14.2971262024902,13.7336786185373,14.3035585323874,7.77314028348046
"1633",53.0043085017534,41.628179047103,45.5605954695088,55.5350383188819,45.4122079345483,51.2060452747312,51.2985453430765
"1634",5.54111952239794,5.48136777239277,5.51803264585434,5.47933947544736,5.47933947544736,5.47933947544736,5.47933947544736
"1635",7.71025960904891,7.71025960904891,7.71025960904891,7.83666578016304,7.72776267734016,7.71025960904891,7.71025960904891
"1636",40.4056303703768,29.0424286939527,57.4783051967646,29.0424286939527,29.0424286939527,41.3989117551069,29.0424286939527
"1637",4.19305805025959,4.19305805025959,4.19305805025959,4.19305805025959,4.19305805025959,4.19305805025959,4.10732167459248
"1638",5.01288618486864,4.89411948769181,5.01288618486864,5.01288618486864,5.01288618486864,8.3029257288237,5.01617622175897
"1639",14.8931609448407,14.8931609448407,14.8931609448407,14.8931609448407,14.8931609448407,14.8931609448407,14.8931609448407
"1640",17.4990187268399,20.4451230561494,21.0551678958487,20.3746685290588,17.5919144855222,18.0112238966825,17.1624931419764
"1641",19.9310172958054,16.1296734854029,19.1195423862852,18.9262573938948,16.7303506086915,15.7024326374689,13.0844011796187
"1642",11.925935395208,10.132031520567,11.9013986142082,11.9057433265368,11.0099624669678,10.6008375626461,8.8288186576065
"1643",14.3065015769475,11.902249544648,13.7023359165072,13.7345687423341,12.5715924548837,12.438160500859,11.1261200827643
"1644",5.52068745983275,5.52068745983275,5.52068745983275,5.52068745983275,5.07001350665655,4.83801895539666,4.5980733609148
"1645",12.8776452211035,13.2482109856815,14.742351138585,15.4966510678671,15.7555929023417,15.9514462034715,50.3202898015642
"1646",24.2980490622924,13.5822961418038,7.26397703688783,32.1364896564359,24.2980490622924,13.4612750259556,8.51136701937931
"1647",34.1363769792189,33.4390131383397,34.1363769792189,34.1363769792189,34.1363769792189,35.1022775588423,34.1363769792189
"1648",12.0008254763458,12.0008254763458,12.0008254763458,12.0008254763458,12.0008254763458,12.0008254763458,12.0008254763458
"1649",17.7438979867015,17.2808536375519,17.3867036649206,17.139850356239,17.0458938407775,16.2688717807729,16.2303192572312
"1650",10.9048985724105,20.3804224626412,17.5324357274225,10.9193513057105,13.4892281742961,12.9840036675213,12.5751541777297
"1651",5.52513544994303,6.53171006772438,5.55169820722683,5.50504872673365,5.50304786414844,5.52616108916957,6.70126094582104
"1652",8.47006326843451,10.2294576676323,11.5715450497085,10.9701762011521,8.49516320501246,9.71077169591267,11.2873246713332
"1653",3.45990497133987,3.45990497133987,3.45990497133987,3.45990497133987,3.45990497133987,3.45990497133987,3.45990497133987
"1654",3.81985627636092,3.40418323305242,2.7049891482983,2.70972133845519,2.74195263501228,2.70648311694324,3.15334286392995
"1655",7.51826821465412,6.46196209862434,7.51826821465412,7.04483649083763,3.65992582889358,3.53208861792348,6.40547996797201
"1656",5.74331178618226,5.20271295792135,6.38975629686563,5.74331178618226,6.13915077935276,6.3897676378576,5.51470947572962
"1657",2.77554569253626,2.77554569253625,2.77554569253625,2.77554569253625,2.77554569253626,2.77554569253625,6.66098469000396
"1658",4.25768907905343,5.78634046014459,3.92128745670114,3.20338079780451,2.97400141198772,3.8344111911663,10.7370801985422
"1659",8.22786354165313,7.01931467977931,13.8978584295239,8.22786354165313,4.51542671461278,4.51542671461278,13.2442935528492
"1660",4.31666872563033,4.13468447615225,4.90283228974409,4.42891698043376,2.50054905849256,4.89748549729522,4.2159786315353
"1661",4.22847785502611,4.22847785502611,4.23428152057482,4.22847785502611,4.22847785502611,4.22847785502611,4.22847785502611
"1662",4.74025622443641,7.22337016726772,5.74391061445397,4.72386625076979,6.55933278632583,5.78137892119226,5.25255492363395
"1663",23.6002323513932,23.7184684499472,23.7798116434484,23.3635208560132,23.6358119175931,23.0499256504463,23.0551400770488
"1664",9.39530739029405,9.39530739029405,9.39530739029405,9.39530739029405,9.39530739029405,9.39530739029405,9.39530739029405
"1665",10.2550172776297,10.3593106284705,10.3624978178904,10.3593106284705,10.3136533604694,10.2554710334201,10.3627030907566
"1666",8.57641718991227,8.57641718991227,8.57641718991227,8.57641718991227,8.57641718991227,8.52638604007692,8.57641718991227
"1667",8.57035342091457,10.5712557589325,9.29784444633,9.00919776196335,8.72770851438995,9.20591581174854,11.1708226770316
"1668",11.9582171401911,11.9582171401911,11.9582171401911,11.9582171401911,11.9582171401911,11.9582171401911,11.9582171401911
"1669",8.87326072318605,11.444216592834,11.444216592834,11.0942144210956,10.1811548365071,11.444216592834,11.444216592834
"1670",11.385263382566,11.3679623959993,12.1673592683388,11.385263382566,11.5401216998474,10.929556155998,11.2092634260804
"1671",7.85890511824739,7.05972405810179,8.05448398037682,7.93935708253448,7.18021226083965,6.78402421874483,5.77160929153445
"1672",2.12162629343653,2.12162629343653,2.05309130700629,2.20660938290593,3.65885120096005,4.1136097163888,2.85025554844005
"1673",6.48358777995098,9.30093254407136,8.76604713326718,14.6791588282673,4.23221006651786,6.49058867949159,9.34249159562919
"1674",4.76779418634984,4.76779418634984,7.28123347450396,8.21139644854753,6.34555827341212,4.95663469420012,4.76779418634984
"1675",5.4208194228461,5.00349926762247,11.5850289826085,8.52813543320268,6.30279766250302,4.56374161110442,4.81771914721306
"1676",27.0214817836306,27.0214817836306,29.4457525296903,27.8937469827705,27.0214817836306,27.0214817836306,28.6383430207286
"1677",20.1835077970498,20.5047867106752,20.1835077970498,20.1835077970498,19.9165568359884,20.1835077970498,20.1835077970498
"1678",14.0756199558777,14.1902031787806,14.0756199558777,14.0756199558777,14.0756199558777,14.1902031787806,14.1902031787806
"1679",144.433795840201,143.039724660733,148.942601018512,146.657818974673,146.77026871071,149.851986841468,152.142702320296
"1680",37.8429657174248,38.405692143282,39.0159635602903,39.6966146142008,40.3802735364299,40.7145997084745,40.8702359442825
"1681",14.8290533303065,15.2127618426301,14.6365258757749,14.5333848500259,13.7317930644496,14.2955614666455,13.6499899595427
"1682",169.722306485592,169.393312019453,169.694352166185,169.722306485592,169.722306485592,169.722306485592,170.313061535105
"1683",38.5747298834859,40.6959984476455,40.6959984476455,40.6959984476455,40.6959984476455,40.6959984476455,40.6959984476455
"1684",23.5421526701026,29.299026752422,25.1726421131967,25.4705250707234,25.3078912723718,25.1281647276772,32.1923628941702
"1685",145.625278621657,145.625278621657,145.846986838723,145.726670101244,145.625278621657,145.625278621657,146.568034961784
"1686",12.669126238243,12.7123478125388,12.4806482275128,13.1274784318232,12.2335593981371,13.0845907283573,13.3376133194619
"1687",17.9034142182952,17.9034142182952,17.8458944100362,17.9034142182952,17.9034142182952,17.9034142182952,17.9034142182952
"1688",13.5424505552193,12.6862629043183,13.318538971179,13.7054321099243,13.1819639745964,13.3895496588652,13.5143872276958
"1689",10.3511930447592,14.8870493836533,8.76812144514656,9.73212057051147,10.0888881362693,10.2704901435695,12.9952470996532
"1690",52.5366238937844,52.2269431058596,52.5366238937844,52.5366238937844,52.4464648428346,52.5347438497795,52.5346526369587
"1691",15.29559271015,15.29559271015,15.29559271015,15.29559271015,15.29559271015,15.29559271015,15.6603291241439
"1692",12.8871708125315,13.1109891020162,13.2230409808884,13.331594617242,13.5273356785677,13.2759023527165,13.433384678067
"1693",12.8453781537427,13.6582708407076,13.1717691748563,13.1079892244069,13.1175806480143,13.1746910031731,14.4958179517862
"1694",62.37868398696,62.37868398696,62.37868398696,62.37868398696,62.37868398696,62.37868398696,62.37868398696
"1695",6.27847846718414,6.25281907107806,6.27847846718414,6.27847846718414,6.27847846718414,6.29110496150842,6.27847846718414
"1696",4.8801622749009,4.8801622749009,4.8801622749009,4.8801622749009,4.8801622749009,4.8801622749009,4.8801622749009
"1697",24.3877805433093,24.4241880213451,24.3584194937049,23.2233324751043,19.8373891004936,13.7829724514104,13.7158716015142
"1698",7.89545036227022,9.21069887948309,6.07081365615159,7.18500745190305,6.20132822790267,7.59298833090684,9.7665705314058
"1699",18.9454021361256,18.9454021361256,18.9454021361256,18.9454021361256,18.9454021361256,18.9454021361256,18.9454021361256
"1700",13.8123107150823,13.6558793450132,14.1667989864142,12.887332615092,12.5688805188296,12.5292925452716,12.4417477373408
"1701",18.7939361853466,17.4330898436833,43.0335296596736,17.8392116062455,43.0335296596736,17.8392116062455,17.4330898436833
"1702",20.1316782405375,23.327681817367,42.6706929662526,58.7012441521624,34.2860574985217,50.2473294930921,33.1554467352346
"1703",38.8926259436406,33.6658485530198,78.4467331903232,169.392126214345,63.2670047191686,126.159503578979,69.506059453758
"1704",13.0309168600756,11.2697260362912,33.9499488468771,43.9775533682841,30.2559820159214,80.0472015613651,20.06374166986
"1705",11.7102915402168,20.6666035677865,40.0479302449635,55.9071801102446,29.1747027321337,48.9738320060905,28.6278759826548
"1706",18.5752915648783,16.851857551273,45.8210426633842,35.6213624551782,35.0610291590278,34.6830241442414,28.5455641203853
"1707",35.9560297129614,25.2514564884273,94.2067372560705,136.83333259545,94.6638896240752,135.248403989724,34.85164405253
"1708",16.6558501370254,22.7305201372059,36.8943496617531,45.0651783322257,34.8919298627588,45.0651783322257,22.9682217275674
"1709",12.4806418745347,13.1398565083326,33.7009729471594,40.6450669650725,32.6508838328608,40.0778269844119,32.0824011894111
"1710",15.2475407192065,13.6708960934814,36.4221642172193,41.8353105560296,35.7990768304484,41.8353105560296,21.9931997321353
"1711",18.89705728763,18.8548721760945,42.4727764240322,65.5805090346645,37.1927188226565,59.9428096921516,36.1085417716726
"1712",13.0778125583879,13.7283880013348,25.737378519813,24.3840114333721,25.3238632508501,24.3840114333721,22.7568359849125
"1713",11.0072477553031,10.3356753631056,17.7973881518052,17.4857235025763,17.4068296078204,20.1010964742244,16.3785289307695
"1714",6.28931415015478,6.75995784781108,9.98921154411229,11.7317176712737,12.3717847151571,14.5951966033726,11.9269124862076
"1715",11.4306112719725,11.5014708249016,43.1730607839308,38.6286555710213,23.828299185523,22.7492994296,22.9607734549989
"1716",13.997854138928,13.6365738928457,41.2801620855348,27.2094233558646,42.7894660701394,27.647936201361,26.1748828817228
"1717",12.9517222799632,11.6827220793432,43.536120473835,35.1095512966984,19.0866685599055,18.5397250611765,18.8167811396006
"1718",28.463094383153,34.1836252144856,123.064171081699,64.1465105635274,48.0265753038267,47.605699720411,58.6650021113332
"1719",12.1632791453126,14.3018942363607,33.9264199174,56.2739010807044,69.8768222671546,22.8175425277012,26.3554630719609
"1720",16.53707755384,16.53707755384,63.7907757433552,56.0004425548528,56.0004425548528,56.0004425548528,56.0004425548528
"1721",33.1617519178222,33.1617519178222,72.0625246192538,64.0817562039614,64.0817562039614,64.0817562039614,64.0817562039614
"1722",20.7650774896634,28.4828901180491,107.914864754734,65.9358356031619,107.914864754734,62.2855653288253,82.4556966064274
"1723",14.1785485027538,14.9009372740045,49.5205456297063,39.6086748613515,28.5568418745773,27.8223631641129,28.7472214239335
"1724",7.99676387204523,7.47861668668473,8.96791445736456,9.28110057574277,9.22578920382804,8.64852041658859,7.10654403399427
"1725",9.04469069748476,9.35031531794649,9.46524058163427,9.6372711991066,9.82873823818647,9.84385327542564,9.69823060666826
"1726",10.1953382350767,13.0714975945363,10.4305237847504,10.4427139049532,9.64235072463035,8.41697546303393,10.9545075539329
"1727",11.0050806293074,11.0050806293074,11.4361638505781,11.0050806293074,11.0050806293074,10.5704568033498,11.0050806293074
"1728",7.55136730226923,8.9287298034127,2.44453388946578,1.98221242684121,4.65956109691833,6.3281383608346,3.47359287638454
"1729",14.327520922278,11.2157942092521,14.3273117235953,15.0125351105317,14.3273117235953,14.3273117235953,11.1394491522561
"1730",12.4128761080084,12.4128761080084,12.4128761080084,12.4128761080084,12.4128761080084,12.4128761080084,12.4128761080084
"1731",7.62178838576255,8.52278571511037,7.62178838576255,7.62178838576255,7.62178838576255,7.62178838576255,8.56260137741154
"1732",7.72822822944704,9.11582165334871,9.11582149042328,9.40780039170498,8.54500044195654,8.98383712751865,9.20871646013541
"1733",4.56751497789895,6.04498586308911,4.94195867712537,5.15270632136495,4.96889940843299,4.4947724866799,5.69168141813731
"1734",9.62456054126766,10.0602936538939,9.62456054126766,9.62456054126766,9.7779622441959,10.5877175011291,10.1489702289807
"1735",15.9843780631652,13.0712100649894,14.6612673733807,14.0029933950204,13.8132562505599,13.851192707099,11.429407155029
"1736",5.22380676773188,4.25427966755758,4.86426652656145,6.64028389758442,6.67908145873202,6.15874086434703,4.2099780677055
"1737",8.58638766700525,7.94031293485464,7.69837638644576,7.87892782002393,10.2430460548433,8.41100897872428,8.49076246114533
"1738",9.26272042088453,8.7791645094971,8.7791645094971,8.7791645094971,8.7791645094971,8.89154351519358,9.0490093643913
"1739",35.5448814391568,29.1767838542487,17.2030665031399,17.2014640922472,17.2014640922472,8.97519896538281,6.66767284432055
"1740",5.78529405283979,5.46593121531304,8.78629609778165,8.53822789557235,6.01955888977843,5.78529405283979,5.46593121531304
"1741",4.37400446457709,4.37400446457709,7.27519647809843,9.92779035031201,4.37400446457709,4.37400446457709,4.37400446457709
"1742",4.26399035187621,4.26399035187621,4.94207256533717,7.18957067346135,4.92155860869674,4.50494684449417,4.26399035187621
"1743",15.6158182620091,22.4167863680424,18.5966960305349,17.3342046338226,36.5901177396173,22.5109813989375,27.8693979847757
"1744",12.6466067870455,12.6466067870455,12.6466067870455,12.6466067870455,12.5543079160031,12.6466067870455,13.1816999594899
"1745",6.2719030318629,7.81822380902269,6.24540643998431,6.21211392579969,8.95098466457337,8.59731454156046,5.84060360096962
"1746",13.6789493761604,11.8564601876662,3.95475212507645,3.26739275770306,5.65825058833886,7.25244495149996,12.4643771261754
"1747",7.45421635785031,8.73410482061594,6.14586252348701,7.48786167109644,6.00578612329018,6.45354848035273,12.1394273506218
"1748",10.3490302394067,9.75053834246455,10.5441652073972,10.5292419792799,10.5441652073972,10.5441652073972,9.41586924040531
"1749",17.6422029339693,19.5661334764234,17.4830866332544,17.5651475648034,17.6422029339693,17.6422029905369,19.5877599758425
"1750",5.90676891764699,13.4336135438403,11.7619323237836,6.16986848972656,5.08943254252581,5.22190429843426,6.10522290497572
"1751",10.1957105383529,9.5061537680051,10.4428218783093,10.1957105383529,9.62773870680055,9.11307028697892,8.30130534940409
"1752",10.43552671668,9.60023118787912,10.3041940727308,10.2853027911907,10.1563096504284,10.0734250052661,8.93951353173932
"1753",13.0680323168906,13.0124422960339,12.7564170188367,13.0052056460624,11.4691453882893,10.9267455430192,10.700527831981
"1754",7.82629094188932,7.82629094188932,7.87648726093309,7.82629094188932,7.82629094188932,7.13544073214423,7.08109256246212
"1755",11.5283032733673,11.5283032733673,11.5283032733673,11.5283032733673,11.2081396661895,11.1932910436715,11.4842233533621
"1756",17.7084855253209,13.7290812322339,15.1205468004831,17.9127748124245,16.9021486451082,21.0276834020645,19.7136089100698
"1757",4.84817219796031,17.1200821514505,13.1591145389619,4.88535929339981,7.7953674140357,5.51755281047648,6.10656276045201
"1758",18.3866078196037,15.6325842708703,17.4989116464479,17.1752782463459,17.1752782463459,17.1752782463459,17.1752782463459
"1759",6.45828470787754,6.55565816051256,6.45828470787754,6.56885315823135,6.45828470787754,6.45828470787754,6.16255000015253
"1760",6.44298456291494,6.19526970960427,5.51472174901758,5.46149915417776,5.55452005211923,5.78333367721576,5.99506226830379
"1761",3.96903752454136,3.83525784205106,3.96903752454136,5.40038984108855,9.2196284949864,5.50364150263641,4.51968591664889
"1762",27.1057994706331,18.7715032250638,39.7858495273567,27.1056813972163,16.3803148079087,16.3803148079087,16.6796524205334
"1763",11.7962261458121,8.3082633762783,28.1299485871018,35.2852517055441,27.3799981145134,35.7952960684327,15.5741139857526
"1764",6.05519832769001,5.14220075659147,6.03095558666772,5.97753091041305,5.89496881056314,6.04589999976623,5.00900960192368
"1765",13.7672864408094,13.7552769183154,14.0736978547733,13.7672864408094,13.731570644149,13.6557781068768,13.8098316791902
"1766",5.97141690919153,7.52583701660501,5.97141690919153,6.27858503127027,6.17062229365503,6.17598498109127,7.76945931934331
"1767",18.7667197673213,18.6441312497222,18.5193543723891,18.7667197673213,18.7292751498765,18.8555818178282,18.4380218326278
"1768",14.0836875968292,14.4918305609291,14.4793905534757,14.4793905534757,14.3545789713208,14.4793905534757,14.5344226988571
"1769",31.0014358556231,41.3821878529556,31.6905795900827,37.578677419709,31.6905795900827,31.6905795900827,41.3821878529556
"1770",8.37405695766178,8.388771192283,8.36716247760572,8.44015997736557,7.91365472720676,7.56117069958796,7.46068618095936
"1771",24.3336307444252,16.6589163332012,7.87599351427029,24.3336307444252,24.3336307444252,12.6963109601184,9.12625389000097
"1772",65.5649204520209,17.81274101677,15.2576989446454,73.3589019389517,55.4051914937789,17.0659608697111,16.4054351826888
"1773",4.4024827345113,6.05607503756535,4.4024827345113,4.40248273451129,4.40248273451129,4.5379789031081,12.8294207633541
"1774",7.36769490270128,8.3381008425155,7.40806506731699,8.03096963735454,7.87733451316279,7.19929753425178,7.36307638241275
"1775",5.739822709065,5.59977221411497,5.739822709065,5.739822709065,5.739822709065,5.739822709065,5.59977221411497
"1776",27.1117552832173,37.6092135631517,39.682158320937,38.9405270598207,22.353305501742,21.8313700545339,22.9849806634334
"1777",7.90265029489046,8.41182837117013,7.90265029489046,8.41182837117013,8.41182837117013,7.90265029489046,7.90265029489046
"1778",5.46588395175784,5.46588395175784,5.46588395175784,5.64211493708557,5.46588395175784,5.16560863270318,5.46588395175784
"1779",34.8614525881837,37.4147203524189,41.9892095241278,40.3246670848325,40.5688022457507,37.3930292370796,40.4749748970047
"1780",69.0102016921967,67.3143618218541,63.420322368673,65.4231083823408,67.931650089656,71.4387409565984,72.7941458571944
"1781",43.6272784565584,43.6272784565584,43.6272784565584,43.6272784565584,43.6272784565584,43.5400405519298,43.6272784565584
"1782",23.2454144876304,21.9602808705934,17.9840053994848,24.9588725953382,19.8575539346947,22.2347206833042,15.514809972858
"1783",91.1933604533026,75.8523618747073,114.268640113041,109.034187068927,89.4095809116078,76.3065643185529,89.374675770426
"1784",59.9455986548969,57.4412077633194,56.3748234090629,59.9455986548969,56.0883084307773,58.9752729471886,59.4866361427834
"1785",56.6878457199637,65.2672679218757,61.6001808114215,75.9653216813502,58.8770018220736,60.7949726342897,62.8784932519501
"1786",25.1853453863296,25.1853453863296,24.842699220382,25.1853453863296,25.1853453863296,25.1853453863296,25.1853453863296
"1787",38.7589334492749,29.263152989859,51.9553173968325,38.7589334492749,38.7589334492749,38.7589334492749,29.263152989859
"1788",10.9317774164536,10.5680467041785,11.7857085039578,10.9862068999943,10.284829616834,9.66673934018052,10.0300056449278
"1789",79.1176499362223,65.7480390212291,68.3745637803126,68.2138978836324,67.411326178023,78.2549946717993,59.0287474644997
"1790",117.904009992207,116.970435053722,119.024799563498,124.980418413086,117.27097658474,117.693505226759,119.024799563498
"1791",30.6086124011002,31.6005331585613,30.7954967032775,29.3941746876444,29.1290872111214,29.0219963389709,30.3805746162443
"1792",66.7211132587188,67.1417363844196,68.0368327091638,67.6428418300651,67.5951038085933,63.6277048946217,66.9194030988921
"1793",20.5972661809396,22.6478474895259,24.9198924612855,24.6814854929833,24.4668933457156,24.4266785625291,22.6979691505546
"1794",53.0081014141732,48.8560163875473,50.2469376764541,48.2679145734279,56.4697721624961,54.7751409487631,43.2400914328895
"1795",31.2357327528012,32.0295340424616,40.2331325599571,41.9034055156727,40.4631606915789,42.8697307785753,38.1532996623877
"1796",49.9493733390055,48.0951635502528,45.6202634364446,56.9043761544616,39.045932518882,42.7601535278724,37.2700166598498
"1797",69.6566390414215,60.68975578945,69.6566390414215,69.6566390414215,68.8844040416047,69.6566390414215,60.68975578945
"1798",215.318798653502,209.844022072999,238.879040720521,208.744532913718,209.865321092002,209.649248609312,207.003575260636
"1799",64.4062000057674,67.8028683426255,67.8536393150644,67.8028683426255,67.8028683426255,67.8028683426255,67.8028683426255
"1800",11.7224412498766,8.95104370923878,10.663828713719,10.3563962714858,10.663828713719,10.6254030952973,8.23257125092956
"1801",49.694542310995,39.0698979244607,49.8224593192258,79.2471347621985,85.6205530995475,45.6391842834452,44.8150445915851
"1802",29.8846494869517,24.212495961032,24.7023134817152,24.8922290356563,25.636493372179,25.1184294175578,24.6874153081251
"1803",3.6473555918825,3.6473555918825,3.6473555918825,3.6473555918825,3.6473555918825,3.6473555918825,3.6473555918825
"1804",4.33736372733904,4.37721039638296,4.40467023235449,4.40467023235449,4.40467023235449,4.40352083260255,4.40467023235449
"1805",6.78449062896657,6.78449062896657,6.78449062896657,6.85913549823241,6.78449062896657,6.78449062896657,6.62862381806886
"1806",24.0807960389351,25.164566142701,26.3103282451894,26.6253903844618,24.9376707439727,27.7146590203871,23.8872508765446
"1807",17.217746233826,23.7735476021874,17.217746233826,17.9464781198171,18.5805945426131,18.5805945435252,25.1263400416934
"1808",40.3403339779283,39.1321662290965,37.3057340138057,35.3595842921443,39.4689895880406,40.4885777988478,36.5562723715203
"1809",39.1149944069919,41.8699788786727,43.1214335664145,41.9678636542583,42.6172850486012,40.5376654331912,42.2440821522661
"1810",240.666558194584,239.696479872741,240.4954376853,237.601692659552,240.666558194584,239.015093394767,240.666558194584
"1811",319.569295055758,318.405844943947,319.89664496242,320.080137575748,320.687695138505,319.705820394103,320.190774563847
"1812",30.3723005520856,30.849883464245,30.8229159368906,30.8774163454622,29.9502709364844,29.9889825071641,31.0335537784632
"1813",31.6840401985974,34.1133852855425,31.2940787698165,30.8333219587576,31.2207206945487,31.8258989415167,30.1597925518105
"1814",1098.75952451647,1098.75952451647,1098.75952451647,1098.75952451647,1098.75952451647,1098.75952451647,1098.75952451647
"1815",5.94260078775996,7.2747198467357,7.45275423594254,6.60094358850871,6.97913642661588,7.65635436615657,7.88195075678409
"1816",64.4344656729053,73.7583680877489,74.3471735501924,65.4612654300846,75.3380318055026,74.3966065023745,74.1206092100542
"1817",125.669682330358,128.961419326555,119.013297064003,126.140919558608,127.08491018536,126.880226863326,135.93751961513
"1818",9.84185897439189,10.5588586625703,9.63027122503246,9.83457436449132,9.69973871270383,9.69973871270383,9.69973871270383
"1819",61.0033608741411,62.025269875268,59.1409642068082,58.4691906766448,62.9545891873463,57.253276643452,57.9431351536496
"1820",83.3664812969299,96.0732818644378,84.8970084741929,81.6225687865258,82.7349023783926,81.4599835284014,91.3144458916251
"1821",1003.62033289395,1048.89697619544,1014.16822554081,1011.60724194229,1022.49279193336,1010.96681614319,1046.42228908787
"1822",7.81227174083251,6.64125577529233,7.3722525962463,7.23394658079587,7.57211236811349,7.24519149624551,6.87977225756662
"1823",10.8678027908946,11.732249605035,11.7321806450184,11.7321806450184,12.3258732379065,12.2290972669156,11.7321806450184
"1824",9.10650744009614,8.2534903415358,7.49667056486471,7.49667056486471,7.49667056486471,7.49667056486471,6.99775482465433
"1825",17.7970076251265,22.1909909042902,17.7970076251265,17.7970071760382,17.5034169979429,17.739033187095,22.3978068214561
"1826",7.97928594633906,7.97834071792836,7.97928594633906,7.98197822785116,7.97928594633906,7.97928594633906,7.97928594633906
"1827",7.00492997673163,4.13944372846485,7.79532654426692,7.49258703358077,7.64489646878023,7.54920044055186,4.02379187401721
"1828",5.24922330362615,4.71250466688819,5.24922330362615,5.24922511303442,5.24922330362615,5.24922330362615,4.71250466688819
"1829",3.38515906681634,3.74249609470056,5.2780611604957,3.29140749465543,3.86624785132809,3.83418529093621,2.97552338160057
"1830",4.15278893114387,3.5644729566622,4.15278893114387,4.15278893114387,4.15278893114387,4.15278893114387,3.5644729566622
"1831",4.0404923360863,3.76640399768764,3.88364699567521,3.48769192032703,3.91873461411603,3.76640399768764,3.87667227018721
"1832",35.8020091822795,9.69471473623883,11.661609509999,11.5996689397799,11.661609509999,32.3703394257714,9.74146608939814
"1833",6.13941796696232,4.8561919999182,4.87572211975445,4.87959093906513,4.87531276621897,6.13941796696232,4.86546143931156
"1834",3.59151492609063,4.14906987308759,26.9791276420179,3.32003111214057,3.63125100631578,3.62489767931578,4.08236040372434
"1835",8.23915411801699,8.239154118017,8.23915411801699,8.23915411801699,8.23915411801699,8.23915411801699,10.5624336212549
"1836",8.99662412662406,11.9435429976621,9.10137021716232,9.11520033020984,9.12319904771565,15.2168259580363,18.2154314137941
"1837",4.34662489038196,4.65767916355963,4.57628265643114,5.27692639287994,5.381480563222,5.41619902097977,6.42330012621244
"1838",5.93088980333564,5.93088980333564,5.93088980333564,5.88873554038017,5.89746455146446,8.05318187425068,8.05318187425068
"1839",9.47465425053426,13.0437770773383,9.77539253741484,10.0459473630066,10.3886701698276,18.9158197486098,22.699113953358
"1840",12.1310689644258,6.93535769638445,6.93535769638445,6.93535769638445,6.93535769638445,6.93535769638445,6.87152113848214
"1841",24,7.75108964375577,7.75108964375577,7.75108964375577,7.75108964375577,7.75108964375577,7.65748818285035
"1842",9.6822718647477,9.22163650780002,9.02361768516166,16.1141678336035,22.4332501503362,10.0709215743262,8.94001060522477
"1843",12.8654909334655,11.6156361770094,12.5367226805258,16.1072741440344,21.7991475736428,15.7610518017505,11.2243312648778
"1844",11.3106365414244,11.3853462552922,11.1172956660769,10.9066483567404,10.8658771724478,11.3048777907619,10.8783227048773
"1845",2.55295575223724,3.22719795601023,2.82292733658531,4.74093510037091,18.8762232908601,2.72052135617788,3.31506030713338
"1846",5.66596514237872,5.24869688522105,4.97354221950235,4.91446568914894,4.79680084899945,4.79680084899945,4.40274302370604
"1847",2.9189553768977,2.9189553768977,2.9189553768977,2.9189553768977,2.9189553768977,2.9189553768977,14.8397721135585
"1848",6.34638561869445,6.34638561869445,6.34638561869445,6.37691785485543,6.34638561869445,6.34638561869445,6.37802953430169
"1849",2.92174334043841,4.86035534181489,3.495867172251,2.92310748325869,3.13786105607222,3.16623015715803,51.5373320306191
"1850",4.21470373593765,5.58933858931824,4.574939890252,4.79551705058585,4.84896594557425,4.79178741806726,36.2336731650137
"1851",25.2640699958027,23.7167859805908,21.7129671316042,22.094910863545,25.2640699958027,23.9700126284589,23.23496154762
"1852",10.3097268569136,11.9375567277569,10.4064407798554,9.72890584246335,10.4892326763681,11.1970984727601,13.2495473935048
"1853",10.3180658328749,10.3180658328749,10.3180658328749,10.3180658328749,10.3180658328749,10.3180658328749,10.3180658328749
"1854",8.1986418469769,8.1986418469769,8.1986418469769,8.1986418469769,8.1986418469769,8.1986418469769,8.1986418469769
"1855",5.87564099727919,5.87564099727919,5.87564099727919,5.87564099727919,5.87564099727919,6.04909868479299,5.87564099727919
"1856",20.7060844364199,20.7060844364199,20.7060844364199,20.2794526140018,20.7060844364199,18.9682809961849,20.7060844364199
"1857",10.2921826980101,10.2325939311474,10.2920619593478,10.2921826980101,10.2975617205916,12.5619822085436,12.5836230697785
"1858",7.70158498891659,7.56428216109474,7.70158498891659,7.94879383656929,7.31254452363658,9.24756145395159,8.15085273524899
"1859",8.55226155102311,8.77427558561352,8.77427558561352,8.98885687561185,11.7771913845295,8.77427558561352,8.77427558561352
"1860",5.54979931006357,6.16355831400995,5.54979931006357,5.54979931006357,5.54979931006357,5.54979931006357,5.54979931006357
"1861",5.30829384092634,3.49124936855144,5.29755579499336,5.3285988338839,5.31352025303153,5.33272131225648,3.49124936855144
"1862",6.50565576663297,6.50565576663297,6.09502948121827,6.2839127526261,6.1434216758446,6.30247687302891,6.47631435937465
"1863",7.65520885400996,7.65520885400996,7.65520885400996,12.3905743876966,7.65520885400996,7.65520885400996,7.65520885400996
"1864",5.71736840916541,5.71736840916541,5.84513436013112,5.71736840916541,5.71736840916541,5.54696677121211,5.83165596415185
"1865",12.5313735097182,8.43140331304235,11.54110899156,100.610095109297,41.2845867060131,11.8208468486704,8.18265429082871
"1866",11.0046402735753,8.82895720217466,9.70282844439765,9.53132579876538,9.33617697515653,9.53532158138694,8.78455424830964
"1867",9.99661332446549,8.51896126605268,9.12879125303685,9.03174506470097,8.6039337548541,8.88006802151832,10.1322910412702
"1868",12.6215093695279,12.6215093695279,12.6215093695279,12.6215093695279,12.6215093695279,12.5063644567529,12.6215093695279
"1869",20.6069681313132,32.7609496202049,548.015611688789,34.2187233889182,33.3693333106087,36.15270810828,32.5864222465598
"1870",64.7211723902274,25.8736300126541,351.890748932327,86.5217490685612,33.7957778816987,39.1280490201371,30.8081269199545
"1871",44.8973807357023,33.7307573702378,397.111594523947,42.3463907394744,41.9371887929921,42.3463907394744,33.7307573702378
"1872",64.4687883952572,14.757887310375,14.757887310375,14.757887310375,64.4687883952572,14.757887310375,14.757887310375
"1873",41.9581498231029,26.0358505505796,316.84164909884,66.4278767481122,39.1747292546585,39.4467958114391,30.3003330330611
"1874",3.49674322053643,3.49114694796503,3.49674322053643,3.49674322053643,3.49674322053643,3.49674322053643,3.49224678580591
"1875",21.7571822829166,22.3364827549648,41.1671087257936,21.7571822829166,21.445830499935,21.7571822829166,40.849544793804
"1876",30.4774634224361,26.3887613108768,59.4310604869784,24.2532482688866,30.6822129518598,30.6203501253281,50.5272045912778
"1877",15.1156191261605,13.4868997337391,13.6553703581696,14.928498869686,14.7512539382411,14.6535176080203,12.7462225163934
"1878",8.00348063106394,8.00348063106394,8.00348063106394,8.00348063106394,8.00348063106394,8.00348063106394,8.00348063106394
"1879",7.54781949335272,6.99191418733778,7.71622738618919,7.54781949335272,7.54781949335272,8.33703102594386,6.99191418733778
"1880",7.70193461746847,6.27672324779761,7.69828615106562,46.8784719178937,7.70192352514782,7.70193461746847,6.30734393656922
"1881",15.8272492253317,20.3022946619499,15.2223835924073,15.5374996426636,15.5467966698553,15.6631217110393,22.6562247278057
"1882",11.4962319363418,18.8372985317498,12.448744423775,12.7276081204129,12.621088173772,12.6776110237858,20.8883037741871
"1883",22.9523405155951,28.7961603131311,21.5324547326267,21.1622806245035,20.0160134132968,20.0212675804377,29.5937292757412
"1884",25.8186344243185,25.8186344243185,25.8186344243185,25.8186344243185,25.8186344243185,25.8186344243185,25.5480263660462
"1885",23.427189871427,23.7266656282658,22.9401107997607,22.6133681396099,22.6133681396099,21.9189572668091,22.568106135486
"1886",13.9455740353278,14.4601330230399,14.042241441225,13.9455740353278,14.3794325173994,13.9455740353278,13.9455740353278
"1887",85.6335674323345,85.6336995905732,85.6335674323346,85.6335674323346,85.6335674323345,690.128312184209,106.556846173193
"1888",20.5689699952136,20.7012853671144,20.9052612131673,20.9532606530006,20.680818925114,20.6590732672537,20.5689699952136
"1889",9.86670548136526,9.85625029664889,9.85625029664889,9.85625029664889,9.85625029664889,9.85625029664889,9.85625029664889
"1890",12.9988112570676,14.2289812432995,14.1079971587133,12.7853193945188,13.0182233983088,12.7853193945188,12.7853193945188
"1891",9.66736500226024,11.3506958577958,10.7317439976673,10.7794245125782,10.7588353352411,10.6751817370653,10.6966064099351
"1892",7.75998915688764,7.75998915688763,7.75998915688763,7.75998915688763,13.0968336206435,12.9678048202492,12.9678048202492
"1893",14.1053356585056,12.8302478380959,13.6453095069928,13.8850837032938,14.4458314230486,14.0504262987657,13.9940928225776
"1894",7.84498903334211,70.7522361606445,8.88498182469409,6.82793291622463,64.8543805990278,9.33525769625847,9.50439297489279
"1895",8.47175723484175,70.7192901569782,8.62863556807501,6.84234909453096,51.1520370820179,8.55122233487384,10.8048880440475
"1896",10.1924325213426,51.235047950542,10.1924325213426,10.0120003948681,38.0275493534663,10.192471123057,10.1924325213426
"1897",13.482751279275,12.5146727715417,13.482751279275,13.5362877325963,13.7814889458169,13.482751279275,12.5146727715417
"1898",12.5975404996476,166.352308514629,14.6398641180103,12.5165237815204,12.5165237815204,12.5165237815204,12.5165237815204
"1899",7.9133251229222,126.754172626421,8.98948168781638,7.95618540980282,8.98948168781638,9.24782781742709,9.63203652706276
"1900",13.8594595312084,57.4158774970378,13.8594595312084,13.8594595312084,13.8594595312084,13.8594595312084,13.8594595312084
"1901",12.6872917169879,217.629548850048,10.9770893990667,12.1348157106034,12.4123036123355,12.1602729076061,14.7922394865997
"1902",10.3643202167635,94.6774587228314,10.3643202167635,10.4085417510472,10.4933390002799,10.3643202167635,10.3643202167635
"1903",11.7239455153015,93.2845279311264,16.1883794076072,11.8716138595211,11.7239455153015,11.7239455153015,7.64565478812595
"1904",28.4838170526095,60.4250208574369,28.4838170526095,28.4838170526095,28.4838170526095,28.4838170526095,28.4838170526095
"1905",25.0119706526168,101.760356487063,36.4457739769631,24.2574925342326,24.1378789016647,23.6133149715724,23.067724912573
"1906",20.2271617001917,74.2095938376977,22.4201175930934,20.2271617001917,20.3973026265627,20.2271617001917,20.2271617001917
"1907",17.3995314768461,70.702428889478,24.7864057400795,17.3995240397904,17.1566292376343,17.3995314768461,17.5932515800946
"1908",18.8777509300281,48.2588364145848,18.8777509300281,18.5286042044964,18.8059072358641,18.8777509300281,18.1819777973094
"1909",14.4812760520152,59.2685749959563,15.081655343581,15.4112280292052,15.2155591795183,19.1799998797091,15.2155591795183
"1910",15.2234940172129,83.4649581439745,23.9448628866726,15.1436219162681,16.3507245932461,16.7553276253169,20.0406412324041
"1911",23.7182289130134,95.0933650648775,31.6474186955537,23.6159081874898,23.7182289130134,23.7182289130134,23.1412127060324
"1912",16.8033653470252,68.216784576538,19.6532553597042,16.5868031803472,16.4347541345879,16.8033653470252,16.8033653470252
"1913",14.2050069476515,14.2199996132697,14.2050069476515,14.2050069476515,14.2050069476515,14.2050069476515,14.2050069476515
"1914",18.3461696624846,18.3461696624846,18.3461696624846,18.6487844169828,18.3461696624846,18.3461696624846,18.3461696624846
"1915",4.49651466063881,4.49651466063881,4.49651466063881,4.49651466063881,4.91490879970571,4.17425019828865,4.49651466063881
"1916",13.1971033616904,104.751802703172,12.8813215242718,12.8700946823984,12.8700946823984,12.8700946823984,13.0180569784773
"1917",17.7003359159572,84.2973199956663,19.5214419180619,17.8740265490295,17.2611697265787,18.6908393774341,14.7440259298249
"1918",18.9977224858589,94.223220679801,19.2351539750568,18.9907845713351,18.9977224858589,19.2463980040008,17.8222545049163
"1919",18.3376261691596,83.9615149795679,18.2230852402757,18.2230852402757,18.2230852402757,17.2954416038346,18.2230852402757
"1920",20.0667005749681,111.686263138762,25.7252724128894,20.0667005749681,19.0553053721864,20.0667005749681,18.1465081441082
"1921",2.41253387404572,2.52979957056054,2.29492807276995,2.4507709874236,2.52475638892871,2.23333170273766,2.59918785021526
"1922",8.75219447548981,8.75219447548981,8.75219447548981,8.72781893486811,8.75219447548981,8.75219447548981,8.75219447548981
"1923",13.3871993816927,30.6261642615886,10.7751670453311,13.2921848170712,13.3871993816927,13.3871993816927,13.2548032024062
"1924",12.2794989920821,12.3364715991584,12.3801241795515,11.9678262817582,11.9623152196318,11.9678262817582,11.9678262817582
"1925",7.93910692283785,7.93910692283785,7.93910692283785,7.93910692283785,7.93910692283785,7.93910692283785,7.93910692283785
"1926",4.25443712526914,3.79923495322597,4.25443712526914,4.21141888113426,4.25443712526914,17.4916405359285,4.25443712526914
"1927",7.90824533358989,5.93973550086358,7.16789562861585,7.16789562861586,110,8.03332660923793,55.1122692681085
"1928",7.19040241221804,7.19040241221804,7.19040241221804,7.19040241221804,7.68361768098619,7.45694455400139,7.33157969159243
"1929",11.0662134525635,11.0662134525635,11.0662134525635,11.0662134525635,11.0662134525635,11.0662134525635,11.0081630295354
"1930",6.39790983295838,6.39790983295838,6.37572375691005,6.39790983295838,6.39790983295838,6.39790983295838,7.5420327111588
"1931",16.0954037621168,17.5306647975555,16.0954037621168,16.0954037621168,16.0954037621168,16.0954037621168,17.5306647975555
"1932",4.62017300324524,5.56597131303384,6.60544957816978,7.06009965777866,7.50539152195226,7.05870580210098,7.18888212974814
"1933",7.01660482335966,7.01660482029192,7.01660482335966,7.01660482335966,7.01660482335966,7.01660482335966,7.01660482335966
"1934",10.5272907825076,3.71212090086249,10.8177453165072,11.7435775233794,10.2605251284507,11.8970982354468,3.73059647117613
"1935",156.611743904764,5.79500625705333,9.82452545464885,10.171586665847,9.73996950255475,152.799407768511,7.69543274581169
"1936",135.939829884618,19.8025584857022,22.7699851161652,24.2588822208143,22.7699851161652,135.939829884613,20.9637967213881
"1937",128.240674220659,14.4620717923576,15.5730015743305,15.3727686932881,15.5120344882422,129.057211784584,14.4648467717898
"1938",11.250275154489,34,31.4732869200062,5.4597144959675,14.6111564127421,50.7637819873355,11.0887421170899
"1939",27.4905198432118,20.7215273519225,23.672679126571,25.1622966817645,25.7309381355684,25.7060863943341,21.744677985755
"1940",5.79408421372777,5.58100528060846,4.73595104549479,4.77566069706457,4.66717935661382,8.19477351067056,5.56831191602834
"1941",31.9826359686063,31.9826359686063,31.9826359686063,352.995203075335,27.706486350962,31.9826359686063,31.9826359686063
"1942",9.05408325010555,7.1422102093121,9.00280311080864,32.2288047189777,4.81290549707905,9.00358304454408,7.09926075668204
"1943",14.3925454267456,13.5607931181528,14.3925454267456,25.5008287935586,14.3925454267456,14.4954887794564,13.9400097549241
"1944",121.32538245083,15.765645969053,15.765645969053,15.765645969053,121.32538245083,15.765645969053,15.765645969053
"1945",6.30981732128073,6.30981732128073,6.30981732128073,6.3165177914114,6.3098226158078,6.30981732128073,6.48577034720234
"1946",7.21241493915574,6.20906306912292,7.54796458674378,7.47550756013879,7.54571772170001,7.46626990880618,6.14209868405152
"1947",9.08254784589815,8.71472204000493,8.65252929809166,8.57736593690421,9.13081524101156,9.13836056480599,8.81120899837406
"1948",13.2652814674322,14.4752913331987,13.2652814674322,13.2652814674322,13.265281468592,13.2652814681695,13.2652814674322
"1949",7.03830080452828,7.03830080452828,7.03830080452827,7.03830080452827,11.6769744598372,11.6187363233676,11.6187363233676
"1950",9.26975430906604,12.9671528534682,9.58045033441137,9.5804260454656,14.1857664809655,14.7656954391112,15.9000706131787
"1951",4.20938022273867,3.05623620810015,4.17954687933595,4.10000229557367,3.87112171093429,4.15016512858761,2.90878032828032
"1952",5.05141480986512,4.08878425761536,5.12141862477133,5.09341745741817,5.15388184106762,5.05940978100252,3.90644229858432
"1953",14.1941447177046,133.237040062571,15.5785579524486,13.8867168515912,14.1941447177046,14.1300216761766,14.2022962910668
"1954",5.10875541698418,5.10875541698418,5.10875541698418,5.10875541698418,5.10875541698418,5.10875541698418,5.10875541698418
"1955",59.2310467607042,91.2675719754062,64.2439348231344,29.9737669750139,12.1932433815916,12.9598319855651,19.8474202750304
"1956",43.9696857157536,43.9696857157536,43.9696857157536,28.1427696409676,17.774278877507,18.6615799128143,17.774278877507
"1957",30.2674241167295,30.2674241167295,30.2674241167295,21.2948056368889,21.2948056368889,21.2948056368889,21.2948056368889
"1958",12.0535279525125,4.53381009395873,4.51491188031463,4.53381009395873,91,12.0535279525125,47.5505233357946
"1959",8.41934347336213,8.9184970367177,9.17317508114333,9.27945770650228,9.17317508114333,9.17317508114333,9.17317508114333
"1960",9.13244742123733,9.00822255178431,24.0200174678925,28.2286393276216,17.6497849553877,16.5222177106024,13.5891428371908
"1961",130.687594143762,14.9271896680623,15.8313041414213,16.2322666200334,14.8252179084918,130.0991463742,15.8313041414213
"1962",9.39749142914149,7.63153870821148,11.1220694797385,11.1907833902968,162.733616196103,16.3190549748741,174.230048950992
"1963",19.4656645428779,17.4374934576651,17.1881808440176,17.7202516461824,238.139445678722,18.4034575072365,240.331271656443
"1964",13.7041516025085,13.7041516025085,14.4691505372872,13.7041516025085,198.211655995594,23.8284328591085,198.211655995594
"1965",16.6999602206706,15.8174090975443,16.6999602206706,16.6999602206706,221.221650802424,16.6999602206706,216.546166677955
"1966",9.56152908618028,9.56152908618028,9.56152908618028,9.56152908618028,92.5989493940563,9.56152908618028,92.5989493940563
"1967",29.3323413171571,14.9384736580934,27.2296112965481,27.5989166666423,27.9331947863723,26.079399144543,13.9709265748949
"1968",27.1466612665392,27.1466612665392,27.1466612665392,27.1466612665392,27.1466612665392,27.1466612665392,27.1466612665392
"1969",50.2137478371387,31.5163824164749,39.8830975227872,39.1563304399975,41.3562844724883,42.4294699201392,31.4676325626411
"1970",52.619880408377,33.4500954797223,36.7531215275477,38.7268722344033,38.9228382324421,38.9915908718706,33.128558225896
"1971",43.9900118686974,36.8813915008261,43.213608145335,43.8211009693748,43.9900118686974,43.9900118686974,36.8813915008261
"1972",45.8633706855481,33.5374744456519,45.0735882722871,43.5257524234231,45.4053084344354,45.4426718687831,32.3396231500805
"1973",36.4928891368813,26.0060823851412,36.3358317934552,37.4497759295648,36.2485483192736,36.2485483192736,24.9852103411151
"1974",52.3725119161734,42.8759130680705,42.761528320838,45.925655178359,49.2451031401611,47.3601866101,43.6205971736133
"1975",5.33032479580723,5.33032479580723,5.33032479580723,5.33032479580723,39.3044868913118,39.3044868913118,5.33032479580723
"1976",29.6924639893763,29.6924639893763,76.5381745865988,12.5105263577648,12.586929380413,12.5105263577648,12.5105263577648
"1977",16.1144245461173,15.5391536482511,16.1144141463022,16.1144245461173,313.146586275508,16.1144245461173,70.488661710491
"1978",28.685722237705,15.8662059632575,26.5771263331883,27.3610180825794,27.1301006227941,26.5463912723587,15.8617640477886
"1979",57.8643588803281,42.4389945592726,46.0077180883236,52.3759738907389,55.4263619526364,56.3133519187197,46.2567901181884
"1980",9.39150041349964,9.39150041349964,8.40597156988634,9.39150041349964,9.59023126514178,9.39150041349964,10.0949433648344
"1981",8.67940779516008,8.9516400076911,8.9516400076911,8.9516400076911,8.9516400076911,8.9516400076911,8.9516400076911
"1982",4.78196341229848,4.83030427846554,4.80833110884791,4.75993109163611,4.75993109163611,4.75299795541079,4.83030427846554
"1983",15.751731787345,15.751731787345,15.751731787345,15.751731787345,15.751731787345,15.751731787345,16.0364292138553
"1984",17.5758992594869,18.978235125784,17.7105198349327,18.5934188347576,18.2796944647965,32.9494059504444,25.0940828071276
"1985",22.0031521220143,22.0031521220143,22.0031521220143,20.7974020640646,22.0031521220143,22.0031521220143,22.0031521220143
"1986",19.5347120686201,18.6246880251746,20.5445043753832,21.429787952498,21.8534648736617,22.9843021770095,22.0721830351324
"1987",40.4780372312388,34.4301103173323,37.774770645747,40.1166675627289,38.6548720039192,41.4745054859361,34.3625311948233
"1988",37.4719045207154,37.4719045207154,37.4719045207154,37.4719045207154,37.4719045207154,37.4719045207154,37.4719045207154
"1989",24.6161031510802,24.1914717478753,24.6161031510802,24.6161031510802,24.6161031510802,24.6161031510802,24.6161031510802
"1990",19.2459033420599,18.1450437414309,18.4813971643431,19.3241538959667,18.7906070350277,17.9338107628057,17.9338107628057
"1991",20.2545902970688,15.2937482095615,13.0062418172417,15.2937414302737,17.1338748675048,19.3551730198706,15.9230895477706
"1992",24.8644089226995,20.5278772910828,18.2885170378194,21.907677001825,42.6597214068517,35.2706955294176,20.353593214245
"1993",12.4556960755737,12.7634832375504,12.2791987515444,12.4556960755737,32.1411870440805,15.95407963615,12.4556960755737
"1994",7.81737895134124,8.40521590446343,8.12508227713401,8.02421223542789,8.16446921010447,13.0057868863924,22.0393539147037
"1995",15.4710412819146,71.2336129621659,37.8648236409224,15.1571108784091,15.2633347787374,15.9152005205639,79.1283484238292
"1996",5.49693675941259,4.79448449959835,6.49388861013122,5.68766555858667,5.28120922654234,5.01021711541374,4.26983290479401
"1997",62.315172995415,57.2687975519041,62.1637368955703,62.3022668372844,62.3022668372844,62.3022668372844,57.2687975519041
"1998",193.524264059513,182.020880100229,207.689367374252,207.653457751597,206.054782422602,207.571301331559,184.564872194103
"1999",208.413455825853,198.615193008118,207.782122048009,208.413455825853,208.413455825853,208.413455825853,208.413455825853
"2000",336.168855584742,294.137611588655,326.655988853951,339.225752642747,329.678399571256,329.678399571256,329.678399571256
"2001",53.1057638290472,50.7591530084036,52.1477343656045,52.1717535930054,52.6410716446297,56.2078047736323,50.9208430471383
"2002",218.972886187805,218.972886187805,218.972886187805,218.972886187805,218.972886187805,218.972886187805,218.972886187805
"2003",332.486064691872,304.936293318146,332.238512409565,327.528015686469,327.528015686469,327.528015686469,327.528015686469
"2004",69.5650994460779,69.5650994460779,69.5650994460779,69.5650994460779,69.5650994460779,69.5650994460779,69.5650994460779
"2005",240.248192956667,240.222815157889,240.248192956667,240.248192956667,240.248192956667,240.248192956667,240.248192956667
"2006",143.578760435953,143.578760435953,143.578760435953,143.578760435953,143.578760435953,143.578760435953,143.578760435953
"2007",370.637931892858,329.753587472853,365.750829512539,397.988880121162,362.107227037918,359.900854574086,336.402183941901
"2008",675.85271943117,623.192426240764,664.804002911839,664.304779869644,660.824604890701,660.824604890701,660.824604890701
"2009",23.0066111043561,23.2692793526833,23.0066111043561,31.6268399766564,23.0910803343756,23.0066111043561,23.2692793526833
"2010",9.23056368488261,10.2780521615345,9.84277414090348,18.6555726410889,9.84277414090348,14.7767007523701,10.2780521615345
"2011",3.74032823154335,3.64223485205644,3.74032823154335,3.74032823154335,3.74032823154335,3.69490882666814,3.47194048499557
"2012",4.23143919788647,4.23143919788647,4.23143919788647,4.23143919788647,4.23143919788647,4.23143919788647,4.23143919788647
"2013",145.650133677218,24.1866804269503,20.3948205972299,20.7309278699656,14.6927828711424,168.126895858098,36.3931342866616
"2014",16.5029548781527,17.38614802234,17.2350231063896,17.2898629896103,17.132696257027,16.8400298539111,16.7396023743882
"2015",5.91964897918918,5.91964897918918,5.91964897918918,5.91964897918918,5.91964897918918,5.91964897918918,5.91964897918918
"2016",17.2583899995243,20.7871491389665,17.2080584982167,17.0661624424116,17.3011237145663,17.4048588840204,20.6896994202911
"2017",9.3401592911661,8.99918400967998,10.3206381001026,8.91498491999198,10.3206381001026,8.72652232869771,10.191751477366
"2018",37.7937872499691,39.0187822557078,39.7193726708637,38.3411681465087,38.9291099438563,40.6585759109358,42.9266337597083
"2019",3.62963666696092,3.94648848292985,3.81004896382621,3.67929888039079,3.81004896382621,3.75609263354734,3.74792366697284
"2020",6.75976594472872,6.75976594472872,6.76754768996162,6.75976594472872,6.75976594472872,6.78081929004992,6.75976594472872
"2021",4.04358061651351,3.78441944293646,4.01643030262268,3.98539364200729,4.0042866040769,4.04396661567853,4.01047061629103
"2022",5.70897772789824,5.70897772789824,5.70897772789824,5.70897772789824,5.70897772789824,5.70897772789824,5.72846056709165
"2023",4.27563275354632,6.63474568552204,5.09318048834981,4.58269568959638,4.7301606969914,4.73015932819799,6.7640970110732
"2024",19.2273527876389,19.385967118123,19.011192491301,20.1316433273684,19.9419644090768,20.1316433273684,20.1316433273684
"2025",13.5825223564162,13.3370371475151,12.4970733244159,12.4970733244159,12.4970733244159,13.0299982569736,12.4970733244159
"2026",7.2705118003041,7.29922103714241,7.29710564805615,7.27840252050208,7.29995907827794,7.29995907827794,7.29995907827794
"2027",10.4774039245939,8.7044534679527,10.4267402868142,10.4451599297958,10.3553672052756,10.4849247604261,8.68781490230942
"2028",2.37196096209204,2.37196096209204,2.38497114601367,2.37196096209204,2.37599080793344,2.37196096209204,4.83948875755182
"2029",29.0953601329891,29.1400802626214,29.0953601329891,29.0953601329891,29.0953601329891,29.1679972459158,29.0953601329891
"2030",16.5612500559877,16.4536813670581,16.5612500559877,15.9932797493796,16.5612500559877,16.5612500559877,16.5612500559877
"2031",24.3678371993537,27.3057790081732,23.8707200820863,23.8016399654931,24.867013386464,24.0154062907418,27.7167633943001
"2032",13.2244341861374,13.2865898024169,13.2388786969289,13.1859554946826,13.2244341861374,13.2138433001206,13.2244341861374
"2033",124.446739071459,139.6194199714,137.601218226692,137.724496601385,137.174180756431,145.061398897816,157.368949752187
"2034",78.4506499857561,79.990629055005,77.7519389791587,77.2141373035835,79.2449926024042,80.0697376016083,84.8901029672323
"2035",132.304687569208,131.775097417177,132.304687569208,132.304687569208,132.304687569208,132.304687569208,136.543099562639
"2036",251.335117583358,301.769393287063,272.180753834556,267.256511233687,269.046687723547,273.63850062165,323.483933376181
"2037",28.0949477290184,30.4283005609586,26.7833880941333,23.4010953781967,22.6221329736433,22.1160749812732,28.0248391396192
"2038",10.4191319647841,13.2343403730382,10.6504930794056,10.4191319647841,10.4191319647841,9.10596253543506,11.9416792590406
"2039",5.1900839395945,6.38693844077195,5.84903880344039,5.09989493817213,4.88585961897828,6.45462623771813,7.11502352083795
"2040",6.41612747483986,6.41612747483986,6.41612747483986,6.41612747483986,6.41612747483986,6.41612747483986,6.41612747483986
"2041",7.17972645691277,7.17972645691277,7.17972645691277,7.17972645691277,7.17972645691277,7.17972645691277,7.17972645691277
"2042",18.3259112016967,19.0753022872008,26.6208724800161,31.4602910566167,21.051623422516,29.0201667997862,26.4927110621447
"2043",5.44791833831144,5.44791833831144,5.44791833831144,5.44791833831144,5.44791833831144,5.44791833831144,5.44791833831144
"2044",9.09134476963232,9.11162233334878,8.83027486868521,8.78056556143787,7.59052302433302,7.69638297071109,7.6963829707111
"2045",2.0777045438881,2.48690918891066,2.55385722198753,3.83957961521409,3.81766120589431,3.14172421710424,2.88425762182617
"2046",11.4178455617255,11.5602074712142,11.0980729570146,11.4178455617255,10.3795245334816,10.4283067184154,10.4283067184155
"2047",5.74741786138399,6.44155673704116,5.66978776519199,5.80837935106203,5.76074617805556,5.80274154742379,6.51228640831785
"2048",5.52000605668148,5.52000605668148,5.52000605668148,5.43492492476288,5.52000605668148,5.52000605668148,5.52000605668148
"2049",0.0543397359100726,2.85396425848282,2.34820348014596,2.19601436424316,3.89809920726193,2.09021409187435,2.75107369328737
"2050",13.3174415502333,15.4866395094816,13.8827747794402,12.678028765199,12.1309755903091,10.4430495873949,12.4391653932083
"2051",4.42185322452289,4.70769106697685,4.02357284282085,3.54821583844614,5.81010793001043,7.35854653677268,9.78344301926232
"2052",4.06454646076855,3.74845957126156,3.74845957126156,3.80781871338532,3.71042307458077,3.74845957126156,3.74845957126156
"2053",5.66187125693148,4.8001494165877,4.76119960287254,7.26619066915433,6.15988862991131,6.15988862991131,10.0721622820995
"2054",6.90099095515653,6.90099095515653,6.90099095515653,6.90099095515653,6.90099095515653,6.83379087101573,6.90099095515653
"2055",2.82857153681915,2.82857153681915,2.67788453238001,2.75196630889117,2.82857153681915,2.76698912936999,2.82840995676962
"2056",3.24884693920649,4.815686879786,4.01609973002365,3.78942864393966,4.73804009975248,3.88852570321043,4.96060536392495
"2057",8.856233697441,8.67195908477161,8.47668268172073,5.54255746974257,5.79379251307368,5.77024480902935,5.44246948430021
"2058",7.27718556965197,4.73568693055855,4.73568693055855,4.71302274595164,4.73568693055855,4.73568693055855,5.05461824829207
"2059",3.68695457757114,3.45082413443063,2.60930014302948,2.61071647113478,2.61071647113478,2.61071647113478,2.61071647113478
"2060",21.9692024771641,22.4348876236056,12.0173080141521,12.9458969558095,13.4030299083235,58.7569346835664,56.4631112133033
"2061",7.60184492918584,6.2068882339984,5.28767578712502,5.23762238110571,5.30826896201565,5.39149239674961,6.39578716860149
"2062",9.18785845598482,8.34429375352369,8.34429375352369,8.3523014598797,8.34429375352369,8.34429375352369,8.37820881328678
"2063",15.2539599075787,14.4225100967406,11.887725201149,10.6896506684326,10.372854443222,10.9403539859149,8.51811697700372
"2064",10.7000546069204,10.4604717485508,8.19643439492065,7.69764931124367,7.69764931124367,8.12819270558179,7.47398335222444
"2065",16.5142961547213,17.1792397622537,15.4582039881918,15.2088491240902,15.0513196515256,15.6879825767463,15.6421297264137
"2066",9.03455051215573,10.4351092736019,10.2449142626369,10.2516109938768,10.2516082582782,10.2516109938768,15.215809079593
"2067",5.7144507298084,7.01022322415661,5.73301063434466,5.7144507298084,5.71181645935752,5.7144507298084,7.07861977212112
"2068",6.70385784068637,6.70385784068637,6.89127764776806,6.70385784068637,6.70385784068637,6.70385784068637,6.73654498277259
"2069",15.8115365100077,15.6288017966146,13.3301560871602,10.5586427463774,10.4108853839207,10.5586427463774,10.5586427463774
"2070",17.9212447705729,20.8732185325999,8.50945115624623,7.19664992260977,7.05952314857207,7.06617007610448,8.50358321998525
"2071",4.93695907262077,7.31708088901362,4.84367228595767,4.89741420037091,4.28701820434175,5.10526065883269,7.51982229478425
"2072",3.73540193086841,3.73540193086841,3.73540193086841,3.73540193086841,3.73540193086841,3.73540193086841,3.73540193086841
"2073",4.49755604457895,5.59641725091723,4.63151933368055,4.63879321225524,4.52758030432638,4.58149887284641,5.61121565116065
"2074",18.2715720220386,13.7725061938079,13.7265191544127,13.7725061938079,13.7725061938079,13.7725061938079,13.7725061938079
"2075",9.63918485432884,8.59974767311648,7.06755150513012,6.76699504115635,6.95339941380598,7.61159889795541,7.0311865915049
"2076",5.35891216361058,5.13828955964639,5.35891216361058,5.35891216361058,5.35891216361058,5.35891216361058,5.35891216361058
"2077",8.17216494571604,8.14575082089752,8.17199759286543,8.17216494571604,8.20585540678474,8.08800588592155,8.18947404475092
"2078",13.9163870640546,13.9111996211276,13.9163870640546,14.0395124769438,13.9163870640546,13.8259442581533,13.9163870640546
"2079",5.98427549905927,5.65276011093323,6.07710591937048,5.98427549905927,6.43784007776863,5.98427549905927,6.12151641229386
"2080",14.830955257032,19.7479909374635,19.9447719666753,13.1108212020211,18.4941195767494,19.2458463987232,17.1961390550744
"2081",10.384062949008,8.18201374967364,9.26359620282115,10.0203071125078,10.0203071125078,7.9118002170759,8.85693317248606
"2082",7.86756426563965,7.21863038835654,7.71077964471049,7.46049379142925,7.39287447884241,7.45125775737675,7.41114124000754
"2083",12.401464057283,6.63422053883681,9.68029334975401,11.3308897597779,10.4161023583137,10.8554129600621,8.30430169805887
"2084",8.8093467398227,8.8093467398227,8.8093467398227,8.8093467398227,8.8093467398227,8.8093467398227,8.8093467398227
"2085",4.1899652867087,4.18996528670871,4.1899652867087,4.1899652867087,4.1899652867087,3.77249374415843,3.82317362797891
"2086",8.54430501969088,8.54430501969088,8.67431641734406,8.54430501969088,8.69087756662553,9.11085793023352,8.54430501969088
"2087",5.71606378970687,5.9295591158675,5.9295591158675,5.69639563918942,5.51843448182478,5.63332956082802,5.9295591158675
"2088",12.7552105170252,13.3729974422499,14.0288374109003,13.7271903323284,17.852283479581,20.1884312507979,13.6612204430891
"2089",8.18267551883773,8.18267551883773,8.55369104402801,8.18267551883773,8.15199161563417,8.18267551883773,8.18267551883773
"2090",7.49576946102283,7.49576946102283,7.52828204686648,7.49576946102283,7.49576946102283,7.49576946102283,7.49576946102283
"2091",14.4391060376196,5.0857114120225,3.87359622382204,3.8735960051407,12.1825065099515,25.9054019303707,4.62788551446646
"2092",16.8690054065112,5.39982824533482,5.40455706118135,5.39982824533481,16.8690054065112,20.0255354225492,5.39982824533481
"2093",8.11488364314697,3.3032643912986,3.70865039266713,3.70865039266713,8.94514969804692,8.94514969804692,3.70865039266713
"2094",15.978913882486,10.0852729271051,15.7992475230055,15.1451295017814,13.4298559616209,16.0836732272454,9.27845465023768
"2095",17.8692378848113,20.1697987843544,18.6100638698863,17.8692378848113,17.8692378848113,17.2366435316367,17.5659022079867
"2096",18.2546571534038,20.546025095347,18.2546571534038,18.307299606384,18.3183620631949,18.2546571534038,20.8027602955948
"2097",4.04240735003601,4.04240735003601,4.04245536888061,4.04341721644659,4.03537143847462,4.04385751877382,4.04394785816739
"2098",2.54060679187953,3.67014150114007,2.45261171263132,2.53976265457274,2.76823622201229,2.5170941270248,3.70999071980892
"2099",6.36907807962062,8.76325928591314,5.83313498874355,6.36907807962062,6.36907807962062,6.71281794589044,9.04900398418543
"2100",14.6595014250115,17.389286784564,14.8216598745188,19.6774131437912,14.2199129258248,15.1673955274609,13.5739469409999
"2101",13.4538512330059,12.053501473054,15.4460794818709,22.1503264379963,15.293472724695,15.632944985923,13.0529497513777
"2102",15.3483453528979,12.940546903424,27.3024441736573,14.9534916233743,16.0347579310655,16.1403177594985,14.0249610311468
"2103",21.089890208329,22.3150782346381,23.6001371580235,24.8134299159721,18.6151826780825,20.9900777784719,17.9052227441444
"2104",11.5433718851586,11.5433718851586,14.4220373230162,11.9461299868022,10.5432599776394,10.5978777394945,11.5433718851586
"2105",8.36453983142195,6.50934296689981,12.7846409982241,8.36453983142195,8.36453983142195,8.36453983142195,6.60204536776835
"2106",9.50948717097797,7.02562011840392,15.350933299902,9.45768973528485,10.1091822424069,10.1941230748619,7.47040845415464
"2107",46.4219485191189,43.8573384417859,67.2072841143372,46.675646570466,43.7128762752793,43.857334277548,45.0517249829257
"2108",19.9694192002697,19.552232396364,27.0027374264425,20.0963296114394,19.0529516096417,19.0529516096417,16.2528882341263
"2109",18.0649404318932,17.7392519253788,35.0455077322948,17.7392519253788,17.8619154821791,18.2111038914984,17.7392519253788
"2110",20.7311668735553,16.1836501072523,35.0460961872069,20.5623236159372,21.2147496742212,21.2147496742212,16.5824776054767
"2111",16.5214811381181,16.2619499675563,17.6276386159183,16.5214811381181,16.5214811381181,16.5214811381181,16.5214811381181
"2112",27.2010856464741,25.3202844197987,41.8255603000844,27.1561593854029,27.2416582802188,27.2486526672769,25.8315796737826
"2113",17.1393940962658,14.8649638351501,29.045038343488,17.1393940962658,17.1393940962658,17.1393940962658,14.8649638351501
"2114",31.6995396326379,25.598134298127,53.6286097971293,43.2809869722012,31.3676444115185,31.0846751141687,25.598134298127
"2115",18.7049696522467,18.3766185070725,30.1885644117325,18.7049696522467,18.7049696522467,18.7049696522467,18.3766185070725
"2116",16.2157085394178,14.9025898085016,25.4218590418332,19.5221424628074,15.7589573151304,15.9321196149942,14.0842228256188
"2117",25.6586298926608,20.601017399087,32.1270702073061,25.6586298926608,25.6586298926608,25.6586298926608,20.601017399087
"2118",14.658467432811,14.6344004171202,24.7830937456155,14.7471254404806,14.6344004171202,14.6344004171202,14.6344004171202
"2119",13.4421562664539,13.4421562664539,13.4524356385089,13.4521511775112,13.4492332022706,13.4421562664539,13.3494748484991
"2120",25.0102150857764,24.999602865548,30.3831159359118,25.0102150857764,24.8048607210651,25.0102150857764,24.6665616857511
"2121",22.6809071182728,21.0707404882859,31.5390205503078,21.9604984372616,22.3171011659852,22.3257547288472,21.0707404882859
"2122",19.3163791889065,18.8919695259119,19.1615807486439,19.3163791889065,18.7351287847682,19.3163791889065,18.8919695259119
"2123",18.9442500733402,18.9442500733402,18.9442500733402,18.9442500733402,18.9442500733402,18.9442500733402,18.9442500733402
"2124",19.1091038626112,19.4595318637264,19.9275866139503,19.1091038626112,19.1091038626112,19.1091038626112,19.1091038626112
"2125",27.4635568696807,24.3144472184511,40.7970975883374,27.3664210874266,27.4362287672699,26.2735788356815,24.3144471503006
"2126",11.3101632477184,10.4552035157897,11.1777399590731,11.2908647940695,11.5036656243613,11.1039310073536,10.1652276365547
"2127",9.52679603022518,9.47008513067682,9.52679603022518,9.52679603022518,9.38822446825136,9.69230021400883,9.52679603022518
"2128",10.7225139596532,6.78810344204255,10.8999675552091,10.9630266053975,10.9212773332577,10.9395486057959,6.81076875924133
"2129",6.44387419710169,4.77652670061245,6.33866747358218,6.44387419710169,6.45163717621177,6.44387419710169,4.74373159425958
"2130",6.13322300971472,6.13322300971472,6.17093782715463,6.10455664241234,6.10455664241234,5.75063214935339,6.13322300971472
"2131",4.22379401269728,2.36685503379305,7.52562319344834,3.71917560192306,7.16098384596461,6.19778673053679,3.53955645355681
"2132",12.8940578670036,8.52310665266836,17.3213152615604,10.6774537277388,13.3630477015888,13.3630072925385,8.02828141365251
"2133",7.91232177212069,8.9384321912631,9.19817879734718,9.19817879734718,9.19817879734718,9.19817879734718,8.9384321912631
"2134",2.79833572213842,2.79833572213842,2.79833572213842,2.79833572213842,2.79833572213842,2.79833572213842,2.88744219061669
"2135",12.3728012260214,10.5401974640408,10.7588674913387,10.1527703502116,10.5401974640408,10.5401974640408,10.5401974640408
"2136",9.88935943580003,9.36975572655261,8.84521863119179,9.02309660778732,8.80154627019551,9.02309660778732,10.1515115107523
"2137",8.20649572080336,8.0186850702347,8.12601574725767,7.77278299266249,7.58309706804649,7.58309706804649,7.58309706804649
"2138",3.27900909533741,3.27900909533741,3.21388027152437,3.27900909533741,3.3145740048238,3.31924392869692,3.27900909533741
"2139",7.54325976528104,7.45189367968762,7.45189367968762,7.54667747612366,7.51134787047481,7.54744852046885,7.4696585261834
"2140",6.65092633178115,8.19611054429209,6.02669672782258,6.20462764311729,6.20462764311729,6.65092633178115,10.3525897761526
"2141",5.59590130433851,6.24518139441008,5.6968170817782,5.66391128679657,5.67695960458857,5.70349854658737,6.25499985909997
"2142",34.4290866474269,34.1598011198041,34.4421997479832,34.3044441273991,34.4290866474269,34.4290866474269,34.4290866474269
"2143",51.422732962482,51.7339613469928,51.0758282668016,51.1992044869143,51.1892468203718,50.9454250501022,51.556154895024
"2144",23.5593753486203,23.5593753486203,23.5593753486203,23.5593753486203,23.5593753486203,23.5593753486203,23.5593753486203
"2145",27.3495390362333,27.3495390362333,27.3495390362333,27.3495390362333,27.3495390362333,27.3495390362333,27.3495390362333
"2146",39.065590963619,39.9487949971037,39.9487949971037,39.9487949971037,39.9487949971037,39.9487949971037,39.9487949971037
"2147",20.8370167560335,20.8370167560335,20.8370167560335,20.8370167560335,20.8370167560335,20.8370167560335,20.8370167560335
"2148",9.14928926112747,8.3118595760109,9.91592335497076,9.3242500194684,8.29859280713584,8.732377728485,9.30427393510636
"2149",18.5403703998203,18.5403703998203,18.5403703998203,18.5403703998203,19.4082528031228,18.5403703998203,18.5403703998203
"2150",3.27990391813131,3.31626145523418,3.27990391813131,3.27990391813131,3.27990391813131,3.34405076022162,3.27990391813131
"2151",2.86569048594549,3.76036737143265,3.6868185124408,3.46406635211261,3.68681851244081,3.8979112434853,3.76527457498559
"2152",3.67724860948881,3.67724860948881,3.67724860948881,3.67724860948881,3.67724860948881,3.67724860948881,3.67724860948881
"2153",2.80405720826945,3.19315576857877,3.01327865813482,3.01327865813482,3.01327865813482,3.01327865813482,3.25370665255258
"2154",11.5610377579167,12.0857488614444,11.8658538970172,11.578984843608,8.33276298599461,16.1690267218618,10.7888199248271
"2155",4.69383724158714,4.67682669450211,7.03910972047834,9.21989609174976,6.34948851011436,6.97404286080005,8.57481767816686
"2156",7.55762706314395,7.55762706314395,7.55762706314395,7.55762706314395,7.55762706314395,7.55762706314395,7.55762706314395
"2157",13.9499252501559,16.1258069754287,13.6637911510194,13.5457582708809,11.3619977286966,16.3501458210805,15.5956490037927
"2158",8.1656227861108,8.1656227861108,8.1656227861108,8.1656227861108,8.1656227861108,8.1656227861108,8.1656227861108
"2159",14.4465153204315,14.4465153204315,14.4281770082772,14.4465153204315,14.4465153204315,14.4465153204315,14.4465153204315
"2160",11.2684908143459,11.2684908143459,10.4384675868132,11.2684908143459,11.2684908143459,11.2684908143459,11.2684908143459
"2161",4.47100551905023,4.47100551905023,4.47100551905023,4.47100551905023,4.47100551905023,4.47100551905023,4.47100551905023
"2162",11.2004830201801,10.7513982583347,9.37498739871251,9.11787807590582,9.11787807590582,9.11787807590582,9.11787807590582
"2163",8.97387393955055,8.97387393955055,8.97387393955055,8.61536765292558,8.10170589232441,8.97387393955055,8.97387393955055
"2164",19.6968344335186,20.6223716564991,18.4510098101412,10.5018874521293,8.75901979893711,8.65516994632055,9.8122725182044
"2165",4.37116612565565,4.86301395106822,4.36341900585203,4.36341900585203,4.36341900585203,4.36341900585203,4.36348885444752
"2166",13.1784405937298,31.3636106869607,13.1769746932321,13.19901220387,31.3636174996362,15.3039940514407,13.1647736261732
"2167",11.4943265811858,20.7145910010819,11.5876973497123,10.0202386646174,27.2561871629972,11.6837820610109,11.0947816637665
"2168",14.7317548900683,27.1000648290362,15.1775200994864,14.7047931971179,29.3081305116429,14.8581691802296,13.4214580440568
"2169",11.5988844097047,23.0253061324377,9.47144357024455,11.2149909011949,21.7443386855978,9.44337305651816,10.7191013755772
"2170",11.4522491678043,14.7126354279024,11.4926746966815,11.3220679978195,14.7126354279024,11.4949340913962,11.4522491678043
"2171",4.9806212143782,4.9793582377619,4.9793582377619,4.9942064371751,4.96346744902828,4.98124863459801,4.98718709821552
"2172",5.04161679236907,5.181079505392,5.02881208865792,5.04161679236907,5.04161679236907,5.04161679236907,5.04161679236907
"2173",20.5706969869346,20.1128646965124,20.3014683673569,21.6199801470838,20.8757495894619,19.8900969758956,16.8386288812736
"2174",11.4060876294905,11.4092577452592,11.4092577452592,11.4092577452592,11.4070482536714,11.4092577452592,11.4092577452592
"2175",2.45117131100404,2.45117131100404,2.45117131100404,6.67102222391226,6.67102222391226,2.45117131100404,2.45117131100404
"2176",9.53463505168622,9.95028456937144,9.55286983731539,9.20748191452159,9.44136983856187,10.0814501883583,10.4378986984922
"2177",10.0629538988004,10.0442695910939,10.0557256356872,10.0536494472581,10.0512105407724,10.0116052652193,10.0512105407724
"2178",10.8817989105705,7.55601507318069,16.3935651507545,10.8715414896587,10.8817989105705,10.8818923779728,7.45397604707535
"2179",19.6616509913144,16.183015301764,28.7589466916193,20.8856400026774,18.0722670250049,19.6616509913144,16.183015301764
"2180",6.27468216955232,4.37044327125512,6.84241670862036,6.81859416551748,6.59630299988909,6.76795528762893,4.47645209598325
"2181",2.36158638921917,2.43661134440607,2.36158638921917,2.36158638921917,2.36158638921917,2.14528347023609,2.23309672912116
"2182",8.46664359821245,8.22642101786389,8.46664359821245,8.46664359821245,8.46664359821245,8.46664359821245,8.46664359821245
"2183",6.50045383235933,5.22342482496152,7.11037124197207,6.49817049331046,7.50494437977082,7.34434754427727,5.87136789278834
"2184",7.89422577277345,5.85183396369849,7.95152169002364,8.00063692008867,8.07089273141242,7.71445572482536,6.50262175990474
"2185",9.50256407033298,9.50256407033298,9.49960819408099,9.50256407033298,9.50256407033298,9.50256407033298,9.50256407033298
"2186",4.96985473812311,3.31507142007833,5.1790206473284,5.1790206473284,5.13734202470029,5.0367219062083,3.30623411525601
"2187",9.42423005463656,9.42423005463656,9.42423005463655,9.42423005463655,9.42423005463655,9.42423005463655,9.42423005463655
"2188",7.93746883212089,7.9358047335336,7.8329783991699,7.79098838536122,7.72008399165767,7.9374688321209,7.97632609581573
"2189",7.36434384206832,7.29545345249528,7.32406299009626,7.41846805277348,7.37905761382683,7.15655228494794,7.52816435805162
"2190",6.57677445409316,11.9179800567598,6.88206115738499,6.87313986321938,11.8534712441268,7.89198710519588,6.27484073379547
"2191",9.1815030482118,18.7937620024656,8.89978044375474,9.06769682398746,19.0983672598435,9.36575062895465,9.00096674659998
"2192",10.5250359420499,13.3755099198835,10.1305286296691,10.4778081950299,13.3755099198835,10.4964351145948,10.4750979235234
"2193",11.3564755907013,16.587776380121,9.12320615899878,11.1570291906962,21.6834679427476,9.43296986405298,8.31264754178081
"2194",18.0727653918607,24.697320287493,18.1302579832987,18.1100003508451,26.0809825006203,18.0849080318878,18.1417945555317
"2195",4.1427605891263,4.25097847624278,4.60049696174405,12.9925218693666,14.5774476001558,5.42519485055157,4.61346008891227
"2196",14.7415241340444,14.6644564334593,14.252634848224,14.5843824720469,14.4185485214138,14.3547337681634,14.062962645595
"2197",10.5664834055875,10.5664834055875,10.2589302187942,10.4013318768404,10.3546686208018,10.5664834055875,10.2023398851236
"2198",15.3963194073831,12.2165429284811,15.3905222064699,11.9762460185566,15.3523416693517,15.3523416693517,11.9762460185566
"2199",15.2437767209019,15.2437767209019,15.2437767209019,15.2437767209019,15.2437767209019,15.2437767209019,15.2437767209019
"2200",25.7557715647269,22.2203541943534,24.8452423922248,23.5542787478403,24.0468249193745,24.28428251883,21.7130913981386
"2201",12.0497015186666,11.8576035494967,11.8866959271903,11.7230736299366,11.5214640112452,11.7274115291844,11.0197914354374
"2202",9.01289475452737,9.18927527880089,9.01289475452737,9.01289475452737,9.16379757018685,9.01289475452737,8.92501280480944
"2203",15.7641652325368,15.7641652325368,15.7983834988639,15.7641652325368,15.7641652325368,15.7641652325368,15.7641652325368
"2204",27.7390602145246,26.4054713513313,27.414803518687,27.3258545599634,28.5907703336767,27.7346080646989,33.4250653476177
"2205",16.9899909314611,13.9828552554906,16.9899909314611,16.9899909314611,16.9899909314611,17.0630757308687,20.4989761229261
"2206",36.3294389529503,29.0536001940573,35.2910398417787,35.8040979437649,37.7467526415907,35.5314918217866,39.5014736800837
"2207",27.1986941317132,23.100257670255,27.1986941317132,32.7200516480225,27.1986941317132,27.1986941317132,24.2325521490235
"2208",26.2568711321156,21.6117719037297,25.9159124058669,31.5170943894045,26.4956920587149,25.7818644790573,26.4251930148878
"2209",41.0777866595804,29.6653729583211,38.359124823655,40.4748121117124,41.9560545914636,38.7671249231734,41.3735713411689
"2210",20.426322382539,20.6772487094238,20.4182587398486,24.5404010670804,20.426322382539,20.142682473148,24.5404010670804
"2211",18.3508008070085,16.6412621597093,16.6412621597093,17.169005347453,18.5822758206103,16.6412621597093,19.3404227633403
"2212",11.9471202335717,11.9471202335717,11.9471202335717,11.9471202335717,11.9471202335717,11.9471202335717,11.9471202335717
"2213",29.8813494736822,21.2352996002072,27.8173794044892,30.3414830427357,29.8892032914705,27.4671223418547,22.3363312006554
"2214",18.4104928717752,18.4104928717752,18.4104928717752,18.4104928717752,18.4104928717752,18.4104928717752,18.4104928717752
"2215",22.0331675943727,22.0331675943727,22.4838959355668,22.0331675943727,21.6516909123017,22.0331675943727,21.8527962187625
"2216",15.1142608352472,15.1142608352471,15.1142608352472,15.1142608352472,15.1142608352472,15.1142608352472,15.1142608352471
"2217",41.0881118821219,41.0881118821219,41.0881118821219,41.0881118821219,41.0881118821219,41.0881118821219,41.0881118821219
"2218",20.9960817001536,15.2451001859159,20.9250017885456,21.0325473133113,21.0767169730308,20.7868453069394,13.6203712924944
"2219",36.0814527693221,30.6938302133291,36.0032976313776,37.790315962891,36.5166458293887,35.9138559785881,32.6091929876197
"2220",30.5938445012208,30.5938445012208,30.5938445012208,30.5938445012208,30.5938445012208,30.5938445012208,30.5938445012208
"2221",15.9740314744323,16.0071616736557,16.0071616736557,16.0071616736557,15.4433775119037,15.4433775119037,15.4963273644457
"2222",12.6309165400487,12.701261697781,12.9092314846355,12.9798153144109,12.0085786769825,11.8921912949845,11.8117635429532
"2223",38.6104864869785,38.6104864869785,38.6104864869785,38.6104864869785,38.6104864869785,38.6104864869785,38.6104864869785
"2224",14.3201173192345,14.3201173192345,14.3201173192345,14.3742271812959,14.3201173192345,14.3201173192345,14.3201173192345
"2225",46.1127314970305,46.1127314970305,46.1127314970305,46.1127314970305,46.1127314970305,46.8876882321467,50.1040188961814
"2226",32.6164644136347,28.7184414948463,32.3574637032839,32.83759591431,35.4641861737427,35.4641861737427,28.759406662157
"2227",24.3454486650364,21.2255905174305,22.1404699350779,24.0573347493928,23.3666881584487,21.9481456878402,31.1216818343384
"2228",79.7017961592139,79.7017961592139,79.7017961592139,79.7017961592139,79.7017961592139,79.7017961592139,79.7017961592139
"2229",9.48753247572484,9.55751824236327,9.52961467177866,9.55751824236327,8.97160246481111,8.97160246481111,8.97160246481111
"2230",24.8454917166491,25.7814613574142,24.8454917166491,24.8454917166491,24.8454917166491,24.8454917166491,24.8454917166491
"2231",9.57627891256212,8.38326943893265,9.50645977357392,9.5328519605144,9.12764686191674,8.97596039977433,8.97596039977433
"2232",34.1904711772972,34.1904711772972,34.2692538927116,34.1904711772972,34.1904711772972,33.994857442014,34.0141424237235
"2233",6.84979266927119,8.66610278966846,8.66610278966846,8.66610278966846,8.66610278966846,8.66610278966846,8.66610278966846
"2234",12.8848357755085,6.50245112628502,6.98582149989176,6.60795124862488,7.08361334437349,6.82669578780327,6.78949938530885
"2235",10.4707749928105,6.52819142390064,6.01361277352115,6.13464639505836,5.52459844417528,5.26949857766966,6.18805622130067
"2236",7.01987106822002,7.01987106822002,15.7285859035229,15.7285859035229,15.7285859035229,15.7285859035229,7.01987106822002
"2237",7.56216805246296,7.46387647248063,8.60775510786216,8.60775510786216,8.60775510786216,9.0705988020557,8.60775510786216
"2238",37.5396851618922,38.7782629019264,34.4486015296044,33.8562843663317,33.6129033348889,32.2767239400655,30.7689147179345
"2239",104.78232897211,201.27267580334,104.473981132536,102.892043908489,95.6689922865984,104.045464641568,104.194758166075
"2240",261.41573022513,265.670279881911,294.529251672952,356.909444649113,333.775651466533,277.120287050254,252.420697783679
"2241",186.201095160959,185.976378173204,185.697767776711,232.273998292408,230.347927357872,186.311737963694,186.127095813235
"2242",42.8166534733201,105.12396067835,52.510547427014,60.75033062066,60.5611745232167,60.5611745232167,60.8925107020771
"2243",752.836467387649,711.63792165864,758.091730739814,1040.51351867797,985.894214161357,689.743864176742,715.662550333981
"2244",10.3412263280715,10.3412263280715,10.3412263280715,10.3412263280715,10.3412263280715,10.3412263280715,10.3412263280715
"2245",212.164772087644,458.945895187395,209.976419026384,204.075761658435,204.669511083636,203.843014462378,204.157506273347
"2246",11.8991294730967,11.7547742229884,12.6504783816006,12.6248197569742,11.9258876259091,11.88625527026,11.88625527026
"2247",195.701720396985,210.813694857818,193.577390036965,192.92369286456,192.922545947251,193.068933170096,193.336832985993
"2248",403.925198783825,406.245553336561,411.376287901523,484.13933305874,457.023493823519,391.98773148118,409.686881065808
"2249",238.084203033371,248.75873302692,245.577542111402,240.181560877281,249.402095718555,249.402095718555,251.607864679918
"2250",26.1719210739087,26.1719210739087,26.1719210739087,26.1719210739087,26.1719210739087,26.1719210739087,26.1719210739087
"2251",37.8263536295699,66.3445229545206,38.1830548905103,38.4801306770027,37.8263536295699,38.1830548905103,38.1830548905103
"2252",7.18508331708303,21.1332571152501,11.2377457906463,10.0367607321489,10.7205465990011,9.94670018279996,14.7465422397239
"2253",9.59249828861363,12.0038115834282,9.9342008165864,10.2241117804939,14.5463864220383,9.5626788606892,12.0052950787203
"2254",8.51465428288623,8.63450082880956,11.4837623643967,7.59885702190909,7.77564450688241,6.93069813308348,8.67667665040646
"2255",6.05745615188026,7.4577396370844,6.77939615883434,6.75190907323818,6.89754412879132,6.76149913311519,6.32366300825069
"2256",5.83002925905604,5.89297705352947,5.83002925905604,5.83002925905604,5.83002925905604,5.83002925905604,5.83002925905604
"2257",6.13897184635876,8.36389143095354,8.5072525685328,9.4793911549716,7.42079986944892,10.1266233400867,11.5611028168383
"2258",6.15439224670824,6.15439224670824,6.15439224670824,6.15439224670824,6.40454582155909,6.15439224670824,6.15439224670824
"2259",12.0912794067373,12.0912794067373,12.0912794067373,12.4035405595172,12.0912794067373,12.0912794067373,12.0912794067373
"2260",4.64396577214034,12.36810741034,4.36833322637638,2.91018973065889,3.87003959937739,2.62967394902625,1.82391023411697
"2261",5.19060532190522,4.29628011058457,4.74972038044747,4.44225865831783,5.1832560444033,5.1675567085695,4.88776880692819
"2262",5.0014369478724,5.0014369478724,5.0014369478724,5.0014369478724,5.0014369478724,5.0014369478724,5.0014369478724
"2263",42.136796388683,52.5573939140124,39.6428428999197,39.0310170008329,38.7589574927848,43.5303748789692,49.3392924997033
"2264",13.72633528863,14.4994616575657,12.077108665834,14.2011869337379,14.2011869337379,14.2011869337379,12.3426910338666
"2265",7.21501630977331,7.14766520615587,7.21501630977331,7.21501630977331,7.21501630977331,7.21501630977331,7.21501630977331
"2266",18.7558016754516,18.3757751519214,18.6360624882969,18.7558016754516,18.7558016754516,19.2237940002081,18.7558016754516
"2267",6.81204874209504,6.81204874209504,6.81204874209504,6.81204874209504,6.81204874209504,6.81204874209504,6.81204874209504
"2268",6.23153392056562,6.23153392056562,6.23153392056562,6.23153392056562,6.23831848755889,6.26393336372895,6.23153392056562
"2269",10.1400534572169,10.1900818072206,10.7695428267888,10.7127337665651,10.1400534572169,10.1435508178545,10.5819508130076
"2270",36.9598870799853,35.9453005603091,35.6443324792409,36.0877766859897,36.6116541847296,41.1551868034228,36.0346528480131
"2271",7.66150073921509,7.66150073921509,7.66150073921509,7.73788264873437,7.66197999775012,7.66150073921509,7.58711599869872
"2272",10.0102726466425,10.5317821310704,10.0102726466425,10.0102726466425,10.0102726466425,10.0102726466425,10.0102726466425
"2273",9.83636751221953,9.83636751221953,9.83636751221953,9.83636751221953,9.83636751221953,9.83636751221953,9.83636751221953
"2274",9.88766632065262,9.88766632065262,9.88766632065262,9.88766632065262,9.88766632065262,9.88766632065262,9.88766632065263
"2275",14.7441430543404,13.8837306007105,14.1288908364617,13.8837306007105,13.8837306007105,13.8837306007105,13.9833129307785
"2276",9.37754967260928,9.00116644334243,9.15206110232631,9.27959359298207,9.24585253191881,9.25166974343015,9.30432484430373
"2277",13.8766360194931,14.2067058251656,13.709215471022,13.8549994785588,13.0681310549595,13.1063610920487,13.3632146800765
"2278",14.8409833083425,21.282548973681,14.673332355409,15.7518765771648,16.2077154930506,16.2077154930506,22.960239344037
"2279",24.9054551196892,23.5992529160271,23.2166490711829,22.8909764675232,22.8909764675232,22.8909764675232,22.9955168419311
"2280",4.44123596160922,4.44123596160922,4.44123596160922,4.44123596160922,4.44123596160922,4.43925146109091,4.44123596160922
"2281",8.0258469126276,7.65137457069783,7.25658167246014,7.25658167246014,7.25658167246014,7.25658167246014,7.55103198071992
"2282",15.1704794574606,17.1115479184911,13.1210891215939,13.1210891215939,13.1210891215939,13.1210891215939,16.1832289799051
"2283",61.6732996904581,52.4266739391249,60.6541870843851,59.4438669464251,57.4535846914556,57.046719085686,50.098519065109
"2284",27.7874581444828,29.6220735843747,27.0495829118167,27.0813847822517,28.9830181120675,29.4599360458897,28.3206666081811
"2285",25.118627847565,25.3485751148862,25.4235071918206,26.5217450022852,26.8825541423745,27.3876083458969,26.0730563244672
"2286",34.1579460087321,32.2273728426819,33.5647898953887,33.5653004217203,33.4739915073747,33.5504246197035,32.4234970684303
"2287",52.9381556438291,52.9381556438291,53.0963604183161,52.9381556438291,52.9381556438291,52.9381556438291,52.9381556438291
"2288",25.5206431155847,25.5206431155847,25.5206431155847,25.5206431155847,25.5206431155847,25.5206431155847,25.5206431155847
"2289",49.600738003184,46.5180088152373,47.1218158253492,47.3740033688102,46.2891730240531,45.9416279498688,44.8140111209388
"2290",45.2970746812318,45.2970746812318,44.7722315109828,43.2328387748153,45.2970746812318,44.792929392305,45.2970746812318
"2291",40.4630609681157,59.6285912622678,15.2379116111045,15.3723430182298,15.3742039468817,15.4579290770517,15.0178789257438
"2292",49.6802601771313,39.6437153481633,23.3262190438598,23.4263375149692,23.3262190551787,23.3690206083673,23.3262190438598
"2293",4.81088728717563,4.93221897932499,5.01563907248919,5.05063201960386,5.11253312925647,5.11253312925647,5.11253312925647
"2294",9.90783582231611,13.508625721346,10.0861732392562,9.26098098938021,10.1752382227462,10.1752382227462,13.7437272782479
"2295",2.86146545299365,4.60163806127775,2.74956349386253,2.77188379178167,2.64929044809055,2.66316217341365,3.97784891124172
"2296",8.64115003555724,8.75251577346835,8.84648898612637,8.77935443399757,8.62872466182849,8.42903236343733,8.45244601042114
"2297",10.6391841291674,10.8108884443143,10.3025375700265,9.53772189466924,9.56437499553381,9.92062723047052,9.56437499553381
"2298",12.6862510797368,15.8454510986526,12.4321556606179,12.4120244158225,13.0626869242377,13.54120893208,15.9730128316412
"2299",28.876876542511,25.8976833462723,20.9149864855902,19.950342481617,26.3645711733916,25.776658788218,16.1174413468188
"2300",7.80496408541314,7.80496408541314,7.80496408541314,7.80496408541314,6.73928858314426,6.02984736198286,5.83932535970421
"2301",6.25255981852899,8.6739755725774,5.4646448994034,5.38210877404959,4.57791062706499,5.37104907220544,7.04270540677994
"2302",4.79497999085567,4.92122954840813,5.05374915455651,4.79497999085567,4.79497999085567,4.79497999085567,4.67356342730975
"2303",72.4552995788359,61.6729038947025,58.7101865415075,48.4232942638498,48.7619351098999,47.1131772554871,37.4221091937031
"2304",13.5382974795021,9.17474751199715,9.28485828571506,9.14066412322872,9.38067306017169,12.3441874094491,9.18427404439695
"2305",16.2076976852862,16.2076976852862,16.2076976852862,16.2076976852862,16.2076976852862,16.2076976852862,16.2076976852862
"2306",23.4243575213918,23.4243575213918,23.4243575213918,23.4243575213918,23.4243575213918,23.4243575213918,23.4243575213918
"2307",9.90377038663833,9.90377038663833,9.90377038663833,9.90377038663833,9.90377038663833,9.90377038663833,9.90377038663833
"2308",24.5758608546971,24.2665611849254,24.5758608546971,24.3405503409234,24.4359636606815,24.5758608546971,24.5244113452843
"2309",24.4872330555413,24.6375002588515,24.6375002588515,24.7136872252098,24.5623611749962,24.6375002588515,24.6986629269023
"2310",14.0158072173458,13.9269032787982,13.9269032787982,15.0867274829348,13.9269032787982,13.9446968502773,14.0158072173458
"2311",10.057078651231,10.057078651231,10.057078651231,10.057078651231,9.56990802862051,9.37626610654212,10.057078651231
"2312",13.970369116445,16.5593376071113,17.348080915421,16.250337997408,20.7555986607854,13.815695622832,17.0868369085599
"2313",13.1571044818611,13.1571044818611,13.1571044818611,11.4779293080002,13.1571044818611,13.1571044818611,13.1571044818611
"2314",4.91558993228087,4.91558993228087,4.91558993228087,4.91558993228087,4.75489172101895,4.91558993228087,4.91558993228087
"2315",8.04422246645875,8.28017395279835,8.04475338060701,8.09208061821943,8.40388048137956,8.04422246645875,8.04422246645875
"2316",13.3846378814189,13.4716806215507,13.2141627138102,13.8801634215339,25,13.6735279357913,13.921679911999
"2317",22.2340424784257,21.1490534144215,21.9160178355559,21.0275812499925,19.9192320333531,18.4165262996359,13.1371943896427
"2318",4.48342191638988,4.48342191638988,4.48342191638988,4.48342191638988,4.48342191638988,4.36662493086592,4.48342191638989
"2319",21.0139594799378,11.916711864459,8.33450875917858,6.70534470119945,7.1193455474647,7.59909556395501,31.9098557467773
"2320",7.58572132999324,7.58572132999324,7.58572132999324,7.8642346479151,7.58572132999324,7.88026998936395,7.58572132999324
"2321",7.43098095811327,7.43098095811327,7.43098095811327,7.43098095811327,7.42033317665493,7.43098095811327,7.43098095811327
"2322",9.42073759187738,7.3310089190286,10.2070115895688,10.1718253864679,10.0378886974247,10.0104671661944,7.38809225041323
"2323",6.75079381932536,6.75079381932536,6.75079381932536,6.75079381932536,6.6233640849255,6.75079381932536,6.75079381932536
"2324",37.6384324361356,29.7366890939942,26.2227839572696,23.5696903529874,33.5923631483163,45.7606742891071,30.4026641037253
"2325",10.1045790480814,10.1045790480814,10.1045790480814,10.1045790480814,10.219592871984,10.1045790480814,10.1221834776133
"2326",20.9172925886705,20.7818807189324,20.4224199674209,20.4224199674209,20.562129554495,20.5805879692728,20.4334328965486
"2327",14.7603240704632,13.6264859668558,13.0593819053634,14.0386535785311,14.7603240704632,13.802062025807,14.3473145417089
"2328",3.15127814401802,3.15127814401802,3.15127814401802,3.1658579079944,3.15127814401802,3.15127814401802,2.90474439056697
"2329",10.4482788910556,10.4482788910556,10.4482788910556,10.9334411334545,10.4482788910556,10.4482788910556,10.6028848653553
"2330",15.8359962631078,17.2692037618549,16.2303539862078,16.5902992956555,16.0547194703838,16.467195480773,16.4239694006758
"2331",11.4591415181685,11.0863001429319,12.7030300924553,12.4773933668532,13.2433147096599,14.0591486117749,13.2678830776036
"2332",9.6099263491806,5.67621514541826,8.34008127068162,9.23441915291063,9.32764422919555,8.08781946190636,5.95850832639489
"2333",10.670525453018,9.62177759427521,11.261657277521,10.0418669466836,10.9561135731068,10.4336607792482,10.5085721893058
"2334",6.04408950570159,5.8829130040173,5.77416544054057,6.00176666671821,5.92661936333838,5.41149095501105,6.43126947039302
"2335",9.79194414497181,9.67806800823615,9.67806800823615,9.67806800823615,9.67806800823615,9.67806800823615,9.67806800823615
"2336",11.910787751465,11.757971109931,12.1058950401815,12.1445941184336,11.5843077511738,11.5843077511738,11.5843077511738
"2337",9.41380636230202,9.32535240762222,9.24797523542781,9.47378080003488,9.62830209976427,9.47990744429648,9.24797523542781
"2338",20.6596261537001,18.3717909264109,24.7401548141183,24.9007914639215,28.9142689946328,27.1792858449665,18.7799222045773
"2339",6.5436891984513,7.18599903222184,6.46954701745147,6.60220297668292,6.46954701745147,6.60389191547319,10.6604847595013
"2340",42.4018523309036,35.480685901495,15.8507495190075,9.59431337133222,7.74981805615981,7.74981805615981,7.94355007934048
"2341",9.0146285049299,13.5294104855655,9.01109965904547,9.04632761975199,9.06760153053057,9.04633344487617,39.4456267193721
"2342",10.0202172131285,9.83836068634905,9.63894762716058,9.73262324214278,9.69607148044917,9.63894762716058,13.9273287398914
"2343",43.2811938889163,34.1041836544827,25.0756968264468,16.4900563226181,11.37190452472,11.8585237496449,18.7858169195071
"2344",3.73011112771656,4.46976253029861,3.70018829633803,3.70018829633803,3.71117426405941,3.69324895644648,3.93675989141386
"2345",9.57224734747115,14.6991473468447,12.0856686809436,10.9086315790695,11.2103940936877,11.1866894106084,15.7915571958715
"2346",4.29325885670652,4.51842954145057,7.77999972121076,3.82730806195186,3.29299865895651,3.71632705400954,10.0501616180821
"2347",8.5440754605725,9.22499914160358,8.95349482649835,8.5440754605725,8.61442051683802,8.5440754605725,14.8601187397821
"2348",5.89119482731024,5.89119482731024,5.89119482731024,5.89119482731024,5.89119482731024,5.89119482731024,5.89119482731024
"2349",9.18364990004667,17.4423248574286,8.41977576530235,8.41972521317517,8.41972521317517,8.50105824995976,23.9784258162811
"2350",3.14816445127848,3.24553202823938,3.33273213527877,3.14816445127848,3.14816445127848,3.14816445127848,3.14816445127848
"2351",3.60112613486167,3.60112613486167,3.60112613486167,3.60112613486167,3.60112613486167,3.60112613486167,3.60112613486167
"2352",5.41054436396781,5.41054436396781,5.41054436396781,5.41054436396781,5.41054436396781,5.41054436396781,5.41054436396781
"2353",10.3413864755967,18.1790360371574,10.6002951830262,10.3777244084751,10.3777244084751,10.3052600830821,23.1708004220154
"2354",14.7238244377687,18.2255959667757,25.1689067725,14.5030700357165,14.8402174565799,14.9692252319401,55.3987972295055
"2355",18.2713474473225,18.7403367158924,17.3801935612656,18.5388178501717,18.2713474473225,18.4571007153152,18.2713474473225
"2356",7.58344790634984,7.50526158266736,7.97674189313441,7.99430331842023,8.37528130559689,7.1689914474625,7.19735201389219
"2357",23.8188384637045,23.8188384637045,23.5032687655644,23.8188384637045,23.5798853055145,23.1787057378927,24.3331863321268
"2358",7.20669227808038,5.92562278379075,5.77147291691979,5.93133951383132,4.86819683376838,5.31091922238551,3.92681038483304
"2359",13.2633136849113,11.5461905078772,12.0207736707697,14.5242013310055,13.7434089358591,13.7640546787571,10.6538615237691
"2360",23.4057461715651,25.8607919152154,23.083169091208,22.9980732284256,25.22078425478,23.0272062237152,27.1176310889486
"2361",5.97863786409236,5.40820473545953,6.26813917283447,5.97863786409236,7.56518089159929,5.97863786409236,6.40493006284728
"2362",6.8057285366942,6.60640527212266,6.52164262924917,6.58822465453151,6.47785455016601,6.65940065403755,6.61452347350408
"2363",6.76319980128335,5.88800046780009,6.4416750752665,6.09115527368539,6.13630789815638,6.48005633820146,6.15957932066392
"2364",11.4003168798598,11.4003168798598,11.8114268116812,11.4003168798598,11.4003168798598,11.4003168798598,11.4003168798598
"2365",17.2702435790207,17.2702435790207,17.2702435790207,17.2702435790207,17.2702435790207,17.2702435790207,16.9957635873781
"2366",4.88492418487865,5.54095282918731,3.90328214509338,5.43747564282504,4.99197570244846,5.43747564282503,4.47331926865328
"2367",7.65316099802997,7.56384303342561,7.59190825082966,7.34668089956305,7.54026534832265,7.4225943303569,7.51623313979326
"2368",9.16477324914728,9.16477324914728,9.16477324914728,9.16477324914728,9.16477324914728,9.16477324914728,9.16477324914728
"2369",9.05390391291695,9.05390391291695,9.53672044431548,8.59120259106629,9.05390391291695,9.05390391291695,9.05390391291695
"2370",20.2018705503751,16.5449895088129,18.3988276509026,19.8732647139739,20.2018705503751,20.2018705503751,16.2364260988241
"2371",15.4862815561202,8.32688641614524,15.4862815561202,16.9308664777459,15.5181834535611,15.4862815561202,11.4803305418582
"2372",15.7717175475688,15.7717175475688,16.5334578081775,15.7717175475688,15.7717175475688,15.7717175475688,15.3747769539888
"2373",34.1663901936743,23.808909173724,29.6591363110202,24.1413308161636,31.0481018895988,36.165056517392,27.0257607946797
"2374",8.40216333295008,8.55754092430992,8.60624636697501,8.42532598224195,8.40216333295008,8.54176235346744,8.40216333295008
"2375",9.78693407578729,11.7765052557696,10.2435195710521,9.67274872204979,8.48121429679166,8.41693113194921,12.5548740260809
"2376",7.4144113556139,7.38831881970672,7.4144113556139,7.4144113556139,7.4144113556139,7.4144113556139,7.4144113556139
"2377",20.599649537425,21.2314246190178,19.3294635839289,19.3882599837605,20.6666718957444,19.1522646227707,19.5312288213286
"2378",85.4251057987646,91.8269402092024,87.7903330953503,83.075972635535,81.9255639238597,70.1523291594627,71.0944482483635
"2379",50.677174197426,50.1307620745418,50.1553791290985,48.7456780165688,48.1248430631168,48.0925333386506,47.7266171398375
"2380",45.1055694442302,45.1055694442301,45.958084869699,45.1055694442301,45.1055694442301,45.1055694442301,45.1055694442301
"2381",50.4348524349961,46.0451611240569,45.8515090910561,41.243112756389,38.8691608708546,34.012397545574,33.1678083323101
"2382",10.1334053549436,10.1168051704079,9.70104484318871,8.71675285460565,9.69456085561179,9.26260027618161,8.86937160792396
"2383",6.59230890243759,6.59230890243759,6.59230890243759,6.59230890243759,6.59230890243759,6.59230890243759,6.59230890243759
"2384",19.3104200705861,18.7173520687919,16.6792704968233,9.29776607605909,16.2276515188944,13.6550541769377,12.9472014649871
"2385",3.02528529715225,3.02528529715225,3.02319291350959,3.03720814918621,3.02528529715225,3.02528529715225,3.02528529715225
"2386",27.5323506143065,29.7385506720208,25.1092671118148,24.882524819418,23.8036975573655,28.0997672922766,24.1365512972315
"2387",17.8596065777944,17.1781897804067,22.4379724366094,16.6932985345764,15.983494221788,16.3794305288473,20.6082456823282
"2388",21.7466904956507,20.045329036287,18.2558706448206,17.9350819605411,14.58616066221,17.0358399929591,15.9658265758216
"2389",26.2068990475881,25.5376734325748,23.7400371717992,24.626684769421,20.9984290925447,23.0527113789224,21.8125425229326
"2390",27.3058996769794,23.7306196395473,25.7806633952072,25.3055976568983,23.709043279068,22.8049478675742,24.3733444839226
"2391",59.0305870569315,59.0305870569315,57.266018044317,54.2276018706022,52.9976620257712,56.2071416104933,53.2251340242267
"2392",20.7611781730021,20.7611781730021,21.7106787976434,20.7611781730021,20.7611781730021,20.7611781730021,21.3565626397589
"2393",26.847088690389,33.6704243037652,23.4295938580365,19.8095040550582,18.5593908903934,20.4514128843231,21.6226483140474
"2394",27.2506374918259,27.2577959939314,31.5409272449039,22.1937355952754,18.4655815204073,21.3391029521315,21.8719874649241
"2395",20.6664614539852,12.2218809782047,16.3940270808237,17.2649644996922,14.6319593504125,14.6629779706534,13.3460985448186
"2396",21.7006997041759,20.0484576383331,22.061334838658,19.2016364155214,16.9116300516679,18.0661238961609,20.2913233910743
"2397",30.0898259284696,24.6986993274078,26.2880610882133,25.9496144179337,23.3043806187295,22.262914913218,22.6420939516631
"2398",22.2141571648331,22.2141571648331,22.0129350493649,21.8243981588199,21.1234987915382,21.6471285490503,21.3735475435316
"2399",72.3396838640132,71.6318116677411,66.0838532782486,69.4469612657735,60.6911344674189,66.0838532782486,63.1667009614138
"2400",48.0255371599126,41.0329513523841,36.8679934045301,39.786549825134,34.2245836665505,37.4244796091404,35.5260982123494
"2401",52.1999993959974,67.0199109217235,54.0774240091488,44.831331651998,48.6569966777735,69.5929138140894,53.5861275780439
"2402",49.7252626966925,47.5729889908055,47.8620035991981,44.4829767429755,39.868458179056,44.1119690415804,41.8685999152451
"2403",64.8639957032203,58.159071611501,55.462037162564,51.5955967941084,51.8375164298129,55.2882859945733,54.6030843644861
"2404",25.5513573386683,18.7188266710805,32.6167066214092,27.1594177919723,24.8233139935136,26.6332041454988,26.7079288871486
"2405",51.9356010026793,53.9048539935444,48.4201399568076,44.3635320954135,40.0996134100104,47.7780017538424,44.6948022690437
"2406",47.0121558184634,35.6089039594755,31.0792320102401,31.4496900682118,25.8403689983643,22.97684968519,22.5886170834114
"2407",53.1801226016047,55.7298024768106,61.582229388034,54.1152650233338,43.94282321829,52.5398390528657,63.1490717876797
"2408",26.7441194521578,31.634144030197,31.9714730990132,29.2472655079475,22.5923422300746,31.2782125238797,33.6910165647966
"2409",52.6737387557531,51.4303058725634,60.240160706135,50.2767293060364,46.3471413855025,57.217831558827,56.7499603291976
"2410",24.8083512580894,25.9383561268185,21.2620062383901,23.0131610771259,17.60939043629,19.9332144329361,18.9707999662911
"2411",58.129110626218,43.3828368799165,50.9531122194737,47.3266851560952,39.8465848392666,44.7238662656871,39.7089952861489
"2412",10.0977177845817,12.5419914938192,13.5457131928415,15.3781691597571,17.0412723610786,17.9443735272329,20.5938276686628
"2413",8.52761311628207,8.46036169029131,7.48725228533798,9.14310187244164,8.49848787368106,7.55955494709473,8.52705274692148
"2414",68.3381450876374,50.9413614822952,48.0095284213057,49.1730936790465,45.6533015383269,50.2539038184717,45.7750964212088
"2415",43.6028959305379,30.7342857009882,65.4404192440899,43.5880351310636,39.1071716095075,42.9162158353265,57.7111495025119
"2416",76.6065817034254,83.7996262655952,74.8945930005291,60.8990986301114,57.2214402771863,71.4177911306333,45.7371718430179
"2417",79.3207600183563,72.6815218908545,67.5167124779853,68.301604282113,56.9415672519752,58.5056069710673,54.0528350196405
"2418",99.4439752049762,77.2513065856538,89.3089167764424,88.343875477478,69.5494779861356,71.6218890286021,72.6118360097505
"2419",68.7431803978286,63.4807485411651,56.1260555243545,53.7906932971676,47.3752733240495,53.3236080445367,47.0628162824035
"2420",69.0552205517375,48.8088971294684,57.4732353268023,55.4304931495734,43.9699708364885,48.8401263997436,38.2717902980331
"2421",76.6865796414531,68.9133008674029,70.794859176242,67.568738301085,57.298284518608,69.0999414425515,54.3667150761123
"2422",55.9210953254756,52.202743127302,52.4803297929335,49.7989897411196,46.4616243972866,48.9433158946265,50.4686328540749
"2423",10.9506294594631,10.9506294594631,10.9506294594631,10.9506294594631,10.9506294594631,10.9506294594631,10.9506294594631
"2424",11.4023270772654,11.064217451828,11.4023270772654,11.3773715624263,11.4023270772654,11.4023270772654,11.4178297773375
"2425",9.34165926228292,10.9664853465511,9.04767486765416,8.96709601933975,8.95125897131588,8.50002149235261,11.6521179719268
"2426",17.9073159650884,10.3641309450306,16.9323969231601,15.3381804174525,15.8016455433131,10.9455484851939,8.30237009357996
"2427",5.62984975570772,4.71520073517444,5.74986399462622,5.67753039443769,5.67753039443769,5.61037009288104,4.66007937066757
"2428",6.91240348584581,6.91240348584581,6.91240348584581,6.91240348584581,6.91240348584581,6.91240348584581,6.90861910137861
"2429",4.98069542095166,5.12539456820894,4.98069542095165,5.94724993948383,5.38724435447987,5.94342786549506,5.18488964230975
"2430",12.6842304946989,11.6496430170434,10.7762515235552,11.577002987153,11.029019059021,11.2682236359955,10.592441685719
"2431",5.02785175516758,5.24972275833301,5.24972275833301,5.24972275833301,5.24972275833301,5.24972275833301,5.24972275833301
"2432",5.1903212963993,5.03606672166159,5.23083468116389,5.23083468116389,5.23083468116389,5.23083468116389,5.08776255270766
"2433",10.5428572635872,9.39534230731493,9.36739814139306,9.4516694860277,7.64516407612014,7.81930266188771,9.03635066528389
"2434",22.5407268549964,21.1594257032814,20.0032629678305,19.3419950625178,19.5337547224067,19.1032016605008,17.5473700068822
"2435",12.8991089301349,19.1707855950681,11.7507249721294,11.7598295038211,10.9119401041287,10.1342827429304,12.7264357012411
"2436",8.02559782533966,7.62992091710409,8.70935274614895,7.7703704974131,7.42001316210087,7.39540760120611,8.01153694764634
"2437",10.7333859824754,13.9531040934237,9.78938007647307,9.78938007105981,10.1416866795555,8.7765150914126,11.5415747452959
"2438",20.014073477289,20.3263037392853,19.9825528889729,20.6691397591944,20.0821220797158,20.1176932317888,19.7753533611596
"2439",27.7578617686896,27.6322538204163,23.0364062410594,22.2707499926079,23.1569237916293,23.4621689065918,24.6923171162575
"2440",16.7481987395344,16.8141293734477,16.3461951865742,17.3023215506323,18.0369002887567,16.7696000938964,16.3461951865742
"2441",15.98345855278,19.0328580777007,15.1993870661434,14.797203126154,14.745606756162,14.224682398675,16.5967683593118
"2442",21.7849572871936,22.3121063467246,21.7159851981703,20.3000782542753,19.8011827950791,19.0243184832957,20.223604671162
"2443",20.2478255675067,28.8224338128239,21.7961562905057,20.6860718719329,19.4301540437798,18.9684486388598,28.3211333018272
"2444",23.3574358299313,21.5099808173109,21.7085366476998,21.5099808173109,21.5099808173109,21.5099808173109,22.9457010788463
"2445",12.8287849852869,17.961547782004,14.2450952869261,12.5476721919098,13.735833172194,12.6829848978967,16.5188477383948
"2446",8.59603825921767,8.59603825921767,8.59603825921767,8.59603825921767,8.59603825921767,8.59603825921767,8.59603825921767
"2447",4.11940100491529,4.11940100491529,4.11940100491529,4.11940100491529,4.11940100491529,4.11940100491529,4.11940100491529
"2448",10.1717702396089,10.1663097451897,10.1717702396089,10.177546101057,10.0979402821833,10.2182996897604,10.1717702396089
"2449",14.6944966782699,14.6944966782699,14.6944966782699,14.6944966782699,14.6944966782699,14.6487814402355,14.6944966782699
"2450",10.3354027231333,14.2184622598124,9.97622693996217,9.82567287584007,9.62726852596485,9.92442432937888,14.2293359210053
"2451",15.3901721462409,20.425070475431,16.0407460293591,16.4255668373361,15.3095174863473,15.6468472123128,19.2231776182227
"2452",4.84841886424671,4.84841886424671,4.84841886424671,4.84841886424671,4.84841886424671,4.84841886424671,4.86033703033266
"2453",3.65281546356722,4.29743262893524,3.68350724887066,3.67451218222393,3.04824625853017,2.35024834647711,3.61646414820187
"2454",6.75706926816189,10.319247740769,6.77450405794211,6.76078894876741,6.75706926816189,6.78852822391345,10.319247740769
"2455",24.639679059507,19.877759433424,17.6143537928033,18.43733076761,20.7284779402557,18.9564315826822,20.4579815440372
"2456",3.90514178551523,3.90514178551523,3.90514178551523,3.90514178551523,3.90514178551523,3.93042059626589,3.90514178551523
"2457",9.18533017599332,9.97816410981439,8.99158897664182,10.9968746888249,10.240748412502,8.51559959990361,8.52104213663263
"2458",5.23898383978492,5.23898383978492,5.23898383978492,5.23898383978492,4.6047112259684,4.96019040242822,5.23898383978492
"2459",59.5736718397076,55.7199132609839,53.1660131001792,55.4298843370498,58.7292094307551,57.3148649699566,54.934592361184
"2460",11.1393250623707,9.6689622632788,8.83398140649081,9.14489565251891,10.3117479273095,9.83073916368349,8.83398140649081
"2461",35.4407430079521,36.1830234128125,33.3683499613965,35.3281643882429,32.7500502774289,34.0608833286687,33.2645868304618
"2462",3.74612144949192,3.74612144949192,3.74612144949192,3.74612144949192,3.74612144949192,3.74612144949192,3.74612144949192
"2463",9.50655453142725,9.50655453142725,10.3689721346528,9.924858108585,9.83919853374175,9.50655453142725,9.48986242729656
"2464",4.81228558510942,6.36735678832594,4.81306309788676,4.81228558510942,4.79133668668898,4.78456203422752,6.36735678832594
"2465",7.00280307158518,7.9243250886897,7.0195463722914,7.98136090034137,7.00280307158518,7.00280307158518,8.12331185337185
"2466",6.9367500446778,6.09093098132645,5.89679364898256,5.86229920950225,5.89679364898256,5.45941969977696,5.60556444249385
"2467",11.2534034505296,11.2534034505296,11.2534034505296,11.2534034505296,11.2534034505296,11.2534034505296,11.2534034505296
"2468",19.8974831173153,19.8974831173153,19.8974831173153,19.9766566525281,20.0104674784993,19.8974831173153,19.8974831173153
"2469",14.2805438406791,14.2805438406791,15.7105347390178,17.2579380156149,15.7949442186681,15.3950020116647,14.2805438406791
"2470",13.4083843418936,14.952886642726,15.2403143574182,12.0344240558891,19.3254772954409,14.8662145482667,14.774561391374
"2471",4.96443281180539,6.4305524096974,4.81540023440075,4.92390989231862,5.91702864282222,5.94493379336043,6.61853204526928
"2472",12.0184775797511,12.0184775797511,10.8455745686816,12.0184775797511,12.0184775797511,12.0184775797511,12.0184775797511
"2473",11.4650950722892,11.4650950722892,11.4650950722892,11.1602611031431,11.4650950722892,11.4054500954037,11.4650950722892
"2474",78.948391309008,102.613199141104,40.7454625315113,40.2669607549851,39.8944356547586,40.5097903628699,40.5323508634833
"2475",30.6305386079282,42.8046542605552,30.7339356292239,31.3441703589499,30.4848466885973,30.5233168232956,29.0485852821518
"2476",42.9198601890734,26.7226632558733,17.7273668049036,17.9197468426551,17.5064372099159,18.5526770486735,13.687526872479
"2477",29.0892229597087,40.8592070965838,20.6544314487061,20.7538013524778,20.5754711632919,20.5509323020826,20.5509323020826
"2478",41.1608294155137,52.5782676846905,26.669220651538,26.6978772278044,26.789132677139,26.5527612435288,22.5067774059776
"2479",7.47975610150376,7.47975610150376,7.47975610150376,7.47975610150376,7.47975610150376,7.47975610150376,7.47975610150376
"2480",15.3908906443029,15.3668906719161,15.4577087527008,15.4577087527008,15.4577087527008,15.4577087527008,15.1380977512481
"2481",8.87162981566733,9.28255179255901,8.87162981566733,8.87162981566733,8.87162981566733,8.87162981566733,8.87162981566733
"2482",6.57917422693171,6.57917422693171,6.57917422693171,6.57917422693171,6.50510538340559,6.1840273172406,6.57917422693171
"2483",22.3456604820552,22.3456604820552,22.3456604820552,22.4043912485778,22.3456604820552,22.3456604820552,22.3456604820552
"2484",20.0943632337725,21.5927125449614,17.3553977284,17.1542187037232,17.2115551080025,17.0066936820145,20.9306142726467
"2485",58.5259094779884,49.0807415136286,61.5028818876398,56.8198562415434,59.7774448272886,57.3642876108178,49.0807415136286
"2486",53.8646991882456,49.2445627353839,50.3859980261185,51.5372647441698,56.8082843493992,52.7423545246899,49.2445627353839
"2487",31.344253877959,21.0956004597147,28.5959562392385,29.8018688798675,32.8111313734314,30.8061014068677,21.257909180363
"2488",54.1522393898593,49.4604339426576,53.9524320346484,54.3395988106729,55.4320813858957,55.3853364487871,50.7725815233025
"2489",47.674840432984,37.6178772388095,42.521974638755,41.7588667942619,45.6512890879256,44.9394259769313,34.6334051070916
"2490",19.6405646135488,13.6520301368718,16.8715190263783,16.8280536038357,18.5928646170067,17.9810435878544,13.4016305889606
"2491",26.1866464707497,16.5492248662404,23.1597684607872,21.8109828642975,24.5450577178614,25.0430541436787,13.6444987025958
"2492",7.99347235553166,6.74690377644505,8.16824254876913,9.15671784999438,8.27045315015953,7.58057564606037,6.09702876527846
"2493",6.79265310727528,8.51776134454636,10.4581914394196,8.01500369514071,8.47031458416472,7.03459458312381,6.66498302637046
"2494",6.36869652748181,8.09236601093388,5.99203667613312,5.99203667613312,6.02136547514188,6.03119501368877,10.6773445893163
"2495",6.31609335256963,6.31609335256963,6.31609335256963,6.31609335256963,6.31609335256963,6.31609335256963,6.31609335256963
"2496",6.51072234051063,6.46680397125422,6.42932168063606,6.41882595918597,6.53935920805011,6.26030699778884,6.17638565929012
"2497",15.2577346261636,8.16169775687546,15.2577346261636,15.2304295213584,15.2577346261636,15.2577346261636,8.24863525695454
"2498",12.8787438035541,12.647043894591,10.7959134877831,10.1745940153194,10.1604729078332,10.1893895390938,9.86512398785468
"2499",15.6430148345265,15.7804721552438,15.6170284712225,12.1669011579716,12.152605628644,11.9707423640742,11.8639616866354
"2500",28.4937130855861,18.3820127479075,16.1622989268071,27.0345588436919,27.6319228742259,24.2111643281613,10.6233675884964
"2501",14.1652224747613,14.1652224747613,14.1652224747613,14.1652224747613,14.1652224747613,14.1652224747613,14.1652224747613
"2502",49.9200725005377,34.3615532511767,45.1738076446783,44.1878747940208,39.7925235513114,40.050189006765,34.8306820722112
"2503",3.55872937753867,3.50057584426289,3.61145751449072,3.56198244175088,3.54155387627249,3.43457532915594,3.18105955751786
"2504",12.8369419350164,15.6618332997964,12.3010384849316,12.5777565849542,12.973597799196,13.2421030990077,15.0120153490731
"2505",4.11619109347985,5.70191779914196,5.20927503816878,6.42203781127362,6.37807291766936,6.20265310889857,5.67291763938487
"2506",4.65753971189887,9.47513741522766,11.9641857071093,7.45307845632713,9.79256491325697,11.4462842182796,8.19400900775742
"2507",9.78756624756987,9.78756624756986,9.83291381068354,9.67369199499892,9.78756624756986,9.64112839960924,9.78756624756987
"2508",5.73550667922601,5.73550667922601,5.73550667922601,5.73550667922601,5.73550667922601,5.73550667922601,5.73550667922601
"2509",7.53242131293856,10.6745593833424,8.0773865574904,7.91531495014262,8.44993647356722,7.68704172383386,11.0726967801373
"2510",23.1295984939385,19.9832776881729,21.3866002637223,22.6297767451834,26.6431964151243,21.0563395578254,20.2404102362121
"2511",16.8040245940804,13.7742362343834,13.9315763730105,14.427305342319,17.1101220434197,16.9148117010168,13.9315763730105
"2512",62.8144473334069,48.8957456961781,57.4288997225711,56.904535011056,61.5541905393769,55.3742210498552,44.6571613468254
"2513",41.2335801208424,40.7720758044448,40.9962130158965,47.2670681740248,47.2670681740248,45.9427208821397,41.1885735275273
"2514",73.0166421955063,58.8238422369829,69.5327165421397,73.0497518148557,83.4214199281483,71.8382182123474,58.7699330081079
"2515",56.7852290082185,45.8898374628506,55.0680951678092,58.978663179866,55.609644351548,57.0627002608234,44.1648271969987
"2516",72.0244516760067,59.9901726941422,58.8467621860768,59.1105585400604,68.755213770551,54.2985546702033,45.0902039097962
"2517",46.9611365321778,43.6519906848951,43.9451661903464,48.1198887956861,48.1198887956861,46.5572525525818,43.8908365135481
"2518",86.1887298002379,77.3959430749621,86.895763618902,86.9812717672348,92.2605400562604,86.9812717672348,77.3959430749621
"2519",49.1647032648846,39.1624428809844,38.6234642882666,43.3354896960001,42.4768746669359,39.8782611439947,34.5256497250213
"2520",5.410317510644,7.90793805332377,5.74011042544425,6.1234698849492,5.73518891157564,6.85368431978344,6.07583444148012
"2521",23.5563347699844,13.9776789665474,16.1077302269815,21.7181275517664,21.0508806366993,19.4729823545099,8.36578043626723
"2522",2.97456493214416,3.08007409458945,2.95967000191514,2.97456493214416,2.97456493214416,2.97456493214416,2.97456493214416
"2523",5.90015043779264,5.90015043779264,5.85148151261695,5.90015043779264,5.90015043779264,5.90015043779264,5.90015043779264
"2524",5.73208774212926,4.15489812225821,5.87310151286955,3.93529747043971,3.81105790108,4.83495898484987,3.14861939904358
"2525",34.4941889972516,34.7798175265974,30.9728854267915,30.8173522424338,30.8173522424338,30.8173522424338,33.4000135802691
"2526",63.8758710489033,58.9966842546912,58.7969105343761,58.7969105343761,58.7969105343761,58.7969105343761,58.7969105343761
"2527",54.3065677514472,53.7569728117276,53.2096605216937,52.9772526307229,54.0839090050287,54.6350912362412,54.6350912362412
"2528",83.1940100899614,84.150432709988,83.8518352708634,83.3414336740886,83.5859920620627,82.4438295880828,85.7366700269238
"2529",32.2558147917288,31.5046417356824,32.2558147917288,31.8245857609356,32.2558147917288,32.2558147917288,32.2558147917288
"2530",5.83747756292496,5.83747756292496,5.83747756292496,5.83747756292496,5.83747756292496,5.83747756292496,5.83747756292496
"2531",4.2644509236647,4.2644509236647,4.2644509236647,4.2644509236647,3.8912741904506,4.2644509236647,4.2644509236647
"2532",11.7690963912516,11.7741901825537,11.5987853438042,10.6393231137113,11.457403110769,10.9582541864135,11.2776304914443
"2533",9.9576875634688,9.9576875634688,9.9576875634688,9.9576875634688,9.9576875634688,9.9576875634688,9.9576875634688
"2534",4.55605440588344,4.2775571528875,3.52019787793361,3.3921247307763,3.3921247307763,3.30718459015741,3.52172967020179
"2535",8.04404288047123,7.94957647535896,7.71270072858566,7.71270072858566,7.71270072858566,7.71270072858566,7.62325259537205
"2536",7.41279522639607,7.41279522639607,7.41279522639607,7.41279522639607,7.41279522639607,7.41279522639607,7.41279522639607
"2537",7.56192652972985,3.54778393443562,3.5478896950557,4.09528889710595,4.19493634720722,3.91953364131654,3.65622509943623
"2538",7.10778581581931,7.10778581581931,6.93741331245908,7.10778581581931,7.10778581581931,7.10778581581931,7.10778581581931
"2539",4.89947067942636,4.68602619645011,4.25673267491222,4.17874244287214,4.20020999440949,4.20020999440949,4.26281775898266
"2540",3.91981784042651,5.3497747830157,4.45931625665774,5.86014019035827,4.34871446505554,4.45931625665774,6.07889355648197
"2541",17.6728489057648,21.4142528953175,14.3905966536601,17.6728489057648,17.6728489057648,17.6728489057648,17.7655516137358
"2542",6.86618226629615,6.86618226629615,8.38051697192506,6.86618226629615,6.86618226629615,8.38051697192506,6.86618226629615
"2543",2.77417622616657,3.38599428479743,3.36386359145235,3.11044460862098,3.17877122136736,3.61225425107043,3.23807581137724
"2544",15.1664962367067,12.6068813671989,14.9979332714557,15.1980969803385,15.1980969803385,15.1980969803385,12.5746286059476
"2545",21.3761228506236,22.3771918058212,21.822599647459,22.4120138115237,22.384309352758,22.3771918058212,21.5923906259563
"2546",17.775366452706,17.6953626353676,17.8908860284183,17.5666289536024,17.5944743438405,17.5880207139791,17.5644917232408
"2547",8.91680372739546,10.8378420165981,8.8404840684999,9.34315213577651,10.7596640624377,9.92779776734177,11.8703453538049
"2548",7.80736192146335,7.80736192146335,7.80736192146335,7.80736192146335,7.80736192146335,7.80736192146335,7.80736192146335
"2549",7.17527466136344,7.17527466136344,7.17527466136344,7.17527466136344,7.17527466136344,7.17527466136344,7.17527466136344
"2550",8.73443781370477,8.51350111027473,8.73443781370477,8.73079113893209,8.73443781370477,8.73443781370477,8.56224586874827
"2551",7.09940815899662,7.05476818718501,7.2753748850331,7.53727521725204,7.05476818718501,7.10399898962014,7.05476818718501
"2552",7.06513644664936,7.12100311847326,7.06513644664936,7.06513644664936,7.06513644664936,7.06513644664936,7.06513644664936
"2553",5.14710817812495,5.17908387110051,5.36514142479539,4.61386278396272,5.18117713987194,4.84712794120022,5.18537882324056
"2554",74.7482105961386,74.7482105961386,74.7482105961386,74.7482105961386,74.7482105961386,74.7482105961386,74.7482105961386
"2555",67.4142497441185,66.242510187799,67.4060824851328,72.9569425137107,74.2955349506585,70.1771684574291,69.8827204274669
"2556",357.276656953537,356.425608109709,357.276656953537,357.276656953537,352.008372018216,357.276656953537,357.276656953537
"2557",61.5646270042082,61.5646270042082,61.5646270042082,61.5646270042082,61.3799417789151,61.5646270042082,61.5646270042082
"2558",399.488680078189,399.70892793855,399.474844375542,399.49304053007,399.462205714121,399.448482304339,399.546439539551
"2559",73.0106217731063,72.5924456944851,72.1814947299311,72.5924456944852,72.5924456944851,73.467716110865,73.0260927522541
"2560",321.140667326938,321.140667326938,321.140667326938,321.2862442142,321.140667326938,321.140667326938,321.140667326938
"2561",16.338731667723,17.7845943786998,13.9635026197442,15.1745441638349,16.4782588727236,16.6938198700068,19.7463449501622
"2562",37.3192218749683,38.8967433627514,35.8650621147149,34.8174210259526,36.2252109416099,35.516499787223,35.7816001207467
"2563",188.575130136281,188.575130136281,188.42080591048,189.110679677586,188.575130136281,188.575130136281,188.760178781295
"2564",50.6489384920972,50.7014333916565,50.6489384920972,50.6489384920972,50.6489384920972,50.6489384920972,50.6489384920972
"2565",549.28934594194,549.28934594194,549.28934594194,549.28934594194,549.28934594194,549.28934594194,546.895727538753
"2566",18.5712084505882,16.6988552902123,15.3117829226787,19.0266206467162,15.9352651045651,17.2650309528981,12.0161413463216
"2567",40.3394773810035,50.603263650727,40.2660826559607,39.9310775627443,39.8384697371243,37.4651106804012,41.6634522430909
"2568",15.6651257904746,15.9817167893335,15.6651257904746,15.6651257904746,15.6084421103374,15.318525147338,15.6651257904746
"2569",429.958536350107,429.958536350107,429.958536350107,429.958536350107,429.958536350107,429.958536350107,429.958536350107
"2570",49.8817778712459,49.8817778712459,49.8817778712459,49.8817778712459,49.8817778712459,49.8817778712459,49.8817778712459
"2571",4.43379093185147,4.78569034821146,4.79378922462201,4.0035461607896,4.66387412033681,4.59123117375826,5.52304837485592
"2572",27.8043311656406,27.8043311656406,27.8043311656406,28.4458024758532,27.8043311656406,27.8043311656406,27.8043311656406
"2573",59.8096411952721,59.8018481318305,59.8096411952721,59.8096411952721,59.5822088532063,59.6683559430062,59.7748226334818
"2574",205.584190336249,205.584190336249,205.584190336249,205.584190336249,205.584190336249,205.584190336249,205.584190336249
"2575",210.188481987151,210.188481987151,210.188481987151,210.188481987151,210.188481987151,210.188481987151,210.188481987151
"2576",11.9217832283768,11.8768739516084,11.9217832283768,11.9217832283768,11.9217832283768,11.9931643720495,12.0187349839286
"2577",5.71730819827129,5.71730819827128,5.71730819827129,5.71730819827129,5.71730819827128,5.71730819827128,5.71730819827128
"2578",11.3553953230462,11.3801096900247,11.3553953230462,11.4087136050826,11.3553953230462,11.3553953230462,11.3553953230462
"2579",19.8596219613259,19.5430163189064,19.2838328744109,20.5719931492305,20.5719931492305,20.5719931492305,19.7110541083022
"2580",25.0869432155746,25.4066493933653,25.0869432155746,25.0869432155746,25.2006331267532,25.0869432155746,25.1807473116177
"2581",12.4454800944831,12.1297458219007,12.3234779993507,11.8661230923406,12.2910166705806,12.4454800944831,12.4454800944831
"2582",25.5941804528611,25.8112245701085,25.6371900691644,24.3060038449865,24.3060038449865,25.5666575448886,25.5202548179238
"2583",4.05900328588205,3.30388059803511,3.9700081393979,4.06829611553422,4.07494342472094,4.0672070667631,3.35155116335975
"2584",4.5077908295361,4.5077908295361,4.5077908295361,4.50258375729645,4.5077908295361,4.5077908295361,4.5077908295361
"2585",7.79875586691264,7.79875586691264,7.79875586691264,7.79875586691264,7.79875586691264,7.79875586691264,7.79875586691264
"2586",21.6661330158611,23.81449775909,23.0885094925114,24.9604888550592,23.0229681833489,24.2960181870904,19.9084388542905
"2587",21.568077270991,21.4805707406165,20.9612919154539,18.544230050104,18.4914212576061,18.1623170304033,15.3040835602033
"2588",4.54096198304483,4.99415288758477,4.54096198304483,4.91935683497288,4.54096198304483,4.54096198304483,4.21779250846851
"2589",5.65961723671317,6.90299028299824,6.2015423145174,5.85432086395644,5.57248811838576,5.76741856375252,6.65509616494426
"2590",26.5030774249033,27.482133189661,22.0779872608588,17.2136604216154,12.9001881770985,18.6987596627519,16.9565168648236
"2591",14.9193979265021,11.2275366439644,8.37257352023138,8.52768743951516,13.9863938476622,18.8454955380863,14.9083202078575
"2592",4.76386088252837,4.72998642730256,4.99673803692709,17.3445822490348,26.5674294960495,11.4395606710066,21.5193501027328
"2593",36.5339855062862,37.307658310393,22.8984166247538,15.264307933763,12.032580655486,25.1591941385541,19.2055356134913
"2594",10.5984183463364,8.744680097201,6.50377541459261,6.50377541459261,10.5984183463364,16.8378772400228,12.0940983871774
"2595",4.41570121301679,6.09475810335022,6.48580733985956,28.855774246119,42.6420301901812,12.7846504235281,16.5948314124349
"2596",6.69112816890384,5.5912786327406,6.64542501879578,6.83406883590607,6.87668165351349,6.59845422149426,6.80056246277615
"2597",20.4142705846475,15.4312351398719,11.6694566953098,11.7162107432052,11.4770212931252,20.1043752386312,16.8703757869674
"2598",4.42541025323785,8.06158219902728,5.26152085097025,5.20851794561029,4.07324906177691,4.3654168298662,7.1066150131653
"2599",5.72971145088507,5.51297315733577,4.6502662120352,5.54083401656998,4.6502662120352,6.42305407396304,7.05828599152877
"2600",71.2072068816984,102.599490515737,25.6844153139543,28.8818665472654,20.0418027164542,65.0257459888879,61.61260103489
"2601",9.74949005979695,8.20511915849197,9.79686057201641,10.1913952705073,10.3753272767999,9.99947332819122,7.45299432360875
"2602",9.25032008753623,7.54426569304267,8.89215792876983,8.99697135092938,9.29774694760383,9.27079281237642,6.98112787849155
"2603",6.29511330271371,6.29511330271371,6.29511330271371,6.29511330271371,6.29511330271371,6.29511330271371,6.29511330271371
"2604",5.81283870503464,5.81283870503464,5.81283870503464,5.81283870503464,5.81283870503464,5.81283870503464,5.81283870503464
"2605",6.410126342149,6.38249443695817,6.410126342149,6.410126342149,6.410126342149,6.93702604042168,6.60159821297067
"2606",6.36248902737023,14.2554007155915,19.8772955652646,20.7629132145386,20.7508327166027,15.3399540569822,5.80982283151962
"2607",16.5580599055635,16.5580599055635,16.5580599055635,16.5580599055635,16.5580599055635,16.5580599055635,16.5580599055635
"2608",6.36676117227021,9.82209583699461,13.1666757385273,8.77142026683524,11.2937138214829,7.84952346537468,15.3693504960738
"2609",6.66124673035622,6.66124673035622,6.66124673035622,6.19681493022706,6.725860475492,6.66124673035622,6.66124673035622
"2610",4.52034059293226,4.52034059293226,4.52034059293226,4.52034059293226,4.52034059293226,4.52034059293226,4.52034059293226
"2611",8.47548101230102,8.47548101230102,8.47548101230102,8.47548101230102,8.47548101230102,8.47548101230102,8.47548101230102
"2612",6.73387014268236,6.46390832392202,6.58055910757478,6.52700570960556,6.36562443033169,6.36562443033169,5.56006003178517
"2613",6.47197613045583,6.47197613045583,6.2621258693794,6.87896732127556,6.47197613045583,6.47197613045583,6.47197613045583
"2614",9.84038306948721,9.47186489424504,9.47186489424504,9.47186489424504,9.3701610723255,9.47186489424504,9.43220211889651
"2615",7.62102999326616,7.62102999326616,7.62102999326616,7.45020388442534,7.62102999326616,7.62102999326616,7.62102999326616
"2616",7.44556999940825,3.78770435189448,7.27662549316922,7.2843998766436,7.20297132344667,7.45894831752186,3.92985678812398
"2617",6.25723651212697,6.30989275140755,7.69619549844538,9.43030221825148,8.833434073444,9.16785956453977,6.23879199675602
"2618",5.53251744088514,5.20961086655294,7.27122982807133,9.94748825187011,7.61172580927563,7.56795726455776,2.3749186131934
"2619",6.49815905178312,6.47217714713546,6.47217714713546,6.53172428390129,6.47217714713546,6.47217714713546,6.54086755379679
"2620",4.7828547705567,5.82449338718985,4.7828547705567,4.77066154018826,4.28790199942065,4.7828547705567,5.66559080911354
"2621",6.29562739044433,9.34587803315657,6.35957992465859,6.66474708526108,6.55112815809243,6.54020182319688,9.04933635174172
"2622",16.1221515096635,16.8119267454494,16.1221515096635,16.1221515096635,16.1654687540692,16.1221515096635,16.8119267454494
"2623",29.0421889703865,29.7801976306184,29.4178618034821,29.6902617178818,29.0421889703865,26.721412705106,29.4146428163442
"2624",33.7311919512563,36.1067475343145,33.7311919510474,33.7311919510474,33.5404291241375,33.5148498191211,30.5897238244993
"2625",16.8716167654125,20.2221853462824,20.7234422981423,19.1888305969598,21.2779873553166,26.197051208659,20.8967070522513
"2626",15.398106291534,16.9815317378183,13.9748631506226,15.6436941432863,15.7682082019773,15.753085588899,16.4029798583147
"2627",9.68296938224417,9.68296938224417,9.98066629649928,10.2908997771803,9.68296938224417,9.68296938224418,25.3609910734238
"2628",6.85758257773549,6.03279734094192,7.08371367531791,8.07458281757439,7.73596241043679,6.97617744945187,24.0819556654435
"2629",7.56738334387705,7.56609362433786,7.7222484243013,7.56738334387705,7.56738334387705,7.56738334387705,22.6449148903647
"2630",25.4054875303562,25.4054875303562,36.7241484866589,35.5433436958518,25.4054875303562,25.4054875303562,27.6024744059377
"2631",16.2406194076796,10.0619483397516,32.2594595794543,20.9479121515504,12.9325393208875,8.54689450525921,9.15706121431612
"2632",16.0118988189032,16.0118988189032,24.907669131107,29.7067551354805,16.0252377661036,16.0118988187625,17.9212580666899
"2633",14.2787937940118,14.2787937940118,27.780919379299,19.462886663084,14.2859366732557,14.2787937940118,15.6506328040267
"2634",20.0566088353311,11.1098359520409,24.6649278190807,18.797639808513,14.2376136706542,12.0365077645909,12.5340625528509
"2635",15.7971135559641,14.1995396376039,27.6904314984832,22.5536353315279,15.0295156169494,13.7668906821379,15.0963260161941
"2636",14.143259680046,9.77317368639534,21.2548171017204,20.6687684181508,14.8719022096663,12.5781269323449,10.8282120861285
"2637",15.8480886537724,10.3348882333979,34.1422521012256,40.6144683438699,15.8480886537724,15.8480886537724,11.7460766206438
"2638",10.4792009791962,6.3556633985267,17.884626849646,11.6520543188219,10.2580201771541,8.98055993119577,7.36216360253036
"2639",16.3389028063632,16.3389028063632,34.2730926999675,19.4222961346762,16.3389028063632,16.3389028063632,17.6440866433331
"2640",14.3984719001869,9.67342695325478,25.8543877253857,18.2653544049065,14.6886336923157,13.087334098756,9.98342391653022
"2641",14.6844934452991,11.9360128439066,33.0986414797817,26.5280522091652,14.7205545209845,14.7493687946721,11.8563562564929
"2642",11.2894348538224,9.40036255694708,17.430742126857,16.1290442286886,11.2894348538224,11.2640912428875,10.1608756250171
"2643",4.55142599750349,4.55142599750349,4.55142599750349,4.55142599750349,4.55142599750349,4.55142599750349,4.53526585748804
"2644",19.6173276385824,11.0000811139012,15.1158003133552,17.1413505721825,15.5570857497838,15.1568839395977,19.8586121420597
"2645",14.5993302859818,14.5993302859818,16.3911556824048,15.166810712742,14.5993302859818,14.5993302859818,27.8789730963804
"2646",16.6268263330275,16.4502505699131,18.7568461032464,18.5917011927741,16.6268263330275,16.6268263330275,34.0666672947555
"2647",14.0053653178158,13.2768719350612,14.5096322653053,14.0929659159204,12.7589428462396,13.7210107369132,26.2731030115705
"2648",14.5350435125451,14.5350435125451,15.7545101405946,15.7881318820878,14.2686487760776,14.5350435125451,33.4299388686596
"2649",15.9015335715233,14.8212737205377,16.2643338148866,14.2783521828345,14.6374946177882,14.4736333795599,35.6871327773855
"2650",14.4102424804098,13.1919657182435,16.5697324756758,15.4894471556145,14.2505190265082,14.4102424804098,29.7016406409656
"2651",19.6432959068084,18.2121222561813,19.7936128876925,20.7336732724196,19.6432959068084,19.6432959068084,45.2920587769597
"2652",13.331986169451,10.1859823293328,13.0534862139728,13.9111629263601,12.656956105584,12.1340147842121,20.4087091563604
"2653",4.09798538450397,6.08007652536701,4.68116869261477,5.2123941206797,4.16698036883976,5.21108018414501,5.50839691823682
"2654",14.7710951551508,21.8913864898594,10.3646929370054,10.3884583110548,10.3835016107192,26.2873275817351,20.2476378982744
"2655",6.36327620416819,6.36327620416819,6.36327620416819,6.36327620416819,6.36327620416819,6.36327620416819,6.36327620416819
"2656",8.22147336234911,9.41142036955386,8.22147336234911,29.5455501172264,34.5457165069429,26.5000003134692,24.8371192886474
"2657",37.977304036677,43.4803844185777,32.5437244844192,19.6880859515859,15.5513726970855,23.5487199186637,28.686843597568
"2658",12.8372212628673,13.396282636259,12.8372212628673,12.8372212628673,12.8372212628673,12.8372212628673,12.8372212628673
"2659",3.44318907922731,3.44318907922731,3.44318907922731,3.44318907922731,3.44318907922731,3.44318907922731,5.64987283888162
"2660",7.79383487905072,7.79383487905072,7.79383487905072,7.79383487905072,7.79383487905072,7.79383487905072,7.79383487905072
"2661",13.4191237097761,13.4191237097761,13.2627996473951,12.9143045379903,12.0664911391949,8.87707492249154,7.83286659575526
"2662",5.92019140674461,5.97153575095656,7.3940844286581,6.57049437150154,4.90260646317726,2.74729229754421,2.75091023495101
"2663",3.91339443925332,3.91339443925332,3.91339443925332,3.91339443925332,3.91339443925332,3.73537121760744,3.91339443925332
"2664",6.10472026818874,6.08272748807641,7.86857605800931,6.39963330726368,6.47428079597631,3.46043095291139,3.58113271785007
"2665",5.6424298411453,5.6424298411453,5.6424298411453,5.6424298411453,5.6424298411453,5.6424298411453,5.6424298411453
"2666",4.21010544696179,4.21010544696179,4.48523428505184,4.21010544696179,4.21010544696179,4.21010544696179,3.90940637256191
"2667",14.2864720217474,31.0334944526776,9.50374566373261,4.45108609758511,3.45893956605061,11.9781339740583,11.4938896222063
"2668",5.68673438256005,4.40159170249675,6.42843960162858,5.68673438256005,5.68673438256005,6.13439809148832,4.40159170249675
"2669",5.22806202824753,5.22806202824753,5.22806202824753,5.22806202824753,5.22806202824753,5.22806202824753,5.22806202824753
"2670",14.7389421746254,14.7389421746254,14.7389421746254,14.7389421746254,14.3283703762909,14.7389421746254,12.6923032729396
"2671",3.30458388465719,3.30458388465719,3.30458388465719,3.30458388465719,3.30458388465719,3.30458388465719,3.30458388465719
"2672",8.96306053706016,8.7648351931171,8.40972592773895,9.02137626830506,4.04106105987581,8.54118518348956,9.36390144600846
"2673",58.8943325581311,71.4029224307844,65.4891253215312,53.2239534079233,65.4764246021361,66.9221893488583,64.2503181549095
"2674",9.34005600673983,9.34005600673983,9.34005600673983,9.34005600673983,9.34005600673983,9.34005600673983,9.34005600673983
"2675",7.69470916829998,11.1362500320964,9.47671953963095,6.98143740786255,10.2544135979834,9.43736082427016,10.3837669337977
"2676",6.08562532930615,6.64508322973304,6.64508322973304,6.53571213749317,6.82545107248723,6.51977691016839,6.4429529967582
"2677",4.25208260309527,4.25208260309527,4.25208260309527,4.25208260309527,4.24769548712534,4.25208260309527,4.25208260309527
"2678",6.93247661737497,5.57462535027419,6.04600813945149,6.20154756361439,5.42668028692031,5.28645094824372,5.42657036918693
"2679",4.01724471795203,4.18456787762607,4.19865485246529,3.55123198961849,4.24473316488897,4.02594597295456,5.50553237565755
"2680",6.89965714014475,4.79040516316672,5.21283901989042,4.89814970349684,4.11343644400602,4.89814970349684,4.68012967993384
"2681",11.052271249428,9.26297035122378,9.33792514015146,4.4542618540056,7.93596104745818,8.16261600569386,4.20859818730238
"2682",8.59513275615194,8.01697013171373,9.35880401346826,9.2916716936963,9.03920363325839,8.92617218050232,16.7307276097963
"2683",13.1110831566243,13.3516948924627,12.9781986417422,13.1656093454884,12.9278363427897,13.0429821762079,12.9672252170853
"2684",11.375313254651,33.0121581127689,40.1862684031548,40.1862068877915,40.1862684031548,26.0783643714127,11.0892822442605
"2685",18.9185179993591,22.7274828051432,14.9688180196858,12.4324545542782,15.2753283576787,18.8200076708176,10.2760755031654
"2686",10.0787766141068,31.6149630510096,20.7343852759288,8.10139937753009,11.2212733468808,9.98450594991928,7.951070813315
"2687",22.8069177812297,33.3209460838429,26.3147923120069,10.0972644937647,11.9126526504506,22.9501367926803,10.0729938968331
"2688",7.78894601152933,7.78894601152933,8.06835158619489,8.63316213484215,7.78894601152933,7.78894601152933,24.0918579051884
"2689",4.5857566288803,4.5857566288803,4.5857566288803,4.57366847338038,4.5857566288803,4.5857566288803,4.5857566288803
"2690",22.1721099130354,22.1721099130354,22.1721099130354,22.1721099130354,22.1721099130354,22.1721099130354,22.1721099130354
"2691",38.9577857644532,33.7661134085406,38.9577857644532,38.4741529712928,42.1751623506653,38.4710450528998,35.271651188534
"2692",77.8993811467187,63.2868620359817,65.2240297383757,66.9280684408858,67.5752835491738,65.1309404157747,61.4010746971626
"2693",40.8911428586235,36.6046308845349,41.957687753105,43.3941004281611,46.090756730811,41.2119897954572,37.5510951740569
"2694",42.9271560037377,41.0111094879485,43.7045238071295,42.9271574835773,44.1655070774403,42.9271560037377,40.5742342488682
"2695",40.8312109421434,41.1014074562503,41.0721786833509,40.8312109421434,41.8735927521693,40.8312109421434,40.8312109421434
"2696",41.6972831099257,42.5206999033204,42.7232748260911,42.9775901720617,43.5774036849169,41.9082968186222,41.4613246896572
"2697",40.8547633441734,41.1886617043542,40.3436433981842,40.0917474891198,41.5806793966275,40.0119114462223,41.5709222622563
"2698",87.9396210296525,84.6214900955498,90.3440410460687,91.8713486075169,91.5019187776616,90.5235475366291,78.9857568810712
"2699",98.9010648560591,100.106006609662,103.310711167762,99.6764927248613,97.64216226315,101.05988805042,93.1612257763845
"2700",9.2027891603415,9.2027891603415,9.2027891603415,9.2027891603415,9.2027891603415,9.2027891603415,9.2027891603415
"2701",41.4457110239998,35.5274948574586,29.1466832972142,29.0742144480823,35.4589249058773,35.3274547443965,28.8382164427102
"2702",38.8723326772191,35.0242464179478,39.4672340626136,37.9858118595791,42.9366660193537,39.5101408442249,34.1081576697079
"2703",44.7531370785786,46.4327082553208,43.2181244643471,44.3648672138121,45.5096768499761,43.5315874262213,42.823410035896
"2704",10.1094554662372,10.1094554662372,10.1094554662372,10.1094554662372,10.1094554662372,10.1061773432228,10.1331006976614
"2705",4.46997361776929,4.46997361776929,4.46997361776929,4.46997361776929,4.46997361776929,4.46997361776929,4.46997361776929
"2706",41.7714070994257,38.6758413967763,39.1360710325551,36.4540473901661,42.1939039965009,43.4995331474185,46.7070333332536
"2707",44.7870002100587,31.5350176692455,39.3069491575692,36.9651230769019,42.3784492405502,39.355567962464,29.8427039603235
"2708",83.863652762058,78.2042340512582,82.5456640083422,87.8453815475379,84.0167846273972,85.7930221249621,77.1409729368945
"2709",29.1190822764892,29.1155593695063,29.2683073911492,29.1155593695063,29.1155593695063,29.1155593695063,29.1155593695063
"2710",36.9664107045213,37.1141601940363,36.9664107045213,36.9664107045213,36.9664107045213,36.9664107045213,36.9664107045213
"2711",9.19979287004806,10.2050068728971,10.8973672112507,11.4735917531255,10.8973672112507,10.4624110474309,10.8973672112507
"2712",9.22854833466934,7.55930989626912,10.2375542099033,12.5758518696758,9.99335687525063,10.0160198080563,8.88285550414797
"2713",90.6860291425892,82.8515282859844,93.0013961811962,88.5398021667435,91.8778181937066,88.0554568372338,77.7898347094882
"2714",47.9326973971813,33.1424815884224,47.8750975224273,45.7026743042019,50.5382636414135,47.8865509119157,30.7365215576721
"2715",36.365214791991,36.365214791991,36.365214791991,36.365214791991,36.365214791991,36.365214791991,36.365214791991
"2716",36.5710054900534,34.471989174152,36.8397655340757,36.5710054900534,36.9049891108311,36.5710054900534,34.4270736032655
"2717",13.1165250911104,3.88266647580175,5.16482657557125,4.59830837050832,7.8723556712633,6.77526114585625,3.59919228394026
"2718",8.19681595895597,8.56397345085272,8.45534694097882,8.19681595895597,8.19681595895597,8.19681595895597,8.19681595895597
"2719",7.11021461746234,6.20724215088089,7.17449406314803,7.74252085340028,5.46028492253254,8.7078524942918,9.04197168447584
"2720",3.21252596949295,9.7583812864037,2.18602452727971,3.17574443618834,0,0,0
"2721",24.959896830037,24.442738378461,24.1637603327099,24.3381558478114,24.5816880330551,24.0899038113163,23.6838182938211
"2722",12.9048243637484,12.2763317730311,12.9048243637484,12.7712413492776,12.9048243637484,12.9048243637484,12.9048243637484
"2723",43.2318132722384,52.8418858675961,49.1595792262637,53.9961125664917,50.4118972128593,49.6581475539378,49.4230739432242
"2724",270.293905646749,270.293905646749,270.297607361171,270.293905646749,270.293905646749,270.293905646749,270.293905646749
"2725",273.346390140254,281.092631143687,279.650049823627,273.346390140254,279.697971235707,286.727479492123,273.346390140254
"2726",66.5252904272822,67.498907277999,68.5020521593932,69.6835774840059,67.1283037883923,68.7194971558047,67.498907277999
"2727",976.852972235447,976.852972235447,976.852972235447,976.852972235447,976.852972235447,976.852972235447,976.852972235447
"2728",19.6853414991019,19.6853414991019,19.6853414991019,19.2414642712428,19.6853414991019,19.6853414991019,19.6853414991019
"2729",169.756716698323,180.700989353765,169.486222300046,171.435313744333,171.770674029992,171.600652389602,180.973188811184
"2730",109.78225003621,116.002680178854,112.984205900321,112.872643629963,113.789991534699,112.787741393098,116.002680178854
"2731",653.429389100685,653.429389100685,653.429389100685,654.005116289998,653.429389100685,653.429389100685,653.429389100685
"2732",18.2481610701248,17.8773982131833,18.2481610701248,18.2481610701248,18.2351667678811,18.2481610701248,16.9663989310924
"2733",14.4459770015636,14.9834925329086,15.2064806433027,15.0250453377526,14.9860747512354,15.2064806433027,15.2064806433027
"2734",11.9858134731058,13.7606212413409,12.0596898242823,12.0596898242823,11.6663809412785,12.0596898242823,14.1425480109077
"2735",6.54431373738362,6.28513787071432,6.51864702079926,6.8022419729207,6.60605983811474,6.22034118927978,6.84835115877091
"2736",7.06523606890069,7.06523606890069,7.06523606890069,7.06523606890069,7.06523606890069,7.06523606890069,7.06523606890069
"2737",7.52444544239887,7.55953945359269,7.52444544239887,7.52444544239887,7.51189595636666,7.4527466037941,7.52444544239887
"2738",8.94488010205205,8.94488010205205,8.94488010205205,8.94488010205205,8.94488010205205,8.94488010205205,8.94488010205205
"2739",126.343444031821,126.343444031821,115.058191008079,126.343444031821,126.343444031821,126.343444031821,126.343444031821
"2740",26.160419605954,26.0165508314776,20.7081539184663,26.00940598482,25.9018851659587,26.0633036280093,26.0796901206199
"2741",22.6178727045369,20.8418361908262,21.2711819408372,21.2198234582302,21.1084775823171,17.3782033400769,17.3696028733263
"2742",53.6438120967711,53.6438120967711,53.6438120967711,53.6438120967711,53.6438120967711,53.6438120967711,53.6438120967711
"2743",8.16597665950105,10.3184979793226,7.99687735507157,7.7878269004431,8.27585110826763,8.72304793832506,8.71058080263896
"2744",25.6611177866837,25.8363112660969,26.2001551065993,25.8710708625456,26.3211674749566,26.3211674749566,26.1725800939122
"2745",5.90616055995669,6.04260235449356,5.90616055995669,5.90616055995669,5.9061516850991,5.32225671111278,4.97474686093429
"2746",25.032248725762,26.9002950303933,24.8846748608133,24.1503173036484,25.032248725762,25.085336787713,26.9002950303933
"2747",49.7591040914878,49.6819885864745,49.7466394472663,49.6626864128558,49.6531118211114,49.7475901550181,49.5038659496921
"2748",12.8217784282504,16.5762533001508,14.7201960000032,14.2598445381473,12.8698011012997,0,33
"2749",8.6107742155924,8.6107742155924,8.61077421559241,8.66559750195653,8.6107742155924,8.6107742155924,8.6107742155924
"2750",7.0208577775793,6.58971880479125,6.84259025376245,6.78011201752784,6.91828977169121,6.95498322420648,6.93070041542148
"2751",6.87038999328784,7.05427398070025,7.05427398070025,7.05427398070025,7.05427398070025,7.16024508661152,7.30876754772252
"2752",327.473697682201,337.34532454035,95.4159485204063,94.8769991385904,94.8769991385904,538.777213771106,96.8778864064343
"2753",2.76110036825383,3.79249642998372,3.41931676030231,3.0681702768679,3.09426995693179,3.32235551015634,3.71869768058743
"2754",11.7482679413586,12.4871290525978,12.2617646816449,11.7482679413586,12.0005929063683,11.9423007957162,11.7482679413586
"2755",3.57335364412371,3.90385728713357,3.56217102605651,3.93037619513396,3.5425217428962,3.8070864722753,4.02722248405404
"2756",18.3876813420362,18.8836576696636,6.25184551000881,6.2724197362725,6.25184551000881,18.3876813420362,6.25184551000881
"2757",23.2827436927446,25.7834066128288,23.2827436927446,21.9119590597414,23.3138220472165,23.2827436927446,25.3251887047517
"2758",38.716370257033,38.716370257033,42.4983226914997,38.716370257033,38.716370257033,38.716370257033,34.8512728563805
"2759",5.81021167910385,7.00685469247445,5.81021167910385,35.9098298392481,6.17828017895436,4.7235480563404,26.0694617281452
"2760",15.7742885751042,15.7742885751042,15.7742885751042,13.051980585733,13.051980585733,13.051980585733,13.051980585733
"2761",21.2664952473747,18.7874042990698,21.0535365538196,20.9132784640326,20.8987823099314,21.1156029989007,19.1333825617308
"2762",3.73963507998832,3.68137893664289,6.14832982036349,6.56212505634503,6.14112331236964,6.80472686275929,5.49450776274112
"2763",19.306400093971,20.0566447093999,17.3145079655997,17.5161336547449,19.1750112899347,17.9797773631808,18.4504350367127
"2764",7.94278264644662,8.07225787954193,8.07915530779887,8.06589574017108,8.08247564109267,8.08550422583626,8.25048253345649
"2765",16.6685353629457,17.7494643597661,17.7011188347711,18.2285423007087,18.7489838811749,20.4208895105872,20.9598771574716
"2766",7.49425348536245,7.49425348536245,7.49425348536245,7.49425348536245,7.49425348536245,7.49425348536245,7.49425348536245
"2767",4.40828415579275,4.29587207531059,4.40828415579275,4.40828415579275,4.40828415579275,4.42646289503445,4.40828415579275
"2768",7.84949927384801,6.71219333868772,6.94211614247191,6.52373668495431,5.73623387295763,5.63794023919115,5.48838655812844
"2769",2.26815102210991,2.61102869204314,2.28123066911893,2.24425983630096,2.24425983630096,2.24425983630096,2.53820380619508
"2770",5.13409956122374,5.09548129281868,5.30739196418009,7.44702215902455,7.44702215902455,6.48938625668866,4.75188736701369
"2771",7.13160232071714,6.35041034101905,7.13160232071714,7.13777943352601,7.13160232071714,7.12755218370373,6.35041034101905
"2772",4.82833996284138,7.50539034813497,9.53102281761482,7.71810843948978,9.92377831966888,12.594888846994,6.69927971869204
"2773",7.16307787154101,7.64787273153625,7.163077871541,7.163077871541,7.25102646783778,7.16307787154101,7.34304869392825
"2774",8.33613264957503,8.33613264957503,8.33613264957503,8.33613264957503,8.29471123266517,8.33613264957503,8.33613264957503
"2775",6.89626658247243,6.89626658247243,7.10397086264401,6.75394896271119,6.89626658247243,6.82914160194947,6.89626658247243
"2776",4.85999855855122,1.44643602676478,3.33735850066193,3.19139554734733,4.75086015860264,3.08778457380571,1.68637457004525
"2777",8.03388155661439,8.15526313057174,16.5638144638405,8.15526313057174,8.15526313057174,8.45775006007351,7.14681619508384
"2778",5.92323362043129,8.0475050095397,12.1129609796294,4.79932018140309,7.54835500196431,6.54101938522205,3.20330128500468
"2779",45.3414381814366,45.4826876917303,10.2291287538537,14.6612806948636,23.1559264180812,14.6612806948636,14.6612806948636
"2780",28.4915662077925,28.4915662077925,10.1292643145669,11.8873161912248,21.1287843817571,11.8873161912248,11.8873161912248
"2781",14.35771395827,14.35771395827,14.35771395827,14.35771395827,14.35771395827,14.35771395827,14.35771395827
"2782",127.434781062056,117.574703514999,68.9397892227204,62.1480988896449,136.505893922264,70.257107736664,50.884135418507
"2783",48.9543124373389,29.3277576331812,9.64331340658992,15.1578618113942,27.2990376571929,13.2233389448533,10.678813447799
"2784",43.7372649001328,46.4974254404765,16.9743858363448,16.8565228664799,28.8655341403914,20.222546512036,19.8098483113087
"2785",45.6257654936453,39.2232164773437,15.1290787310469,18.497186611321,32.0101968696182,18.2489087663816,15.6054825528925
"2786",38.4944615440265,38.4944615440265,16.3807916476605,18.7692067028885,29.641557661102,19.0907615622572,18.7692067028885
"2787",28.4023256276208,28.4023256276208,16.0440694528722,17.6633069076529,24.5028208487457,17.6633069076529,17.6633069076529
"2788",66.0569968426373,73.5789228864622,29.4404125453167,25.5887233941605,67.2988620249271,27.498318000713,21.6995158264441
"2789",50.1073935541234,49.885178811446,27.5224912566637,27.6558975517421,48.7028106747068,27.6558975517421,27.6558975517421
"2790",29.050625793177,28.7854218399393,15.2872053048236,15.5830880633463,27.8783876421685,15.5830880633463,15.5830891080955
"2791",42.8102343556356,41.6956463504239,19.4949307059052,19.5857176387105,41.873682041887,19.7224862876644,19.2877540241301
"2792",40.9482923417998,40.9482923417998,15.7776548442503,18.5129625639345,30.6821893951221,18.5129625639345,18.5129625639345
"2793",59.0269859881618,56.0284979842884,22.5161289125316,25.4675304015025,47.2620724043936,25.4675304015025,24.1452757047305
"2794",50.6602281140303,50.6602281140303,19.5474663503671,21.7653472636116,41.2647292357004,21.7653472636116,21.7653472636116
"2795",31.8060052071565,34.0022313988262,10.2444874348604,11.9731322389755,18.649540137084,13.1866069219906,10.4828198168797
"2796",46.3609060179499,41.6695863285736,12.6695055371632,13.3848679079247,35.8573217124127,13.9164129061495,11.4579973839205
"2797",10.4977702013354,4.13806997802971,4.13806997802971,4.13806997802971,4.13806997802971,4.13806997802971,4.29868258757078
"2798",14.8310385342484,9.11170015165513,9.11170015165513,9.08871325899231,9.11170015165513,9.11170015165513,9.12254902482873
"2799",39.393739306847,40.5887287961517,12.575692364661,12.1856152895641,17.3870999465826,12.3400677588036,11.8689406042346
"2800",7.90140367514673,6.33626765822344,6.63114674898014,6.85944853492881,6.54715034022662,6.34970161748438,6.54715034022662
"2801",40.7975720307785,40.6761706258691,20.7534732065555,23.3367486521365,27.1670769157891,23.3367486521365,23.3367486521365
"2802",35.8735734716561,28.0584493570384,15.2071105240342,17.7755506113796,21.7410168326407,17.8018500623199,13.5528115024223
"2803",36.9217447201067,36.6869691765221,17.987574429857,19.6124634308235,22.013973856549,19.641581874047,19.641581874047
"2804",24.4482453603229,24.4482453603229,14.6946637650606,14.6946637650606,14.6946637650606,14.6946637650606,14.6946637650606
"2805",31.7550707503813,31.0154265531383,13.6935871623063,15.6935646926096,17.5613811513858,15.2630296866711,15.2630296866711
"2806",50.3218807286907,46.070122628109,19.1617356953826,17.8714204476143,31.9774236825298,23.480141507648,14.6359620189204
"2807",10.3364208299215,9.69021995988454,9.19128427544963,8.79751763822868,9.03250145429523,9.30992469353713,9.69848232978244
"2808",9.60785417110414,5.21745541857625,6.94001712721679,7.35602892269596,7.20607255531388,6.94001712721679,5.26859083459404
"2809",11.0143086358506,8.00534693349705,8.00534693349705,8.13901353040528,8.88103448216866,8.00534693349705,8.00534693349705
"2810",8.0822745991927,6.18098973079862,6.18098973079862,6.24759893243784,6.20255797124184,6.19842749242809,6.19218502596425
"2811",11.6411638273299,11.6411638273299,5.80507914032505,5.46977093837098,5.42106534949923,5.46977093837098,5.46977093837098
"2812",8.05110534211584,7.76401839407164,4.50094196660413,3.89766197422093,4.59481737639554,4.82444484210061,3.89766197422093
"2813",3.38735592615819,3.38735592615819,3.38735592615819,3.17147884935098,3.38735592615819,3.38735592615819,3.38735592615819
"2814",63.508942505913,66.54664212784,126.728964658417,126.728964658417,125.935712347518,126.728964658417,53.4155142547468
"2815",9.42259862432868,9.42259862432868,9.42259862432868,9.42259862432868,8.90165674714749,9.42259862432868,9.42259862432868
"2816",190.954347304249,190.954347304249,190.465336315179,193.495567251879,191.156269002996,190.954347304249,190.400224947378
"2817",699.634260609439,805.382979524433,713.230081238707,705.031018108945,706.378686005477,711.811881162027,809.858857405744
"2818",66.8138739482333,67.3657206636475,67.3657206636475,67.3657206636475,67.3655986600984,65.2296093542486,66.107166603143
"2819",13.3357103504458,16.4405160131467,13.3357103504458,13.3875653066665,13.3357103504458,12.5523261264866,15.3584244446729
"2820",6.19623404449505,6.19623404449505,5.2430512049016,6.16522796461341,6.35575971443402,6.19623404449505,7.01302986376252
"2821",7.52155353040232,7.08021631315575,7.58292596990916,6.65091590833651,6.01911991419606,6.84084848413161,7.04998868563003
"2822",15.6249728624246,15.5718566798187,15.6249728624246,15.6249728624246,15.6249728624246,15.6249728624246,15.6249728624246
"2823",19.057583355925,19.1028505707503,21.5334759289934,21.322059999068,21.7663016859442,21.7663016859442,23.5136276730425
"2824",10.1050834103785,10.1050834103785,10.1050834103785,10.1050834103785,10.1050834103785,10.1050834103785,10.1050834103785
"2825",7.04855740727922,7.18083364102444,7.05953498577497,32.7355454153919,7.98068522342473,7.32555891166604,32.7343035845067
"2826",15.574122163063,15.7886266217365,15.574122163063,11.532355566379,11.532355566379,11.532355566379,11.532355566379
"2827",18.3339623750918,18.3339623750918,18.3339623750918,18.3339623750918,17.3495926381918,18.2783778449608,17.5408309263722
"2828",14.1267252797471,14.1267252797471,14.1267252797471,14.1267252797471,14.1267252797471,14.1267252797471,14.1267252797471
"2829",12.8086211781417,13.1284164975539,14.2900501886313,13.2054519122983,13.1284164975539,13.1284164975539,13.1284164975539
"2830",16.2509011552072,16.2509011552072,16.2509011552072,16.2509011552072,16.2509011552072,16.2509011552072,16.2509011552072
"2831",4.73344784058254,5.00435001066028,4.73344784058254,5.14838013750985,5.18898783464908,4.73344784058254,5.00435001066028
"2832",4.9265150468637,5.92327617774324,5.34294936945531,5.3429493694553,5.39254242891686,5.46779331068547,6.61581510238741
"2833",2.74962542799285,2.76467867847131,2.85158642780293,4.07675921527666,3.92605279172608,4.07675921527666,2.76467867847131
"2834",12.2821063798357,7.54383661734836,8.64980699236101,10.6242088577113,31.4574350059506,8.30651062636324,9.80991889478
"2835",34.002302753977,30.861157181033,13.6953116175357,14.7412800109401,29.960641829438,15.0058079499106,11.6480497938119
"2836",11.8801029186516,4.80786160137037,4.12308216523546,4.12307614264731,4.79707197660463,5.74493688963776,3.78563825276505
"2837",19.0888293089897,14.5946385777658,13.5066225882352,13.5066225882352,13.5066225882352,13.5066220864862,12.7905576290155
"2838",6.33158010161143,8.0019250984302,6.6587202936221,6.06119951125568,6.3315811998671,6.33158190278513,6.08190173634005
"2839",5.48030981820632,5.76539939725093,5.87981332415414,4.81930387345704,6.71199785309516,7.03585518172988,7.17384341801231
"2840",11.8837592453985,11.5444091414056,11.8837592453985,12.492220991509,11.8837592453985,11.8837592453985,11.8837592453985
"2841",9.02872898927027,9.51834869826569,9.51834869826569,8.95676418817437,9.50676408724509,9.6329832347692,9.51834884094755
"2842",18.6096848155637,7.52487939827876,10.1819503425172,10.2303305512322,10.2792067566609,10.6227748229926,7.40327790751957
"2843",13.0807183773728,7.69840241768332,7.58358504092326,7.58358504092326,7.48705348627172,7.62617725884722,7.41779242626329
"2844",6.39468473011122,7.66948279367055,7.46533269499062,7.66948279367055,7.6046115983203,7.66948279367055,7.66948279367055
"2845",61.1604180663438,71.0861825020613,62.2580890902437,61.7805552189174,61.3514795290324,60.8439591602541,71.5071689582715
"2846",9.06889056902484,8.63632495864261,9.77883303522791,9.06606083945949,9.17824203882959,9.01348582158705,8.29728837808031
"2847",18.5543238983808,18.5525952418319,10.3669291698369,10.7615786319609,11.0400538198627,10.6545150493621,10.6545150493621
"2848",4.9328141551468,4.42813932676452,4.94216984184154,4.93912755847097,4.97356522510931,4.9328141551468,4.43969036178535
"2849",19.3096136650222,23.9968199804886,18.2353203797668,16.1122879217973,19.501673686124,19.4458350221142,21.974235166254
"2850",6.07716133694093,6.07716133694093,6.07716133694093,6.08872108360003,6.07716133694093,6.07716133694093,6.07716133694093
"2851",39.2029032948786,40.2432552216809,41.6314912801298,42.3584802747174,42.4517515812805,42.4517515812805,42.4517515812805
"2852",47.4199980889996,45.3515283085868,44.8691268525229,44.8691268525229,44.869126852523,44.869126852523,43.9386592560205
"2853",12.3444500909283,11.3170219531091,12.3899914616845,12.3444500909283,12.3568191709257,12.3444500909283,11.3170219531091
"2854",16.6107837371657,15.3142057284032,15.93183041973,38.2539083432295,19.1536120977305,15.7774470520665,15.0099389629324
"2855",13.9469760484106,13.1674877642427,14.0103018917142,52.3459805058837,16.7662711230874,13.8462753870949,13.0663836429588
"2856",31.4898816453513,31.4898816453513,30.3772434089012,31.4898816453513,31.4898816453513,32.2736771756793,31.4898816453513
"2857",62.560211117247,74.8428293832735,61.972825177939,211.356552171702,61.5450146105695,61.7171990710465,69.8546763990042
"2858",212.015524417341,256.077709194392,226.666049136794,222.228987527929,217.048495610305,329,329
"2859",487.401348070059,567.484565272577,515.161883574069,510.154385330022,507.046397757453,528.692905326937,586.337251199674
"2860",116.178263631347,116.178263631347,116.178263631347,615.380578697413,116.178263631347,116.178263631347,116.178263631347
"2861",5.64686253302688,4.19143419406719,5.39315837907845,5.30223161123551,24.5245091577926,31.8200521398122,6.19453627076681
"2862",5.36157780199879,5.10029562506099,5.16124713191148,5.16124713191148,23.6040473246217,27.0035751518322,7.81564425162459
"2863",4.83068028805557,4.83068028805557,4.87138260381033,4.83068028805557,4.83279941053216,4.83068028805557,4.83130059639356
"2864",6.01872712574794,6.28820120140794,6.24510021178494,6.03333177008309,6.01865771858736,6.28820120140794,6.27888092383655
"2865",5.63070261478148,5.63070261478148,5.63070261478148,5.63070261478148,5.63070261478148,5.63070261478148,5.63070261478148
"2866",6.06995528625821,6.95804584038611,6.27384763532214,4.98139011897395,6.06995528625821,7.34083704501712,6.06995528625821
"2867",15.9421748006335,16.3237536843357,16.0839075334333,15.9421748006335,16.4417698500518,16.1033984389245,16.015886522909
"2868",11.2406657308213,11.2406657308213,11.2406657308213,11.2263476738571,11.2406657308213,11.2406657308213,11.2406657308213
"2869",5.12081427269269,5.00605181706389,5.12081427269269,4.44591462727924,4.80748556941061,5.26469455525473,5.12081427269269
"2870",8.17601437357021,7.92474618171993,7.92474618171993,7.48570427823704,6.41649371965956,6.63026931494035,7.81942366671453
"2871",6.25475640632752,6.25475640632752,6.25475640632752,6.09720629444644,6.42270746231044,6.25475640632752,6.24641008180513
"2872",5.62057442036,5.62057442036,5.62057442036,5.62057442036,5.62057442036,5.62057442036,5.62057442036
"2873",14.5206572236061,12.1592280402305,10.7020010617046,10.0532009356821,10.6751902032425,10.2685601878597,10.9588405970369
"2874",9.64558443419433,8.50382045591832,10.2755036053226,10.1535224815447,9.53158155660072,9.16123554184133,8.68537815043262
"2875",18.2151037980338,14.0875275260448,12.6187410871588,12.4260356670809,12.3710645548027,12.8104799115445,12.5406300013122
"2876",9.48249729692555,9.64715801430272,8.2251046443638,7.97012859277428,8.11012674064775,8.45056583667926,9.34468623572615
"2877",10.0246351746422,10.242290682087,10.181208864152,10.2274827714993,10.1504409951468,10.295064504755,7.61121651268969
"2878",5.01473693160788,5.01473693160788,5.01473693160788,5.00033120483471,5.02838942126408,5.01473693160788,5.02030647482997
"2879",23.3044876674284,16.1134250760312,5.8736903211092,5.87369713595247,7.08473041657036,22.2973579246252,14.8855988230624
"2880",7.52468450642151,6.62678470335732,9.38821779491395,5.69223532351337,5.54761853860802,6.78585624608983,5.71255885046357
"2881",14.6674764853316,14.6674764853316,14.6674764853316,14.6674764853316,14.6674764853316,14.6674764853316,14.6674764853316
"2882",16.837559764316,16.837559764316,19.7533545910479,19.7317328712232,11.8172272298946,11.8172272298946,11.8172272298946
"2883",8.49305323100464,8.81523041123105,11.7309128270641,4.73189912242642,4.75037994488024,4.72128146531776,4.72128146531776
"2884",16.4906362288663,13.5777780054626,24.0115851801786,16.6227716887392,10.8907992124142,8.16185413653918,8.73654466922282
"2885",5.24111584916692,5.24111584916692,5.24111584916692,5.24111584916692,5.24111584916692,5.24111584916692,5.02114913714847
"2886",8.46189236454203,10.0437506411913,9.64732117588965,9.49533946758432,8.9079079927611,8.2481387300237,55.1452400159465
"2887",31.8253592229866,31.2997319890158,32.6192225029489,35.3995012289718,35.1532138979985,36.3788122146652,49.6685228087589
"2888",22.7722816932637,25.6510144121068,22.8107131887603,23.474298669486,23.3186120951844,23.3186120951844,25.0426962762589
"2889",8.47239021002661,6.78237900308404,6.78237900308404,6.67121256895694,6.78237900308404,6.78237900308404,6.82641425013669
"2890",18.4991694802632,18.4991694802632,18.4991694802632,18.4991694802632,18.4991694802632,18.4991694802632,18.4991694802632
"2891",7.03677607280195,7.03677607280195,7.03677607280195,7.03677607280195,7.03677607280195,7.03677607280195,7.03677607280195
"2892",19.9544184308281,18.369846053719,20.0585795549075,19.9546163467354,19.8886185233826,19.9544184308281,25.5023507098658
"2893",10.9170369954809,10.4094651447317,10.4094651447317,10.4094651447317,10.4094651447317,10.4094651447317,10.4094651447317
"2894",15.5683482587289,15.248523206611,15.2929948890389,16.5681318448051,15.984305076583,15.8798860923015,14.9949057110718
"2895",23.0473340190536,23.6950533454148,23.4772894311156,24.8234430283865,24.691673079253,24.634114666976,35.3186816605726
"2896",12.3294956298937,12.2868845477701,11.759833490799,11.9882948439559,12.0553047219157,11.6510265872981,11.3445757324842
"2897",8.75878997824458,12.4959950397357,8.77416252759319,12.6540459345678,12.9842293744187,13.4117027639861,8.07608676061525
"2898",6.35652676487405,6.48900340967214,6.43494720012915,7.46388472484343,7.81551453710318,7.83778142127668,10.4126565647045
"2899",11.6629865837957,11.3508785076144,11.3279820296108,11.6566963871174,11.4973666792995,11.6062178451282,11.6118370377194
"2900",4.23881088144634,3.09336197496899,4.75720102298564,4.31292714855513,4.48952621088095,3.63971748456387,2.10962943179305
"2901",4.11815221316555,4.37899987833648,4.10743148184477,4.34227683932954,4.1345665572691,3.9537838178892,3.93553089677992
"2902",11.6030614813651,11.6030614813651,11.6030614813651,11.6030614813651,11.6030614813651,11.6030614813651,11.6030614813651
"2903",4.51121408220111,4.91532187416099,5.53156967440103,6.30299450644331,5.73520816064229,5.90296161348499,4.92829875105679
"2904",6.23491379545803,8.02448685264102,5.04805969065745,6.42361075844593,7.77880843344571,5.90464590016935,9.15435387294257
"2905",3.26660369499305,3.1749358739219,3.26660369499305,3.26660369499305,3.26660369499305,3.26660369499305,3.26660369499305
"2906",9.81733584933392,9.93134196507347,8.92544329368756,9.08027539776486,9.08027539776486,9.08027539776486,9.08027539776486
"2907",5.09011403939424,5.10040978033474,5.06950829877052,5.26718380646015,5.15706427716581,4.77797671300432,5.01206290929161
"2908",1.30207977035772,4.97794855321128,4.06928258405994,4.14098433391908,2.70032147160202,5.43569606157492,4.56222836489419
"2909",4.85445941841415,4.85445941841415,4.88997828013918,4.85445941841415,4.85445941841415,4.87535736674007,4.85445941841415
"2910",5.48380738982958,5.48380738982958,5.48380738982958,5.48380738982958,5.48365045787721,5.48380738982958,5.48380738982958
"2911",12.268243787281,8.53807535804911,9.0374865338735,13.4335804938691,12.9107216159831,19.1412847041731,15.4468309308753
"2912",11.845060844784,7.7254455776309,9.00923770541615,12.3959064726647,12.428301144855,13.7779730153713,12.4310655367232
"2913",7.82825558218403,6.44455265291365,6.30249875827292,8.90444302811532,8.90444302811532,10.0901262341769,7.7477419400125
"2914",7.95506792554595,7.95506792554595,9.0216685217797,7.95506792554595,7.95506792554595,7.95506792554595,7.96429326729283
"2915",5.23916091601973,5.21772028456342,5.1450931128894,5.16406055181803,5.1529461371188,5.19911178457988,5.23916091601973
"2916",11.7380041773656,12.4176131254928,12.4176131254928,12.4176131254928,12.4176131254928,12.4176131254928,12.0456388865357
"2917",6.37117370823504,6.37775670126463,6.49027115721981,6.37117370823504,6.71268476172221,6.37117370823504,6.83554013083843
"2918",5.03305185664537,5.03305185664537,5.03305185664537,5.03305185664537,5.03305185664537,5.03305185664537,5.03305185664537
"2919",11.5459501461864,10.7280719784967,11.3843790464325,27.3519042387599,18.974955439966,8.84542975535437,11.7089802086669
"2920",7.21149137139895,9.14590142106933,9.36797479326365,18.2540069337505,25.734134572443,10.8552616353141,13.7843811943495
"2921",7.46683512187828,6.61933959260044,7.46683512187828,23.8155808634479,16.5733250086574,7.29771779968664,6.5079944163455
"2922",25.2856464693023,24.4300737378385,23.7888151607099,50.6355802120919,60.2551394341727,25.2836515105238,23.7888151607099
"2923",18.998866406921,18.998866406921,19.4527156315885,50.3104150007848,49.0118184947877,22.3866571502641,18.998866406921
"2924",24.3252264724934,23.1060926702621,23.4465333333529,51.6587101310948,37.6724020451591,23.3684034095689,23.5812607008313
"2925",9.38115382408145,9.38115382408145,9.38115382408145,21.9042839127581,17.1781112708932,9.38115382408145,9.38115382408145
"2926",9.94658011101126,9.73882633274359,10.6090064694023,24.3733294790978,26.0790113809987,12.0757831165975,10.6090064694023
"2927",28.0398171056227,19.2414160565915,25.4182035146644,88.5821558722417,69.1646127495949,24.5847900057773,17.0577242376423
"2928",13.0041762372472,11.9966507797186,13.0041762372472,21.337349047055,18.8412570775622,13.0041762372472,11.9966507797186
"2929",11.960837075553,7.41795635574446,10.3871831210463,32.6387882417952,27.1326853605275,10.5168292261888,6.9623721052586
"2930",20.1083371387617,18.6442304060895,21.5004979452438,70.1083306301678,29.9881879785233,17.950996081646,18.2152503152989
"2931",15.6397215760169,12.9542019823974,16.9908259560743,54.0971651386584,48.1215667243779,16.1038699080652,13.0359601985195
"2932",16.6834773035501,16.6834773035501,16.6834773035501,37.7569479600955,30.8394963688957,16.6834773035501,16.6834773035501
"2933",22.056170129652,21.8871355875599,21.9579669455925,64.8243334901006,55.5571316645612,21.9586068207338,21.9586068207338
"2934",12.7095733773714,9.00814334089332,13.1114683181368,29.6247204797821,41.6614166318034,15.2100812636454,9.43156031642365
"2935",8.24549428038112,7.85140002084885,8.43297742373927,20.1343188833611,22.4725266881189,8.76200939463008,8.69667566067193
"2936",5.28532161137118,3.66310462686618,5.28532161137118,5.2853123473803,4.75181741608794,4.62861954853916,4.40695934765706
"2937",19.9748922703728,19.5710356313579,19.5710387522911,44.4315746733413,49.3152340834112,22.4413198971662,19.5710305162727
"2938",13.5549136101772,14.3569657412136,14.6764181429074,33.3116579239712,27.42319416528,14.8936033293119,14.7903860772755
"2939",16.799343146498,15.7325577891324,16.799343146498,36.0345092063584,36.2833543651977,16.3486737501416,15.8347226449723
"2940",13.9825339963637,9.87688167983669,10.7542367139129,20.2700043454963,20.3259418525817,12.4976476522835,9.87682544803115
"2941",11.0929290652797,11.0929290652797,11.0929290652797,19.2890170229325,23.3747526516291,12.1375364435812,11.0929290652797
"2942",23.7416866583642,19.1135848916243,19.1682515360708,35.4488722156087,31.5991752615285,19.2024881154768,18.6788950440957
"2943",19.2534720130571,15.5853817431518,18.1518134375577,49.4730483739638,40.9291089210751,20.5824268654255,14.9203602344399
"2944",23.3145347750604,14.4246126450925,21.6445553008127,42.9732689968636,37.2099958690233,22.074428059782,13.2433121424424
"2945",18.3294587216537,14.1105433685005,17.3762688344295,37.9209161713103,27.8710353419125,18.3294587216537,14.1105434453878
"2946",19.3619112012948,16.2564119246985,18.7956237494252,45.7128656782665,34.657295528599,18.590970791573,15.7629639240431
"2947",12.4085171897866,12.4085171897866,12.4085171897866,24.4517511725286,26.8201229880212,12.7106513270449,12.9436389646636
"2948",13.9815668889372,9.4102818043079,13.9428367287329,30.9691009977233,24.9971409454628,13.7120626796147,9.44570830019487
"2949",10.8344110263595,9.33999060998165,8.58714194820807,6.18349182944896,8.10944384590783,11.5343080476243,9.95028024557405
"2950",6.06539881759782,6.16837626338239,5.52095567102098,6.06539881759782,6.0494609793255,6.06539881759782,5.77975118169681
"2951",13.0994602963564,7.83974658399605,5.28991161189234,9.40843127742018,5.39920799451223,8.66258511360513,5.81268293451907
"2952",3.85759363683235,3.78910279541086,3.97627416198293,3.80293828606325,3.97627416198293,3.94843812760391,3.97627416198293
"2953",7.73718222723928,7.80325138588096,7.80325138588096,7.09527061255222,6.21240441997403,7.94699415688871,7.78895414650812
"2954",11.236153349183,11.236153349183,11.236153349183,11.236153349183,11.236153349183,11.236153349183,11.236153349183
"2955",58.9082583056414,47.8651469328642,47.6468066466105,47.9613834596885,47.6411530932209,46.1312063878655,30.0694375525821
"2956",57.1544672498846,32.2142479060669,37.8293237427841,36.8352572530981,35.5745661080122,34.6682188655933,14.2491170022824
"2957",55.3815287986177,39.4780274882864,39.3421672844752,39.3198240218705,39.3051251187326,36.0009578628848,19.7052103961318
"2958",54.1908732340827,34.182870271214,38.3317007743034,37.8670113016039,37.8670113016039,35.1639668769596,17.0957482586135
"2959",41.6079032591188,29.2418705944683,28.8253599103181,29.1494681017392,29.5270626766137,27.7430166368762,14.9824283280867
"2960",32.1705671513992,23.1031404686179,24.5368035517216,24.0731026286456,23.6605330291642,22.0747771154903,11.7014044431715
"2961",37.1542367902182,25.8141188414813,24.155411539468,24.7377963514256,24.8400971672194,24.3239740751097,14.8812713771847
"2962",37.0178236059325,25.8908671275903,24.8014004888331,24.8014004888331,24.8014004888331,22.1294150009551,13.4518554021722
"2963",59.9531285725212,46.616173513955,46.1590151933331,45.5735560418948,46.489360846139,39.903965909771,29.2113707217124
"2964",56.3815947718133,39.1504787538285,40.5537498806095,40.5537498806096,40.4942776907552,35.4595502179998,19.5084975471535
"2965",27.07316537038,23.1979506040041,24.1121155530933,24.1121155530933,24.0844901234463,23.5892938333668,12.6245418180885
"2966",41.043123368125,31.584026495436,31.2958620157943,31.2958620157943,31.2958620157943,29.8970519317922,19.7577729093886
"2967",12.3896711274308,9.43960044654492,8.56715438316533,12.2691250737963,9.18154315921482,8.95988810727855,8.6531778514661
"2968",7.04481154317766,7.71335409594329,7.04481154317766,7.04481154317766,7.04481154317766,7.04481154317766,7.71335409594329
"2969",4.12295848683492,4.24965595409941,4.24964902105984,4.27105281208578,4.74780570693204,5.03226036233072,5.05001636618404
"2970",5.75073461145924,5.79230418925723,5.79230418925723,5.79230418925723,7.60805698625524,7.33963816741042,7.54388515586827
"2971",2.93228840949573,2.62314110008268,2.26849872824331,1.89154898334016,1.85665873715098,4.48427262809406,4.62671727294865
"2972",3.23791405840648,2.8796332539639,3.49312668652998,3.78610541393606,3.6837231873753,3.15995762467756,2.73310999122686
"2973",25.6184456064479,18.5871227312123,15.7997813566134,23.5115322831264,18.6146020995885,16.5714273887307,22.9136247484884
"2974",6.36378631054564,5.73242433978437,6.36378631054564,6.3965362755478,6.36378631054564,6.36378631054564,5.95441796496373
"2975",6.14015956789285,5.91415210886418,5.30664934501699,5.23277117305751,5.26029499180841,5.46564641255524,6.14015956789285
"2976",1.5168909720524,1.8937313434561,2.96137585693315,1.43039719586177,1.44222344658079,1.22458908550273,1.46369057515273
"2977",5.27699380681918,5.61946455107979,5.70492959417108,6.19935671650142,4.13706012498742,4.62127957646645,6.03673696441032
"2978",5.91435179123431,5.54741790246352,5.94223496156366,5.78077016051079,5.67519666827117,5.70782820186437,5.58968331223645
"2979",2.56739431491118,2.90393475021912,3.76154603097619,3.76154603097619,3.66930289445773,3.29719294836363,3.76154603097619
"2980",6.79191587217372,6.46796508356961,6.79191587217372,6.79191587217372,6.79191587217372,6.79191587217372,6.79191587217372
"2981",4.40180752425587,4.40180752425587,4.54717630759103,4.43026234209596,4.40180752425587,4.40180752425587,4.40180752425587
"2982",12.3008841709994,14.1164268496641,12.9774497691812,13.5131925099961,12.3008841709994,12.9254106942725,12.3008841709994
"2983",6.81826262974891,6.73113301213097,4.29298894570806,6.82670954744239,6.84483003337334,6.86933352942871,6.83432271316799
"2984",5.55366142768792,4.99299026753872,5.81874913056976,5.56529290973342,5.54953101150617,6.39754568491465,5.3495743605323
"2985",16.7333554489428,16.4727186201927,16.4727186201927,16.4727186201927,16.4727186201927,15.1995082413335,15.077134646153
"2986",7.31654170801396,9.03993309826607,7.35395134329629,6.59113385011214,5.65412908269995,7.24190547853586,6.91957629507291
"2987",15.6105463459029,15.3879099060882,15.6105463459029,15.6105463459029,15.6105463459029,15.6105463459029,15.4923296133925
"2988",12.7940655891135,14.412063086283,12.7940655891135,12.7940655891135,12.7940655891135,12.7940655891135,14.5343632857389
"2989",4.4723081247552,11.3364411788765,15.1338147835858,5.21845307558885,5.99377338423622,6.64326335957371,5.38562680724661
"2990",6.77935648470881,6.77935648470881,6.77887476697822,6.77935648470881,6.77935648470881,6.68024921350805,6.77935648470881
"2991",3.16084437819686,3.83570000290191,10.243925585625,9.82629422042208,6.82863533040364,6.08900850243787,3.90198524828756
"2992",5.14112896013471,5.16656602261931,5.14112896013471,5.14796108445111,5.14112896013471,5.14112896013471,4.83556090083447
"2993",37.5039401554194,39.3755209240831,37.8337975227651,41.0258994125996,42.9065506488576,42.5189581612458,60.5236583085891
"2994",6.76600330728508,6.83800519425664,7.34127334026763,9.57438872979198,8.88219203291114,6.8287075749032,6.65954987346571
"2995",9.62079166461189,10.1796235399851,11.8842101140852,13.4174507481865,14.1238049442526,18.7121162058791,15.6363665980631
"2996",12.2356428181978,12.2356428181978,12.2356428181978,12.2356428181978,12.2356428181978,12.2356428181978,12.2356428181978
"2997",4.63524577161674,4.61797665018329,4.50651431855521,4.61343129037768,4.63524577161674,4.63524577161674,4.63524577161674
"2998",2.98109785339877,2.98109785339877,2.98109785339877,2.98069422890987,2.98109785339877,2.98109785339877,2.94355021992323
"2999",6.35137446970068,6.35137446970068,6.35137446970068,6.35137446970068,6.35137446970068,6.35137446970068,6.35137446970068
"3000",6.81586432478417,6.81586432478417,6.81586432478417,6.84803370228172,8.61512595800926,7.30607571318712,8.2937023361644
"3001",8.97978407704186,9.07757447208975,10.2867907199774,10.784894572925,10.6140591890782,10.031433619425,7.38483581260006
"3002",8.32341810350556,9.63696170150478,7.42656567343667,6.0177946590516,6.60957605277889,6.81219252771191,6.77868199198202
"3003",7.87153101994681,7.28191335561051,7.56322622112515,6.71451438160906,5.85401174679506,6.52569451946068,7.81035868273418
"3004",7.44344100234339,7.44344100234339,7.44344100234339,7.44344100234339,7.44344100234339,7.44344100234339,7.44344100234339
"3005",7.33237806943688,6.40924863407703,3.98997653439009,3.95541716351243,3.95541716351243,6.09759625821447,7.64024171377655
"3006",7.11289124332058,7.67485444889466,7.32032607332233,8.02937464986347,8.55780068121775,7.33392794099377,7.60530797310438
"3007",2.67039944210273,2.67039944210273,2.67039944210273,2.67039944210273,2.67039944210273,2.67039944210273,2.67039944210273
"3008",3.52142233284952,3.52142233284952,3.65576181682457,3.52142233284952,3.52142233284952,3.52142233284952,3.52142233284952
"3009",50.3756915912459,48.504369965305,50.8072741631019,50.9835141013569,50.360805042446,46.9881576975266,30.9253743935919
"3010",47.1401791905115,27.4330002839392,36.1771190583854,35.0057597002363,36.9042509633172,30.7140183010804,19.0284533583052
"3011",51.5984286409267,47.3632479798661,49.3261226120621,48.6498570122144,51.344152947454,50.8805363029997,23.2967897947172
"3012",37.1734486165231,37.6106344609626,34.7866376382267,34.3474316527705,34.9624653073624,31.3195481832242,28.0835715471405
"3013",36.2885867045709,29.0088626639896,35.6101150793174,36.6717332188658,35.2277546816996,32.9129879311764,18.3889681876316
"3014",30.7143416388822,30.4501852236602,29.0317043201795,28.5675447184913,28.7856318820829,27.7057000582479,25.3158440928466
"3015",50.260671618101,39.3509900022974,45.9265222745762,45.3723577918363,48.5171897974362,41.0113619042797,33.077051534698
"3016",43.9439651003748,37.1609875128831,42.6486539883091,42.9926335608692,42.2100949869276,40.6908202799434,26.6209809264049
"3017",43.9865423635871,42.2828735955132,42.8962705227048,41.7488001268912,42.2471524193893,42.9425256276254,24.6048844631517
"3018",48.2534114013533,48.2534114013533,48.2534114013533,48.2534114013533,48.2534114013533,48.2534114013533,44.5811574866131
"3019",48.4595420889387,45.4270866681872,45.217361035744,47.9640171638248,45.4790882496389,49.2548462578326,27.2826800654298
"3020",84.660902696814,45.0699855080538,53.6810449291719,50.5798109630048,51.6371413638398,42.8742999152375,28.1150038097241
"3021",25.3295930629451,25.3295930629451,25.3295930629451,25.3295930629451,25.3295930629451,25.3295930629451,25.3295930629451
"3022",13.4035534318788,14.0117973482787,13.2063986611209,13.3066969407782,14.0880690488639,14.0092813472913,14.0092813472913
"3023",17.7822617785298,17.5914583689115,18.7897954567172,24.1401004147501,18.1013707544897,18.0335925211797,18.7466297544097
"3024",104.170696361339,104.001028379523,98.223326813024,146.661570809833,133.289025016491,111.283283675525,125.02688268132
"3025",99.5581444248255,107.43173337961,110.080432995108,116.491080219044,113.815941204215,130.246392226646,101.785577549938
"3026",107.142964622896,98.4423449756783,108.914741176517,117.637375710898,128.920197451323,134.94563343298,107.338111404783
"3027",101.136331371086,118.332697327754,102.016188485194,99.8611278868812,148.390433193724,139.260332170752,156.28690275836
"3028",222.947859682074,247.430543102443,253.516054219862,294.691130976025,381.905535210267,398.878600327213,191.201567759956
"3029",50.9600877156157,46.2903609217352,50.2976494477265,49.9984197323151,50.1241609084519,48.3427905703966,43.8450115268766
"3030",45.4129425207162,45.1612918251667,45.0427395878348,44.8103940977091,44.9387592496599,43.539181302299,44.9280799594641
"3031",29.2461740355451,29.9293210735322,29.6188160134167,35.4715244642107,30.165239339851,29.6661035364054,29.1885787260388
"3032",81.4846087847712,100.107822083222,83.1418557022127,83.1428182483295,83.695219286461,83.0978192141545,101.075141328562
"3033",271.629331631216,264.030331758615,248.481169573865,245.713507010377,339.699559727724,289.147308517381,333.574735119805
"3034",43.1191011640034,39.6632006408426,33.886516094454,39.5882079615772,42.2761658045274,46.7415202058195,47.011983240447
"3035",115.355338139863,122.82561863469,102.045557741201,103.56247663393,161.243476400296,161.116088772871,168.871911433512
"3036",111.534061524333,120.014965340351,118.711134780916,142.739275282103,155.24180753286,157.214526032835,96.7991781272064
"3037",24.7961271831964,24.5828369287962,25.1813370653654,24.9473452316523,25.0740093280086,25.4115079929847,25.4115079929847
"3038",19.8790792520312,19.8790792520312,19.8790792520312,19.8790792520312,19.8790792520312,19.7274757810019,19.8790792520312
"3039",52.5894683923434,52.3849719671661,55.751273238736,52.3849719671661,52.3849719671661,52.3849719671661,52.3849719671661
"3040",38.1715658626379,36.6233544973676,37.2999623213778,37.7874826944077,36.9266456517875,39.6249471070367,37.2118228906091
"3041",42.0496084927261,25.4329243413546,20.9623829956607,20.9623829956607,20.9623829956607,21.4231850805886,72.7293916017976
"3042",20.1811311430318,18.2347058936955,21.8806115058965,19.2051634737573,18.6197681938059,19.3451536226954,13.6767713597409
"3043",27.3796079086448,28.666151002875,28.459052837404,31.5639046177851,28.6038063867495,29.5478871227096,28.8166259274398
"3044",12.8927556327851,12.7301998823066,12.8927556327851,12.8927556327851,12.8927556327851,12.8927556327851,12.8927556327851
"3045",21.8663280924476,21.3734591071519,21.3778432988637,22.2400933603682,22.0698699254564,21.7378202112863,20.9171887828645
"3046",7.21402995192332,7.57631865825034,7.24638736692101,7.19694110007609,6.89946959448517,6.88940372924544,6.86045913667334
"3047",10.011232015967,10.1103645648346,10.0696609217842,11.2211104006928,10.7715872517808,10.011232015967,10.011232015967
"3048",6.94631230961179,6.95308645750096,6.87194577049574,6.97203229601481,6.97606626839667,6.92483179739123,6.94721484377977
"3049",4.93189801738729,4.3958456235833,4.47890954330625,3.20407720772746,3.90196479455026,3.94681239254034,3.50414282373222
"3050",8.52223782218659,8.52223782218659,8.52223782218659,8.52223782218659,8.52223782218659,8.52223782218659,8.60523550307906
"3051",22.0236786988805,22.7731251475256,21.2110801520198,10.9588656084859,6.97317741300368,18.5371393159895,22.9543659558886
"3052",21.6566370129197,11.2308183797927,16.2049707036597,9.50144610823389,6.11407476175238,17.5159796598519,14.0631547018046
"3053",8.47636649611628,14.5566781396951,7.00593515023552,12.7669925959044,4.92196720676198,6.58885346625883,6.08908885208106
"3054",7.25522819833415,7.32056581271228,5.09935316587575,9.79550601194824,4.66968263323599,4.89554204501339,8.90463210349101
"3055",14.1488313236539,12.8088040104787,15.2896836494496,14.103982958752,12.2915945864501,13.6152054949425,12.1954622952464
"3056",10.6067949058799,11.7975250921504,10.946555933109,11.1738191530756,12.1801452423745,10.8316648928339,10.922978338696
"3057",5.69934990012798,5.58753426626656,5.64136274711505,5.63553708062314,5.63027426565252,5.67527870714537,5.47165244873256
"3058",5.29417391837099,5.29417391837099,5.27200604934741,5.29417391837099,5.29417391837099,5.27461981386521,5.29417391837099
"3059",4.59659739038547,4.58489577387408,3.52383174100924,6.4424691931419,5.25392275217167,4.79798537311739,6.83493110217633
"3060",15.8227644290189,13.9368855185394,12.3841449348148,12.067923674641,10.836172580057,13.2519948579554,12.3346740128186
"3061",2.90873776378327,3.50339185871673,2.30449179583356,2.89705833144869,2.94754100055827,1.99357269455119,3.19761074468231
"3062",9.84779848856859,9.05287710472423,9.7934130200545,9.49531584544316,9.62289687699901,10.0152287046022,9.28784464369268
"3063",13.9567388634227,7.44435309019133,7.58847631651213,16.7702150136229,16.2469054766623,9.81246864496668,7.37349451472778
"3064",6.48902653344821,7.11913209365535,7.67304842508159,5.09834710154476,7.59238351106205,10.8175704765779,9.12843046769744
"3065",3.8533151292509,3.75779981272492,3.78374489215467,3.84903397686442,3.70697611521037,3.73981678227076,3.69269667971381
"3066",12.2010265969013,11.7385178742777,11.4708435848454,11.1169417273952,10.6432256068359,10.6039448670585,10.5574898785354
"3067",8.0793245887412,4.74269037348289,4.77095725597356,18.7924234785083,9.52173122868024,5.20424202551872,4.29866397460892
"3068",11.6382979081242,18.0430616258476,15.5343513072184,8.3997794923219,18.2552992137272,14.6194839216023,17.4965863920352
"3069",4.86775873519087,4.86775873519087,4.86775873519087,4.86775873519087,4.86775873519087,5.97429601795407,4.86775873519087
"3070",5.86240814530512,4.50507067168587,4.71460114890985,4.82691743037804,4.87222240168796,5.43536759454583,4.0435019650134
"3071",4.85653650499402,6.18782868743147,4.23975701642585,3.44927260212872,3.97784989345978,4.1800100488262,5.17540484807098
"3072",2.38277360940349,3.33236252837662,2.08591801584686,2.2535442899773,2.95426101964472,4.10620103623625,3.88340950881969
"3073",13.3893284742877,14.537080034537,44.2052954302199,34.9127902912164,15.8490916884862,13.3634121197014,15.3133430441036
"3074",7.68963243958816,7.50699727741267,8.07928925843462,6.74894074230084,7.57108179383325,6.84849159067919,8.07338530964614
"3075",3.54775522354113,3.18759328471571,12.051123135749,10.3640910404112,3.90253648468021,3.16934177823911,3.93347424388921
"3076",8.58166409286478,7.21894851702435,47.4390162576976,57.4109381722989,19.5117666798629,8.03275474259668,8.24040730826129
"3077",10.5038360447541,16.2522025630045,6.42278547256908,10.1245380547966,9.813009085555,8.86327908118366,9.21894804097322
"3078",7.58453311364035,8.87662053022667,7.38705586998726,7.74205593782081,7.76023794093011,7.75003482853646,9.04202539061776
"3079",5.38417880402963,5.35302660596088,5.07470564712887,4.26588207730865,4.26588207730865,4.32481325140918,4.36216955448473
"3080",6.11022142939354,6.11022142939354,6.184741271364,6.11022142939354,6.11022142939354,6.19779079340448,6.11022142939354
"3081",14.4212443859285,16.2015126953937,14.4418685550979,14.3948524185961,14.6344096882585,14.9382936573644,16.2635570488714
"3082",8.73278094235297,8.67122863807201,8.49698896016665,8.5288082632846,8.48219985921952,8.48382128751831,8.46204518710845
"3083",15.0526245828604,11.656327387877,15.3852044367537,13.7711707597915,11.656327387877,11.656327387877,11.656327387877
"3084",13.2843235623137,9.42026166494292,11.0367347644366,12.9080422308024,9.33081096134693,7.41442718076349,7.28243961187551
"3085",7.45200963131784,7.93627337037338,5.84456351364905,7.70990738256594,8.72167895349008,8.15651417535227,10.3258450730749
"3086",6.88437342924488,6.88437342924488,6.69594640747559,6.88437342924488,6.88437342924488,6.88437342924488,6.88437342924488
"3087",17.9621052178707,11.6101080251912,7.88578411521761,7.88578411521761,6.58628907724289,7.88578411521761,9.62942936981319
"3088",11.0188112791567,9.16098072492136,9.8174442078722,9.10849018800102,9.4858125374691,9.59040427134359,9.55129871016918
"3089",3.77814200980052,2.29241225861838,3.65680610758527,2.14827487659987,2.28195963524003,3.75144033630335,3.1419554333815
"3090",10.322679226001,11.365371736416,9.04563881530917,10.0256160314384,10.8399652019731,12.1489480762066,10.6884687223883
"3091",11.6983825426335,8.88599283815874,8.39293655891817,10.9551208405972,8.40120086556165,10.9321535614958,9.78852033683399
"3092",9.58205571288632,7.64238011939392,7.10371870138654,10.051374916248,9.89144970088515,10.019877181299,10.1563000602247
"3093",1.69878988764611,2.17697802183469,3.18345051145842,3.03476419070438,5.43221133816616,5.95992040794611,3.50164312245188
"3094",8.50016978931014,17.1203297846273,16.7916885320144,14.799126509377,10.8678949531859,9.87713095759354,5.87370044293691
"3095",9.34663334474645,8.59979322285983,10.089436472528,9.26081789654967,9.34663334474645,9.12775718310771,9.34663334474645
"3096",6.12231133636113,4.97888949754868,4.85695383132121,4.67533124507925,4.78767227773717,4.8328577473747,5.7853164078791
"3097",9.86790827159488,9.86790827159488,9.86790827159488,9.43828169244501,9.86790827159488,9.86790827159488,9.67920328488034
"3098",7.03663237830294,7.03663237830294,7.03663237830294,7.03663237830294,6.92974574213791,6.93181938999188,6.79120360743586
"3099",7.40049320058034,7.18660948585453,6.99083427530177,7.50660509704324,9.40314632134874,9.3112033436478,9.38099038073542
"3100",5.10425160866455,7.40241203087402,5.10425160866455,4.97985994505964,5.1256615825423,5.10425160866455,7.40241203087402
"3101",5.28322269445137,5.28322269445137,5.28322269445137,5.28322269445137,5.28322269445137,5.28322269445137,6.50719579511817
"3102",4.02087879160244,4.4578106556712,4.05538905588407,4.23944511835747,4.08509184233453,4.0482871071586,4.6126377743434
"3103",13.9253684514336,14.2094006590041,13.7893450173364,12.8570983263655,12.8570983263655,12.8570983263655,12.8570983263655
"3104",7.25699918182639,7.25699918182639,6.47324185719827,7.25699918182639,6.71580677554772,6.75137587143406,7.01483184413599
"3105",12.3627450867436,12.3096465465799,12.0715738359648,11.6475951026461,11.7257433029262,11.9696620221547,11.4161092663862
"3106",5.88879500117617,5.88879500117617,5.88879500117617,5.87248320101374,5.88879500117617,5.88829030824069,5.88879500117617
"3107",14.2652387753615,11.8951393857197,8.22387505720488,7.89576619585599,9.37047866520797,8.98957810780062,6.66757400304289
"3108",22.9885789562749,22.844290423259,21.5019491795246,21.9883652992594,22.5265217858837,22.3690580570896,22.3306893504804
"3109",5.87024647628426,5.61071388284764,6.03069002600318,5.82745808269057,6.07593439887937,6.62057218987066,5.95029853986174
"3110",40.6794881608664,42.8078639671037,39.6028161942606,42.1257054463694,41.0971559694338,41.8350674123961,42.6778796938407
"3111",9.38608845239248,8.85545239868757,7.7524455852638,7.10287902396016,7.10287902396016,7.12473517394147,7.10287902396016
"3112",15.5878518178704,19.8998241226662,13.7493092648863,14.4934721848264,14.0889755723461,14.3182814328362,19.7734516245312
"3113",44.0613303632329,46.1335930623128,34.4776127716518,18.1402989863315,35.0058046722572,46.7122543866095,47.4861531394543
"3114",54.0780034213192,71.1225210739199,48.484637974235,15.4792931874465,79.7975260900203,68.4616819455364,58.0781344651258
"3115",76.3893452009115,87.2831339465745,47.9444825021992,21.9354769731453,127.827317908755,67.6062314861474,74.4828290845325
"3116",35.1328208310676,48.2974561525608,33.4834240047576,14.3172973552417,38.1846871223191,40.7666439978411,30.6439775111713
"3117",36.3180894758662,59.8251183265104,44.2118970411328,15.1143950520482,37.2524348287859,61.6164826574337,39.8076285266977
"3118",51.1183762451271,67.6549443031731,39.0629117610609,16.3670871045844,47.745742251891,49.5687751944353,59.340951520408
"3119",34.7618473259464,48.7940521443503,33.6900478084977,11.5266044783007,35.1461353214572,49.9229503574737,41.778940107005
"3120",135.440006436202,128.168479830073,82.6701845994496,29.9493000790018,181.941182984932,155.490872550177,129.00431010712
"3121",57.4424637293317,70.0222623979949,39.8564738860501,13.280577064699,66.944866691659,66.5187074476986,66.7136179173597
"3122",51.0195979423569,73.6495196462197,43.1625530219864,20.0659274211309,58.3275363509006,71.3209842581781,70.6405386060758
"3123",94.090379459996,109.208077000109,56.2439302943065,18.5162041084567,146.00587411348,114.571444427936,170.996815580332
"3124",65.0817341783642,38.7104320427979,33.8933222786382,8.65629583087042,57.0916928478159,52.654180635373,39.9180989013782
"3125",110.727276350006,124.324663291518,65.1190145670524,22.840682421726,81.9769229758371,92.7139864190751,119.45646527425
"3126",44.4840450890618,72.6344809995689,38.8288974127778,13.7098888355892,44.3185269705818,56.9845135503201,51.5971735972449
"3127",50.1431208494944,72.1671615312697,51.7425277564565,9.91758435069147,54.4428293785477,62.9754355389477,44.9433905778104
"3128",80.0441430916081,107.317534703714,60.2432737429467,11.8952288656383,83.4064594369217,104.649211469098,89.0403994375616
"3129",57.9568094640828,81.4936634914257,51.4197567372213,17.8042028375845,58.1097286423328,72.0304619321061,101.345505532922
"3130",54.5617959764064,77.9492401019944,53.7041674062549,17.5753257062699,45.2929213509595,60.6766840431257,70.3720028015111
"3131",42.7206112766043,54.1897845902028,42.5982669868176,12.6370265786339,38.5205615685797,57.0798846687403,44.1914924642048
"3132",40.0792078092912,47.8108946720788,40.0463605633328,8.95112686870399,43.6526935079684,56.2267673726271,41.610821855142
"3133",54.9273232225594,69.1050947544469,49.9556102773985,12.6344930679488,52.3456475526423,54.0082932887371,43.1765676530156
"3134",51.1136974317563,68.8995440737504,45.3881697642182,10.4842350046709,42.1396481328291,65.255963000108,20.2840632143125
"3135",38.906837982989,50.4649169735871,38.2130372946033,8.56821388254339,46.8201554072742,45.8244110634072,42.6498404262258
"3136",6.58245823618256,4.1861537336866,6.27741655759862,8.46766494936702,8.46766494936702,8.46766494936702,8.46766494936702
"3137",72.9757187812775,98.0666852180903,85.9554069002977,30.2391941235209,70.3750280289519,96.8061429798136,88.5145982440111
"3138",42.8059667083515,82.5685636387587,43.398277181102,15.2642922929684,39.9690435901593,57.1174079915013,61.8099462332372
"3139",4.97611595826085,5.40605343713194,4.60557741117688,4.43875720537979,4.43875720537979,5.07443450792951,5.06619403521988
"3140",52.681445560662,81.8179474713091,61.2005682678342,20.6947543402744,50.6471456484842,82.4680585211384,58.6741223439879
"3141",79.1910695658442,100.444416159162,68.3255345657204,23.7920376643918,73.7743081177005,82.1821456107061,85.694944083493
"3142",65.5893547001955,98.6442116054674,48.2692398003087,15.1317326475487,66.3937485163624,70.004192055278,65.9269118361175
"3143",101.317584296641,133.714519950676,70.5010579077982,22.8646041529634,146.778476581943,103.176353997381,132.559627706293
"3144",71.9423583425471,108.176217871665,77.9578902680133,28.7387998399043,77.201205789498,101.545383564137,76.2453007072272
"3145",105.098575951344,125.697326715048,74.7298703475358,18.5507746092752,98.1887204803758,116.541288275635,103.316610607241
"3146",107.85857245735,165.088329524859,89.0264414732087,26.5227855269101,104.087676559899,122.861595185278,114.469490502884
"3147",53.7514005845978,82.7149239751921,53.1404250806468,19.0853084745094,51.2480038485182,68.9576113635784,61.6139120020738
"3148",122.999891085053,187.562732616694,82.0357374727085,24.4978359243635,106.372110420496,118.498480614979,161.319265934308
"3149",76.6325894344614,110.74582618756,62.4725970066364,22.0390213005315,75.42737057529,89.1101578229738,73.5783242877959
"3150",55.6038829799139,72.9512691181372,41.444358239319,16.3718931005977,57.141129572463,72.4106055942543,48.4514840297087
"3151",65.1505760613896,90.6906183365376,59.4848044264442,23.0590194654824,68.413832686184,69.2728065388509,75.3122701086689
"3152",41.6961535632546,37.9903812898915,34.7830960788965,13.7033023148506,39.4851578949914,51.4743938132658,35.0135437747245
"3153",42.9954919180585,47.094879992499,34.2516936230693,13.8505188627691,36.3428993240291,47.5220358549929,37.2704759291094
"3154",38.9812818192487,39.0538371803886,47.644353695555,11.6787995401601,26.6369180384137,55.3234371697597,25.7126404400731
"3155",12.1019969329659,8.01745993978628,12.1065960401122,9.10915286230632,12.4929759187725,11.6988096149193,14.3247917943395
"3156",3.08415829316682,3.05841354635268,2.96896101130088,3.00229857162594,2.9505701572697,3.00229857162594,2.96599742113738
"3157",3.23434771821332,3.23434771821332,3.23434771821332,3.23434771821332,3.23434771821332,3.23434771821332,3.23434771821332
"3158",12.1854216570753,12.6013345767011,12.9709269037293,12.5552822131223,12.6161450263297,12.7840311359973,12.7743268181935
"3159",17.9204709074367,15.3266263034969,16.3597305916632,15.9426623935673,17.577983176753,14.9877659938665,17.1984519978609
"3160",3.79689089748302,3.94213537509526,3.79689089748302,3.87230701847254,3.81723954844503,3.88235494281887,3.92250908819288
"3161",13.8510270851737,14.1583200299791,13.9617396789576,14.0177023827222,14.193558692749,14.2917912072255,14.4088426411886
"3162",24.2103657301521,16.8296359421256,9.30737959313028,34.6206866147082,41.9691820199625,18.5826468330236,12.1525129190417
"3163",40.9583050367852,37.9841464153415,34.7282789625789,25.8415623351196,16.0159265259655,43.348034595759,36.4579168337147
"3164",4.76917847109851,4.76699465825665,4.76917847109851,4.76917847109851,4.76917847109851,4.76917847109851,4.76917847109851
"3165",23.0209587615727,24.8786774776746,24.1227801382351,23.4043927655828,24.753832132925,22.1805301220414,24.7653906274156
"3166",8.79696317700626,9.61694572137668,10.7246352938264,23.1357831334368,15.0670404570906,9.69292797951542,8.93126080078019
"3167",12.5589663244142,12.0685905696546,12.7453064558365,12.5389096603241,12.5893430999682,12.3653319979359,11.0571911842242
"3168",11.9572179197669,13.6197859323027,11.0247599458562,11.2010268996338,10.8632514908212,11.312144181767,12.2976333791401
"3169",48.3479779678942,30.2989855632424,47.6596743837528,49.5045917732848,32.9862365158975,28.7035759517462,27.7572633344826
"3170",36.7944549274391,22.3758604106247,41.6147616425472,43.9635560354933,25.7865610995495,31.199160697047,31.199160697047
"3171",51.0765329308504,20.6531781834953,100.261261807039,74.1380585573346,22.9916473853814,22.1339124279397,20.6531781834953
"3172",40.2522815132554,22.6250818045935,47.6900056099811,74.0442281115597,22.6250818045935,23.4187734472027,24.4868354438296
"3173",61.3227858273379,16.9418865475318,180.228715237596,138.613525637117,28.7244766481989,18.2960410339823,16.7789302935612
"3174",41.9490248460561,14.7823143455695,37.3988743756248,36.743579072214,14.8345215089309,14.7823143455695,14.7823143455695
"3175",40.9467348253382,28.096983568676,118.508183974471,68.3353695590894,28.0108449897431,25.4326330147889,30.0647804960848
"3176",52.4863909946698,25.6180827241141,110.322840680501,66.8176812819735,29.5683506908722,25.4801574992475,26.6067114050251
"3177",9.38701817447743,22.144965377223,11.5543024693191,16.6369649161564,15.1890317531816,12.5812578840524,10.8115327127223
"3178",8.22552347155213,7.13076640254819,8.88655464189515,10.8350645202975,9.85928594792457,7.27709340103905,7.13076640254819
"3179",8.76418738260001,8.69264242955095,10.736201091889,8.60832900411391,8.90915349316515,8.93855895110663,8.89447987450549
"3180",6.75756653841133,6.37556330354451,6.26500341292543,6.26500341292543,6.29664741234917,6.26500341292543,6.26500341292543
"3181",18.8028066169214,18.8028066169214,19.2543038124498,18.9410343397642,19.2416406331152,18.8028066169214,18.8028066169214
"3182",12.4635853592442,11.3731698577244,12.4635853592442,12.5176342156346,12.4635853592442,12.4635853592442,9.84312423799694
"3183",6.85612988015502,6.60427528481499,6.81526331427772,6.46713119500074,6.43242176462977,6.57663381719216,6.40398902303011
"3184",16.0476933564137,16.4208983731303,16.1485930884819,16.1402944180537,16.0278232035506,15.641238521395,16.0278232035506
"3185",9.62713246530727,9.62713246530727,9.62713246530727,9.60051533705324,9.62713246530727,9.70984368708047,9.62713246530727
"3186",72.6893772096808,56.4808144382305,62.466855070652,49.093895535624,32.6766599050828,61.1519571384909,61.1055936841022
"3187",5.91213556354951,5.50275256362761,8.78431803994693,6.95094989783966,7.42985050902464,7.95484707901064,8.05071366708445
"3188",11.1852667369452,11.2962473559469,11.2561260599365,10.612753370176,11.1624347074497,11.2605683395804,10.9229530398914
"3189",6.5281555579534,6.5281555579534,6.5281555579534,6.5281555579534,6.5281555579534,6.5281555579534,6.5281555579534
"3190",5.27528612168513,5.50313734871793,7.1663272385806,10.9934604873678,11.3813994077683,8.10866584149803,6.62826040605016
"3191",14.2611168583245,7.67955117341406,6.99978622186028,6.99978622186028,6.98186504504314,6.99978622186028,6.99978622186028
"3192",9.12160746961722,9.44820812393831,9.12160746961722,9.12160746961722,8.61165374085555,9.09266001114113,9.12160746961722
"3193",7.39371230106632,7.94506381015418,7.60953006970049,8.49276588165674,8.48431733845118,8.27280297564488,7.49095296034954
"3194",14.121078808397,10.2978835513022,9.70724635415191,8.54562456991057,9.70724635415191,9.70724635415191,9.70724635415191
"3195",4.23286036942369,4.23286036942369,4.23286036942369,4.23286036942369,4.23286036942369,4.23286036942369,4.23286036942369
"3196",4.81892444180001,5.41888337190998,4.10890702124858,5.85728032934223,4.59201361681421,5.8646250382216,5.0628768553277
"3197",8.82799116325453,10.4115362307427,9.69527757666236,11.5137761509142,8.65300650720605,12.0485590255336,9.5232844922913
"3198",3.90471970858131,3.90471970858131,3.8316424461559,3.90471970858131,3.90471970858131,3.90471970858131,3.82909951275988
"3199",8.13166050208707,7.05154725194575,7.94034513479758,7.89511694441403,8.0297987249458,7.88351514411281,7.18583445351005
"3200",8.02378216989991,5.70501307929011,7.16598789426806,8.11531353303126,6.16939483829702,6.92109048271069,5.12378466222088
"3201",6.86462745477844,7.0643828045823,7.0643828045823,6.96539711408135,7.0643828045823,7.0643828045823,6.60482775639691
"3202",11.3020841600648,13.6898856854177,11.3226765479776,10.9498491542445,10.0351056356982,10.3132821015486,9.938503883497
"3203",7.91080620018757,8.20580344426257,6.52675310541213,4.53333913322555,9.13679649329435,4.11339590243461,4.80471716638261
"3204",6.45820359981446,9.05581276760003,7.11184159030012,9.27572709015536,7.50374496460151,8.1159879141272,9.72990914563019
"3205",21.3246817756326,21.1107399166706,23.7414375946877,17.8952004630476,15.7282203228949,14.716486131905,14.716486131905
"3206",5.48757854077351,7.75348940247072,5.81770517311315,5.47294990938889,7.48889558585735,3.83025824757471,5.1612786863551
"3207",13.5147211035252,13.6317744347489,13.2937648738827,13.5147211035252,13.5914504419031,13.5147211035252,13.6047387621925
"3208",2.59340167953251,3.86313921752495,3.67235553676706,3.75968235560817,4.32944779205276,3.75882146321281,5.1257581700057
"3209",3.05013633552368,3.01551908681502,5.36365702882398,5.6902888393973,10.0291937473394,10.6003743114694,5.640837229136
"3210",8.78974608133945,7.59820881155684,9.424035245066,10.0743428825367,7.46814660514454,10.5356893349169,8.84082670062431
"3211",10.9175366050015,11.0421808104958,10.4304152065956,8.79445642539959,10.0538158578808,10.5747519736867,10.7944997618209
"3212",18.8641824824473,17.7402024276386,22.4506476286694,20.8087141350668,20.6280989279239,21.2417604072488,19.2590226297975
"3213",8.24259710948957,7.79935881909073,8.37328892758418,8.89880286199945,8.70493922915099,8.21820146866287,7.28407661196714
"3214",3.73201973271813,3.95559022334265,4.09592042297357,3.68688441187561,4.3116790176493,4.3116790176493,4.3116790176493
"3215",47.742292807189,83.9746954313271,24.4144331987959,7.93970758682041,59.2796696744175,39.0215093977001,64.0076731959162
"3216",100.62561647115,70.2196692667795,36.7166806362328,12.1373378428742,77.9976833416392,47.8485211913899,51.0492963295245
"3217",26.5608395497892,11.4303048590181,46.2311716687649,60.7242291999134,13.8466690803516,12.8449267066708,9.59947334911473
"3218",20.7232034520502,12.7739813211412,41.4825204982605,51.2942519772727,19.5134444296682,10.7615806865067,9.39323948719685
"3219",21.8912198587417,5.08204086122763,27.8987598235757,58.9739554922076,32.8460732587458,10.5527239269705,6.00535021723879
"3220",17.1416937248032,10.9474693323977,34.7719128318732,44.266011956076,18.3009556165942,11.4552774733461,11.2193744727479
"3221",6.51211227583453,5.72664784786813,5.75108542360533,5.85268841901392,8.29159067415763,5.42204325123884,6.11927319742512
"3222",10.8602524585228,10.5396000873944,9.54771974548893,9.48446120697758,9.31339858850672,11.046525345841,10.5754335555421
"3223",11.5402104297608,9.44162760178202,11.4182445139809,5.66632984126999,16.7224853959451,9.86802203441464,9.07923098895732
"3224",15.8007117035951,13.8481840696245,10.5964654243524,9.9211367247436,10.3752558097824,10.8708434347056,12.8939614423033
"3225",19.4498655617251,13.513455510785,10.0430032573481,12.9605040575108,13.1524776266953,11.7917568682225,11.5149904610182
"3226",7.71875729884692,4.67817046227627,3.99463148455348,3.71171086461164,3.65203279000821,3.65203279000821,5.36860987762268
"3227",17.3410307459482,17.64483020325,33,33,33,33,17.1059013240563
"3228",13.8833756229844,13.8601059537489,13.8392685048861,13.7535483425877,13.6735730480155,13.8568340544656,13.8559897266864
"3229",15.8037946676467,16.8200834178432,16.5135296996951,44.9033973499236,34,30.489704902223,16.5018159112904
"3230",13.9843456093971,12.9161453333109,26,26,26,23.2613499083341,12.7300110295959
"3231",16.1288108396394,23.0038549762019,8.72060657705672,8.79463187048769,8.66558993926627,10.1018419148003,34.5936236211531
"3232",5.68895706453235,9.3085930701955,7.82435566375392,11.466763534424,7.50577816707602,10.7731818949964,14.1053707309393
"3233",6.46653819084558,12.1128890374203,13.3042925554286,10.9149326572211,16.2910257256837,24.0802724660775,22.1897615580394
"3234",3.55974270260268,4.80202656856062,2.84799626261819,2.97313584709087,3.00503307178247,2.97319551714596,5.25357072960856
"3235",71.8267902613907,72.8991785227289,73.7593937089015,67.6666866596217,63.5836580815153,59.9358304795755,58.6055266424597
"3236",74.789117868599,74.5478905302581,77.0667762859716,105.984590149281,94.3890325092213,69.0823247052207,75.2177334151581
"3237",22.9033902311943,23.4333676253497,23.3682126632539,33.1499130890625,31.703025602762,20.7427408554233,23.4223985680345
"3238",17.6426351368123,19.5524958634597,18.9990645356355,29.2776153271767,28.4980472619598,17.0598620175876,20.6468712608749
"3239",21.6655088216861,21.0142818247997,22.4876408430186,28.8827605402859,34.0492764633703,29.919559055426,28.3188314788664
"3240",66.3610215940384,70.6670099504087,68.5081135649225,115.424772264888,89.319883746629,58.0492951715472,73.0326241196316
"3241",31.4873649371534,31.5540281563162,32.2118075019496,44.4705905138668,39.3942840278539,31.5652564189399,32.2118075019496
"3242",24.2654119042775,24.205916663241,26.9548167739863,39.176343475464,40.059495944579,23.650465039199,25.7632582911783
"3243",63.1725828776513,63.5292214294195,63.5292214294195,77.3271684840699,78.4579935463505,63.5292214294195,63.5292214294195
"3244",35.9301029950337,35.7315139475967,36.0293750700226,41.6547129981786,41.5991235028699,36.7433349204723,37.2336914477718
"3245",26.0795175376259,29.7788576169106,29.7788576169106,41.4825654372243,38.1664196797078,26.7005962601179,26.5951341975421
"3246",37.7852144010145,44.3375611215164,44.9572142679648,80.0670848311568,65.6063260278008,45.7616823139284,45.7484105481162
"3247",35.2860755821067,33.7133119856157,33.486126358326,46.9427203844068,44.6387400433945,30.4670296218534,33.9825851628605
"3248",9.1700547342236,8.64760510235304,8.74754298171855,8.53967795775569,9.76185704019009,10.0986746645094,9.71861757823808
"3249",44.618040221616,44.618040221616,44.618040221616,58.3048648590674,53.1401256415713,44.618040221616,44.618040221616
"3250",74.1698197661306,67.5701991716127,73.057051089782,93.5263783975825,78.9354950161789,63.7252455065806,67.2869400172464
"3251",45.4177762797057,43.5003057364336,43.3304398223281,54.0960032652027,54.9522821819486,43.3859900126516,43.3859900126516
"3252",10.7551969849014,11.3389355587685,7.36016932892074,7.50579587368106,10.3369646864544,13.1253153990656,13.9813212808875
"3253",10.7250593183722,9.00330244170419,8.69109825092619,8.66171092838614,11.3480761819418,11.7278694925424,11.6864133346564
"3254",26.5407543504071,16.5961597348165,22.5123700027885,30.0307038622541,35.4298282062688,21.9556408224847,16.0377250540992
"3255",9.72729558243245,8.31751877952579,7.78750292725687,7.76145160090561,10.671572921844,11.5475329916279,11.6616397440754
"3256",30.8576955561291,36.7976332185925,36.8802477487174,52.1265563622534,47.9265198231274,30.1559866335718,36.5290099822652
"3257",52.9923082957947,52.3222786035391,51.7589548102018,75.3344200329329,65.3122114012538,52.3222786035391,52.3222786035391
"3258",25.5315866934261,24.7455035573038,24.2494831824947,27.2731931704506,32.2454715604714,22.0337250449173,24.1695091568225
"3259",10.2992010873448,9.67302714978284,9.26163958311343,9.10979933164721,10.3246835653769,10.4862683542273,10.0966495653831
"3260",48.4481248132864,47.113738513315,50.434718199372,88.741245646116,83.5912414106034,48.9031681903891,47.8839344524992
"3261",6.62268467152821,5.61315240005717,4.63079505887225,4.63079505887225,6.60583395127963,8.0896910768448,8.13426911906157
"3262",76.4682969976096,76.4267487496575,76.451044124919,107.016086765558,108.278476060505,75.1458498415425,76.4267487496575
"3263",40.991827992501,37.7694489736237,37.8945887454537,52.9146195543684,60.2013443383041,33.8009164495351,37.7694489736237
"3264",16.4044899353514,17.3728614121118,15.907979489562,21.454461952806,23.7339305258201,17.3728614121118,18.6670036735133
"3265",52.3806561966839,52.3806561966839,52.2159929755714,64.745666552549,58.2920410577033,52.3806561966839,52.3806561966839
"3266",6.76632354882691,7.29622499463906,6.16146397349519,6.22814721086894,6.34502887059706,6.01496933897732,5.52969849591661
"3267",2.35755565069394,2.35755565069394,3.07240334621401,3.37723358106863,3.22158634602865,2.35755565069394,2.35755565069394
"3268",4.76776464554246,4.05368868674101,4.02958657609271,3.9216593751498,4.02958657609271,4.02958657609271,4.02958657609271
"3269",5.28530169144185,4.09318594788905,5.16960045409555,5.20429240732696,5.21496365252312,5.22241233213195,4.11153095054804
"3270",10.0590299108731,8.69046034545923,13.1736637355355,14.4566300294064,14.0942011270787,14.344037344262,13.7178407649466
"3271",37.3109944413727,33.0640062282161,32.5261385233724,33.3325803997909,33.228801070887,34.2691019684779,32.9935744452438
"3272",32.1933271519253,30.2049742128678,30.5218559638991,28.2134444034449,27.7545260205213,26.5911565813724,25.7234888205426
"3273",74.9810215062805,73.8795615399353,71.0895874419708,75.5057883200126,73.1790086336032,74.3817809977327,70.9587784546443
"3274",118.955708469021,132.402741701345,121.834341652547,139.762155569397,141.057194872829,118.346833284094,130.080901367482
"3275",339.68419074849,345.953200789876,345.515932780449,343.963622307511,343.430835198752,343.582472307483,345.296741975182
"3276",419.13237350125,433.216704956863,431.422257702503,430.641564758251,432.076978734053,434.321037490557,438.89045920412
"3277",73.8677979774754,75.4873162487633,70.7775438710292,69.7596168400631,70.5557137881223,69.4863784070366,67.4162368096532
"3278",147.809591032246,156.312027312747,158.376996972056,152.385466463612,147.761860780794,149.317274201278,154.035987441281
"3279",852.941507224832,876.904902767179,879.030824687985,889.203401402848,896.691818138193,900.896094326235,914.482258095083
"3280",58.4093705631054,53.2132289722793,59.0567983422156,59.3896402581849,59.0851557512042,58.6317653932937,52.3066608249242
"3281",116.278848992477,118.98578052435,119.695006584943,127.441035155251,126.371336290826,122.834170441222,125.837505308368
"3282",301.79174157911,303.224728306457,297.999277471416,298.553627175422,306.372307754763,291.325876059992,292.456943664489
"3283",29.1711542157358,35.8314111922084,32.9768929720191,33.2522878942492,33.4199535740816,39.1221097454508,36.3616020469389
"3284",87.282724232139,97.2052748624973,84.8871542223538,84.9731111745616,84.3948611858819,84.3663341407923,89.1796610915851
"3285",103.609984996241,109.651425368649,104.905555580445,112.984119136231,112.781292693261,108.130660665073,109.356982459706
"3286",539.062184350972,534.163540481649,528.108933768179,547.068073886879,545.651047340992,545.181257535902,555.370312782971
"3287",26.874036466527,28.010388571653,28.3857978587695,28.6529872577171,28.6047155720043,27.8690815590221,28.6991771975603
"3288",94.308846940355,85.086075172593,123.476169357971,93.578769800499,91.517693266484,94.3459996530391,69.4707588036244
"3289",10.3834000429976,13.8148951656541,34.7608827913221,34.4371498630966,21.0090296087888,9.75920439646249,10.1346229606382
"3290",21.3510893482896,25.74664610848,23.4333730303935,21.3510893482896,23.4333730303935,23.4333730303935,25.7468477332315
"3291",19.87451044758,19.87451044758,19.87451044758,19.87451044758,19.87451044758,19.87451044758,19.87451044758
"3292",10.5526005166606,11.0193880834823,11.2020363741861,10.4504994511984,11.0339347494192,10.3511721594932,11.1762884163045
"3293",8.8865110155598,10.616838329945,29.2804397069893,23.943184817594,23.4248706021941,8.71693659347192,7.90026494673839
"3294",10.7365091503722,13.6145989329145,19.2052591963966,17.4878139716336,15.4906184079744,11.3850780517088,11.3850780517088
"3295",16.8438415265899,15.470168876561,15.6084975609665,15.1462465212699,17.0707567279544,19.7486217244484,23.2084467137521
"3296",14.3282045424133,12.6024247423128,12.655789602924,12.655789602924,15.5131251885775,18.2728157664839,18.4346417963041
"3297",6.99344803921873,5.23058156400353,4.72041589856129,5.4727572500065,33.7951482650698,12.2823723835335,3.65331132816117
"3298",6.98084078507968,3.61841710457622,5.26898930105535,4.56026491282097,23.5008838043112,4.64755443974361,5.048203422191
"3299",50.220940197015,14.0177278648611,5.17734719412292,5.13403255980572,5.07246120613822,24.2811507766749,10.2738028411067
"3300",3.66988265209869,8.22622436928941,6.1102897973148,8.23146474473447,5.05069681893692,5.05069681893692,10.1897383216858
"3301",3.44517372506193,5.4544960172268,5.4544960172268,5.51802133417116,3.44517372506193,3.44517372506193,5.4544960172268
"3302",37.2484355870189,20.0963886743458,46.4325881189771,27.968164860469,21.8811209523864,21.2537923089846,35.3033984503405
"3303",34.2695916726602,11.3661713266618,22.4683838990113,18.0863065131514,13.2036138224672,13.2557787794632,14.1148690236362
"3304",38.6835364004148,14.5930572408926,27.9130373463403,21.1864334313614,21.244435826077,21.2470610315926,19.5344370639118
"3305",64.5012503063792,18.3812208473862,43.8239517629456,30.237881452732,26.4091735955521,26.339500042332,30.2810104183441
"3306",26.9959461036049,14.5337206952951,26.9959461036049,20.3856610488257,20.960754770334,20.960754770334,18.7980212809611
"3307",6.84814400578813,9.27159518455856,6.59658300255795,6.48610212460078,6.63865239463706,6.63865239463705,8.80198570451904
"3308",18.4116653912432,18.1459204992273,18.0335675726441,18.4116653912432,18.3685194610439,18.4116653912432,18.4116653912432
"3309",4.26839573057025,10.5704983686627,7.96654535307374,4.52208051454278,4.52690400645052,8.17407814134581,11.5549192244637
"3310",10.6185981622219,10.8197564289731,10.7359438576078,10.5653926835326,10.5664928631698,10.5657674129628,10.8197564289731
"3311",4.52906789439253,4.52906789439253,4.52906789439253,4.52906789439253,4.55409648606423,4.46844639925917,4.52906789439253
"3312",40.8192537468117,17.7534074078063,13.0145691936538,13.4162613807674,12.7512729837729,17.7703763424432,15.3615937322132
"3313",4.74634843879732,4.74634843879732,4.74634843879732,4.74634843879732,4.74634843879732,4.95605325440203,4.74634843879732
"3314",7.15474331535967,7.15474331535967,7.21163188201945,7.15474331535967,7.15474331535967,7.15474331535967,7.15474331535967
"3315",14.5389033626186,4.98559744734876,4.69188774160951,4.52247591815271,4.61030848255681,7.1394031221427,3.44189392190894
"3316",176.367778971811,57.8440204501918,44.8271758789824,44.7834112068468,47.2893432795136,66.8008563787354,39.3875097715314
"3317",5.14320770737511,4.22072319235305,4.56800511881597,21.358588854081,8.23408898104897,3.87117926429802,4.06060939239358
"3318",5.56634919814955,5.64594012993346,5.56634919814955,16.1051930164,10.8723333965226,5.51470532751849,5.51470532751849
"3319",6.64607302354622,8.47954316108553,9.45947731006179,6.48799848852801,5.41327968968741,6.64607302354622,7.10432018521862
"3320",6.06053035789535,6.06053035789535,6.06053035789535,6.06053035789535,6.06053035789535,6.06053035789535,6.06053035789535
"3321",8.95716586458235,8.81599763203128,8.73853466480544,8.61876653925393,8.81632722502703,8.95205944632515,8.95205944632515
"3322",3.92998682283502,4.12119202239771,3.92998682283502,3.95665186682904,3.92998682283502,3.88928877288384,3.92998682283502
"3323",5.69583575036745,5.69583575036745,5.69583575036745,5.36563732341104,5.69583575036745,5.69583575036745,5.69583575036745
"3324",25.1398556247116,26.8688455448387,25.8806428746844,45.0884371992346,51.8389780121169,36.6228913092698,24.6990892290732
"3325",10.9611412130385,8.92063403999314,10.3720681921432,10.6716962169921,10.8537801207594,10.9836205558591,9.32549638751119
"3326",7.35533790339149,6.97425613954592,7.35558784459489,6.97722600424921,6.97722600424921,6.99881742939171,7.35836589159045
"3327",8.70773766267767,9.55434914861428,9.03666002486076,8.91556540402162,8.99660251620848,9.0607366118591,9.6526879684761
"3328",14.2572278922647,11.3621160953298,11.3621160953298,11.3621160953298,14.2342025817622,11.3621160953298,11.7483334840408
"3329",9.49081787821246,9.2919610592222,9.33355011268958,9.0244385713058,9.26835956144837,9.20365403808038,9.85007139588706
"3330",12.9306301063025,12.9477778110128,12.9306301063025,12.7687253338776,12.9284984106637,12.9306301063025,12.9306301063025
"3331",11.1072982100773,11.1072982100773,11.1072982100773,11.1072982100773,10.8521056696548,11.1072982100773,11.1593777790097
"3332",10.7132061480062,10.7132061480062,10.7132061480062,10.7132061480062,10.7132061480062,10.7132061480062,10.7132061480062
"3333",6.66859454511296,3.88292038758944,9.08413531817602,9.29293946552395,10.4143161987751,6.76187575534981,3.77212491074234
"3334",4.89105521188958,4.89105521188958,4.89105521188958,4.89105521188958,4.89105521188958,4.89105521188958,4.89105521188958
"3335",5.3056828958153,5.3056828958153,5.3056828958153,5.10411021418596,5.3056828958153,5.29369009732024,5.3056828958153
"3336",12.1604848985058,12.2674407292392,12.3403393719369,12.2334498743639,12.3803706367287,10.4305311984909,10.8574358195492
"3337",8.08685439362737,9.10070170847545,8.06122711748513,8.08685439362737,8.08685439362737,8.13411158529462,8.93579830390282
"3338",4.88141117029742,3.31074009789091,14.3471429579794,5.74961768148204,3.60834359934383,5.48732545070495,3.37551107402015
"3339",6.24685690737138,8.09894733951334,6.58428037229044,7.68469507800514,5.52799548531008,6.39957818475655,9.14954869770045
"3340",4.14306605538884,3.33075090748667,3.97216553419585,4.03605554379006,4.04574911893543,4.19783421477522,3.33075090748667
"3341",4.94138342582071,6.281036894692,5.00403632796307,4.99958547445384,5.1554645595235,4.9641848884491,6.1986259282727
"3342",4.81209455799595,3.84181188716104,4.81209455799595,4.95864686434974,4.81209455799595,4.82156970007298,3.84215108905672
"3343",7.03280789480186,7.03280789480186,7.03280789480186,7.03280789480186,7.03280789480186,7.03280789480186,7.03280789480186
"3344",5.43561302366027,5.53203363340774,5.43561302366027,5.43561302366027,5.43561302366028,5.43561302366027,5.43561302366027
"3345",10.2956345164049,10.2956345164049,10.2956345164049,10.2956345164049,10.2956345164049,10.2956345164049,10.2956345164049
"3346",3.60285448317383,3.90007200780849,3.90007200780849,3.97257870166241,3.62804490207637,3.90007200780849,3.90007200780849
"3347",5.65427144209435,5.23397613671613,5.23925953037963,5.92661541959956,5.71429822227478,4.93649421113423,5.60876391416203
"3348",6.45453321381547,6.28068891914922,6.43907321726416,6.44772550085186,6.60459284598106,6.61364890528967,10.8472113687899
"3349",7.40900101606381,8.92907464285231,7.40900101606381,7.34708511443739,7.40900101606381,7.40900101606381,8.87146920916029
"3350",7.86488361470923,7.96791274289158,7.68694762052547,7.96791274289158,7.96791274289154,7.96791274289154,7.96791274289154
"3351",2.49723315161037,3.08082421459934,2.69643321144408,2.92747467497389,2.34504817671301,2.68781291306877,2.68238372537806
"3352",7.09764517044006,7.11310411353075,5.22125245008151,5.22125245008151,5.61122739645541,6.3208127676316,6.10735152756128
"3353",7.99754509329169,8.00202953713263,7.93149877111007,7.98466390618015,8.02896205269456,7.8992373267718,8.00422802978043
"3354",21.70077691876,19.0954086972093,7.94033429883602,7.72944936624555,7.78115261155353,7.86238667872769,9.15183186072229
"3355",9.44149895412933,12.7596240411058,17.4644942035131,17.0777100671744,52.9493639105184,20.5263350532418,10.3137980449645
"3356",4.05542617541336,4.05542617541336,4.05542617541336,4.05542617541336,4.05542617541336,4.05542617541336,4.05542617541336
"3357",4.62422774032868,4.62422774032868,4.62422774032868,4.62422774032868,4.62422774032868,4.62422774032868,4.62422774032868
"3358",7.6117581200682,11.1704136244164,7.89844191352799,7.67701903647235,7.58936115807896,7.90984909765869,11.7309205846658
"3359",22.2139987292039,12.5398181401477,11.2055244466813,13.141681132006,12.4995770892206,14.838709179333,11.7020490473225
"3360",11.8409665434994,11.8409665434994,11.8409665434994,11.8409665434994,11.8409665434994,11.8409665434994,11.8409665434994
"3361",15.3606562344907,10.8211859639549,12.4581018756918,13.1782534982831,12.4581018756918,14.2092276438823,12.0150626315072
"3362",13.3263101504574,16.1359384992928,10.8310366375518,12.5621695709834,15.0056731237568,26.5940314892709,13.5767702534066
"3363",17.3005039448216,36.2722850579126,18.2020060396584,17.8066552114484,18.2417849390272,23.6698588331476,23.3559462065364
"3364",16.1458833447367,20.7813389046918,16.1458833447367,16.1458833447367,16.4570395129799,21.2233736961622,20.7813389046918
"3365",12.7387880309604,13.2438147304415,12.9790935312979,13.1554968232078,13.7126821099719,19.377304080024,15.161298520805
"3366",18.8371663911137,15.6563893690785,19.0348153889751,19.1859693456842,19.2636384463347,20.3662707119296,16.4712047593096
"3367",19.0565231634426,20.8055970341909,19.0565231634426,19.5556126914983,19.3587678502092,20.7926356572941,20.6097854658826
"3368",23.1603110093047,28.9415218543195,23.1603110093047,23.1603110093047,24.9014050153862,33.4193976365872,28.9532094845614
"3369",16.3074300082271,19.835907628906,14.7432163776105,16.426319593838,16.0135622979957,23.8630089193269,21.5992074629407
"3370",17.2249757864437,33.6573520376637,22.241360902451,16.187562106544,17.0629949922848,47.2602348408211,35.3709560320619
"3371",17.8948779701597,87.0090505874542,34.1754658120714,20.1107816287131,18.7454390104682,53.2019278876141,39.6460858069236
"3372",16.4845884627868,36.4845131276301,15.8346234945149,15.6239592181686,16.7055557646045,36.195676072672,26.9333638241121
"3373",21.7815278513915,27.1817352702694,26.9969159930563,22.7845255414064,25.8142925786686,32.364865210736,36.8686349080478
"3374",6.13620350003824,6.22628833334512,7.3057646499624,6.88132605636649,6.83811107212118,7.11887050881255,6.87060708421246
"3375",26.3828758595994,25.119267450571,26.3828758595994,26.5091855822503,27.3938722201171,49.642141111502,25.7020610802751
"3376",21.0320083399858,18.9142693343637,23.6246174137236,20.8436078584291,20.6694928340206,35.396627837318,22.1741718783225
"3377",29.7744675214221,26.676104156694,29.5745402135914,29.7855556361507,29.5745402135914,65.6205428622973,25.9370983950646
"3378",5.81436183582381,4.94730105916224,13.2430050981291,12.0567139714509,12.5593633350533,12.5593633350533,11.1639018706307
"3379",7.78464761725608,7.78464761725608,7.72103911786066,6.65099968872182,7.47784862021538,7.78464761725608,7.78464761725608
"3380",7.40783348913124,7.55797991649136,7.55797991649136,8.11058162346294,7.6570123608821,7.66818811288434,7.55797991649136
"3381",18.3358945194608,26.2593376071898,18.3358945194608,26.796880771889,24.0197253971029,33.6463738489271,26.2593376071898
"3382",12.9293708053374,21.5253906482308,13.4387724273963,12.6313353897047,14.1029732890223,21.7765050012098,22.8058630419108
"3383",168.974430257858,168.974430257858,168.974430257858,168.974430257858,168.974430257858,168.974430257858,168.974430257858
"3384",148.069387183152,148.069387183152,148.069387183152,148.274440421863,147.993974142637,147.859055643812,148.68217115425
"3385",392.359053027918,389.856923537437,392.359053027918,392.359053027918,392.359053027918,392.359053027918,392.359053027918
"3386",428.764508418534,428.66059038988,428.764508418534,428.764508418534,428.764508418534,428.764508418534,428.306109738389
"3387",357.82653369342,357.82653369342,357.82653369342,357.82653369342,357.82653369342,357.82653369342,357.82653369342
"3388",115.653723310552,116.202873686506,112.727383613356,115.653723310552,115.167806105544,115.653723310552,117.562903606426
"3389",143.999574677738,139.509038136244,139.509038136244,120.583390547001,139.509038136244,128.333565399054,143.696816011775
"3390",37.0207780355719,36.9631627513265,37.4950476661006,37.2467780116428,38.5691017711251,38.8162474751447,39.3196283406329
"3391",45.9144589992372,41.4254933525536,46.6585812312364,46.0927298959813,46.8281263411292,46.8281263411292,42.9173895484402
"3392",101.686007269576,99.9480916932014,100.680150256976,100.281803107797,100.680150256976,100.845487540245,101.565119843974
"3393",11.1884292998222,11.1227972458746,10.7347827954949,10.6900833369212,10.8846149610414,10.8293255591403,12.9834274626655
"3394",11.4928926926242,11.0755907695339,12.564453458725,14.0436502864063,12.600279737942,13.8381871103206,13.6415571200239
"3395",25.4653016463869,8.53852542981945,6.95863182079926,6.95863182079926,6.95863182079926,16.4050858961299,9.28768040132549
"3396",55.0991553417741,30.6696431051688,58.8050868633733,43.8571594602656,37.1763944162604,36.4075058437681,36.0725972529898
"3397",83.710080215031,30.7852778685032,70.5403344708104,38.5840210063861,32.3021704791861,31.8946027459828,58.646649899924
"3398",66.5441007087614,19.9406864861504,50.4016388073152,47.4884301899988,25.2880846630949,25.617369571587,33.6452449038241
"3399",5.40565277130577,6.27186463815904,5.41798568853684,5.41798568853684,5.41798568853684,5.41798568853684,6.27186463815904
"3400",14.3709165061523,14.5685067775152,14.8710249023371,14.3709165061523,14.6909624265342,14.4963768267506,14.3709165061523
"3401",5.14009329483714,4.6298013718311,5.98501594976739,5.98501594976739,5.14009329483714,5.14009329483714,5.14009329483714
"3402",5.86343578992505,4.15378612205714,5.64986127885301,5.68519673063183,5.82268515498161,5.57805747139529,4.84882030939386
"3403",11.7912198233119,12.0995370460078,12.1171942921478,11.2811341280899,11.3421475107823,10.0235476076236,11.5258425793948
"3404",3.85963234759467,3.85963234759467,3.80119309875766,3.82909997009976,3.88031437269182,3.85963234759467,3.85963234759467
"3405",9.02909708765031,9.02909708765031,7.82373834055708,6.42231796509579,6.34148229503378,6.34148229503378,6.30451886684899
"3406",6.89647318903832,5.47035744586137,6.76686442411868,7.62967617851347,18.5356260367941,15.5277953970242,11.2884964771854
"3407",14.2075306323926,14.2052620705039,14.2052620705039,14.2052620705039,28.2820682295134,26.0325118185161,26.0325118185161
"3408",22.3051968011417,22.3051968011417,22.3052038658905,22.30520729295,46.8837735185676,32.9841101437837,31.168753394572
"3409",13.0526005365375,10.0121998246841,13.0412878093195,13.481765715408,54.3732303826903,32.0111677296661,13.2358136565117
"3410",4.83296294062887,6.34169636064944,7.19018525284566,6.3859753824733,9.60377391359494,5.24974393683741,6.89260416768771
"3411",43.0323514368298,36.7462351532505,21.3212918086539,23.1980812866412,23.5646104658455,24.1005629616167,22.4097081753428
"3412",20.4937063996185,12.1322054682223,8.06177852419447,8.3415295894438,8.34152943906303,8.3415295894438,8.76671527049051
"3413",27.272899744652,26.5009571025115,17.8807009732355,17.8707039780085,18.1352887049205,18.4934228419381,18.0288385258842
"3414",15.6003923909523,23.9350342202198,6.64196857909556,6.76935638919603,6.61461270193338,6.77529224946193,15.8771126642176
"3415",26.2337076275534,15.2536941519879,15.4905408589873,19.2369537686583,17.8303278113515,18.6740801598582,16.0006125144421
"3416",5.63164910922693,5.62249502383657,8.26995043450902,6.37707508345457,6.65149388268649,6.32589554114027,6.0764332752144
"3417",263.318276268613,263.318276268613,263.318276268613,256.834197192358,263.318276268613,263.318276268613,268.53190629582
"3418",10.3169525995363,10.596732821198,11.4895196569686,20.3996187946238,25.1111841082754,20.3996187946238,10.3169525995363
"3419",8.54483257019079,14.6262152312149,14.6262152312149,8.54483257019079,9.01288130342049,8.54483257019079,8.69588396596057
"3420",15.3356250906172,7.55402116874445,10.6693415405627,10.3427857647279,22.657862312753,17.2645327455682,15.058225050916
"3421",3.84473231602931,6.57786981536709,6.77617077936304,6.38453826369056,6.40895713985348,3.74941869568096,6.41148588422551
"3422",21.1606637955613,27.569079002506,37.474848920958,40.2395771823146,128.572857851199,77.7265218641037,31.3188807821535
"3423",18.0821593535791,19.9274248185847,22.7801513633269,23.0558406889203,62.0913592613728,54.8712311105751,34.7990856364166
"3424",19.5835022790997,25.0440871597907,29.774929111071,29.774929111071,62.4950888079252,62.7924802047246,35.2951390769172
"3425",16.5887668152294,22.0355086613368,20.8588218436238,22.1386710893882,51.5500573205306,51.5500573205306,39.1136976329419
"3426",18.5848132701663,20.5728985502102,22.2516954737605,22.2516954737605,37.1075000569801,37.7424803724101,28.3898906936773
"3427",12.8216981399134,18.6047378530648,21.0776473394688,21.0776471739578,48.7149949728813,49.7120929428395,35.1774118410499
"3428",9.62948657469387,11.7878709729225,5.04992183954875,5.10210836893741,4.91680220437728,5.35075676112809,6.6642859134289
"3429",12.7192292593477,12.7192292593477,12.7192292593477,12.7192292593477,12.7192292593477,12.7192292593477,12.7192292593477
"3430",17.6404169154204,17.6404169154204,17.6404169154204,17.6404169154204,17.6404169154204,17.1783766682681,16.1247063109634
"3431",7.62189186169297,7.62189186169297,12.1232022935417,9.69475397637852,7.62189186169297,7.62189186169297,7.62189186169297
"3432",18.8940662890503,19.1382391228211,18.9453004908173,14.6084226073397,14.8466055152871,19.1382391228211,19.1382391228211
"3433",67.2604093843009,38.5587661919105,44.9921101903475,97.3771335876062,51.1944165092355,40.9940918051798,41.3784258066256
"3434",63.3131587515056,63.3131587515056,63.3131587515056,63.3131587515056,63.3131587515056,63.3131587515056,63.3131587515056
"3435",6.45410891548937,6.4528983449437,6.45410891548937,6.43230450359977,6.4216922504384,6.45410891548937,6.3114777910453
"3436",44.4401084478082,23.6793913647911,31.4030453918827,58.3078747281701,41.1639288952736,29.3428709646017,26.8424007139467
"3437",53.6946852245731,50.8330351493201,50.8330351493201,53.6946852245731,53.6946852245731,50.8330351493201,50.8330351493201
"3438",56.468725440518,31.856959696557,42.5596866599117,57.3141390482825,50.5967142744301,36.9831884724085,36.636654382244
"3439",39.6851913886136,32.2767122802739,32.1751093382564,39.3440874029317,39.6851913886136,32.6440339278009,32.2767122802739
"3440",70.6939925073683,36.410988747861,48.4737372559219,108.511054118052,69.4094040520834,41.4305361238603,43.0193692612713
"3441",49.6336618203865,34.0299437568437,36.9932883289359,60.5605028888631,53.8656563274532,39.0877945285746,38.5234097927108
"3442",8.56065035644517,9.14611398856947,8.8799480221322,8.21048807526174,8.56065035644517,8.0820215924811,8.56065035644517
"3443",61.6437636381537,29.3946686094415,36.5237025144583,90.7543981460674,60.3418376857031,35.7873683384883,28.2788386182059
"3444",70.7612203931712,47.5975976027064,58.8801014024653,70.6050398710321,70.7612203931712,58.8791811639601,47.7021564628542
"3445",55.5791565980577,37.1402540757552,42.1333406243304,66.3467819233611,55.171589888984,42.1333406243304,37.6329600321984
"3446",64.1498579056922,42.0532981180293,50.3873926144135,58.3118055650477,63.90420447741,49.3404649137859,44.883857836785
"3447",7.02970101790459,6.37061612840444,6.19196558408599,7.02970104096104,6.53854682619235,7.37025515645555,6.1742727149709
"3448",32.245196089997,17.7229461219637,21.1049530249559,34.1154674854358,28.7515526131001,21.4960983378811,23.3884537950588
"3449",74.5919371909529,42.5808381701918,54.9563573613557,64.9918220207443,68.8141779449663,48.6839062899372,44.2573702624528
"3450",33.0136393310358,22.3561097979167,21.9857698662045,44.4451240446872,25.5878092868143,20.5093902702027,22.3561097979167
"3451",41.5680327824707,30.2852739602241,39.8838114465362,53.1402430596476,42.4929301118726,36.7886051448799,33.950048143177
"3452",14.2982998897414,16.9939101035063,14.4822407593345,14.4241050980826,15.9265025271226,17.7295787848887,17.5282000415842
"3453",5.66772579174261,6.02562223244761,6.46115271299219,6.4611527129922,8.9485790609866,8.9485790609866,6.54117555003341
"3454",3.23016617772777,3.23016617772777,3.27339002044752,3.27273338110401,3.83788760173348,3.81726115827167,3.20622148461926
"3455",9.16217941469189,9.30347543471376,8.65791600491723,8.79232636506224,9.87283772337944,10.7362142282985,9.38822705295678
"3456",9.27309621723115,9.59203357312841,8.69979723231584,9.37383626704028,12.6957431180156,12.6739075484709,14.77014686144
"3457",41.0625437244039,44.371157168449,37.2120314034311,38.9029680360099,37.1873485811762,37.2515041151697,37.4290342251339
"3458",32.8101298005472,32.367951026887,31.9310216309949,31.7581222475986,31.1130437295007,30.8342449720985,31.3133045676853
"3459",137.166536702747,138.834324745606,141.222278849887,140.227904811678,137.816047312602,141.865322746383,135.860505870627
"3460",145.10097482629,145.637058686904,145.770180175206,145.424110357962,145.424110357962,145.181794025188,143.986993196229
"3461",14.4291037809663,15.0027932158657,15.2877786032671,15.8773055448336,15.7448715497906,15.8239548554651,15.1622434669276
"3462",305.06853308026,305.280730837091,305.06853308026,305.06853308026,305.06853308026,305.777648651528,306.554055174047
"3463",43.5722893598945,43.3476628842301,43.6724916740556,43.3358776654222,43.0607416252339,43.2110359779421,41.7009078282
"3464",49.1012408815882,48.1181056111488,49.1338773469274,48.8929230595417,48.8969655853451,48.8882355629372,48.5148150139658
"3465",50.9540146150821,50.9540146150821,50.9540146150821,50.9540146150821,50.9540146150821,50.9741264031966,51.0494726595296
"3466",206.671283576587,206.671283576587,206.671283576587,206.38476645679,206.671283576587,206.671283576587,205.33711051745
"3467",341.113021596425,341.113021596425,340.120140170971,340.567314592386,340.696948450182,339.38082418134,340.880836762049
"3468",40.1772834834621,41.4191929157105,41.0465422171988,39.8156350206268,40.1873554560391,39.6033637078676,41.7317276957181
"3469",4.42473562617375,4.34802455516158,3.92919918762035,4.14627637738235,3.9616270619861,3.83881391461911,5.07113814437831
"3470",3.33302686340102,3.30175095678193,3.35706478153707,3.33557734566175,3.37473601545968,3.36563680789101,3.39759356877338
"3471",5.51217126342166,5.49078628916665,5.51217126342166,5.48941534525453,5.51217126342166,5.51217126342166,5.51217126342166
"3472",12.1258984064587,15.7862937231658,9.95708295367363,6.6515395449327,6.81260849997116,6.8038543063241,16.6742900008755
"3473",6.869633363916,7.08406964762387,7.08406964762387,7.08406964762387,7.08406964762387,7.08406964762387,6.8814590103602
"3474",7.22676698383045,5.57731140843033,7.19159876392458,7.10715696456037,7.22691142962836,7.14500678644147,5.47550973959498
"3475",8.54058439790201,8.54058439790201,8.66087496487393,8.54058439790201,8.11325894526733,8.40043486528009,8.54058439790201
"3476",15.8851720194262,16.1967993528653,16.1967993528653,16.1967993528653,16.1967993528653,16.1967993528653,16.1967993528653
"3477",10.3500270448376,7.78362900784536,10.8100225067168,10.4535207772525,10.7469181612171,13.3414213902336,9.79935485876197
"3478",25.6015987269387,27.0631161553546,23.7252424508071,20.1965322780935,20.8807978969334,18.7965959885022,19.5176416720578
"3479",9.45913824501822,9.45913824501822,8.78704649482335,7.55202488882537,8.66021616549365,7.10662316060895,7.18711595034681
"3480",14.1201609118585,14.1536289083747,15.0216625902656,14.8388432232044,15.0216625902656,15.0216625902656,14.4974296643849
"3481",5.74128927207887,5.11963442969809,6.04041836238326,5.45519458359753,5.29473186507431,5.67695023510533,5.11900941437666
"3482",10.930927359619,10.9847354025647,11.0999848914622,11.0077750887213,11.0999848914622,11.0999848914622,11.0999848914622
"3483",8.18888120178463,10.3766444391983,8.59943588497004,8.20138308414707,6.34880488893818,6.76010748824947,5.46873828290718
"3484",12.2719323210963,14.4618448944523,12.9473696898925,13.4565813758693,14.0528563478755,12.0598662438935,13.554470632529
"3485",6.98722526133105,7.55532801715007,6.02784414891721,4.15945954533168,7.1854077236252,6.96678943576072,6.72035782294737
"3486",9.16455731801988,8.92457170972366,8.27908269335948,9.16455731801988,9.16455731801988,9.16455731801988,9.68111156266864
"3487",5.02117979075355,5.02117979075355,5.02117979075355,5.02117979075355,5.02117979075355,5.02117979075355,5.02117979075355
"3488",10.0529527145877,12.7529840626612,6.98298734881612,11.6524968096797,9.1379551770047,4.33040048901,5.54176856037687
"3489",24.907931276523,23.6764225080528,24.907931276523,23.2798033102073,23.2798033102073,23.2798033102073,23.6764225080528
"3490",17.9670573878747,18.5425489877401,14.4570608850613,15.3449503107136,33.3503951548785,23.8240906087402,24.9367966336353
"3491",24.6638727118867,22.8227247177428,22.7137147905166,22.4890974843159,22.5688781949241,25.0003377507274,22.8342356524033
"3492",25.8388010639613,26.1211533888633,26.2141256390146,27.610313684769,27.2565425955553,26.5831746951072,27.1785066498793
"3493",9.46900705633961,9.46900705633961,9.46900705633961,9.36439942497151,9.46900705633961,9.46900705633961,9.46900705633961
"3494",35.3660990567281,40.2020130757775,36.2848039593704,29.1435154605217,27.7835252930325,28.6293336899968,30.9281803487601
"3495",45.6155669896711,51.9214007688232,34.5007222009476,36.690551894871,70.4190707805304,52.7727756013642,65.4273875896515
"3496",9.5735116631358,9.5735116631358,9.66428640907007,9.5735116631358,9.16309410270653,9.5735116631358,9.5735116631358
"3497",7.33599727149922,7.33599727149922,7.33599727149922,7.33599727149922,7.33599727149922,7.33599727149922,7.33599727149922
"3498",5.19148214096947,6.39521252855346,5.17559412064229,5.30005777169612,5.02493540023646,5.24050741817876,5.79028005044997
"3499",5.59163439874942,5.47897816956886,5.59163438657255,5.5916343941263,4.86035462541663,5.59163441252113,5.28807153138823
"3500",8.7170084650837,9.84950254498857,8.43458424174856,8.38615147190036,8.37951068763599,8.77272973113513,11.5363527414987
"3501",10.4960085088952,8.46851156412132,10.698064922495,10.9594814926676,10.6728355395355,11.2924390666317,8.92321723558132
"3502",8.73672054932578,11.8152104221204,8.86509227100616,9.00394896780828,9.13582471559539,9.59207380506971,10.8010398622313
"3503",52.4312664019737,64.9350871819755,65.0914001787854,67.5008342050557,32.243966739097,62.389011551698,68.3701098718866
"3504",11.9492473694255,11.524486666765,11.7858215444459,11.8121565854719,10.6578217499767,10.9396422219006,11.4134662531289
"3505",13.4297092750877,13.4500300319194,13.4313244472333,13.36345983674,13.5008582786965,13.0186069498799,13.3730050896742
"3506",22.5078819907149,29.0598497926183,31.409985789212,32.2971262833624,13.7498559924303,31.3284084415987,32.8272528490443
"3507",7.54816665246804,7.54816665246804,7.54816665246804,7.54816665246804,7.54816665246804,7.54816665246804,7.54816665246804
"3508",6.19205571627727,6.19205571627727,6.19205571627727,6.19205571627727,6.19205571627727,6.19205571627727,6.19205571627727
"3509",6.70113358978049,6.5431184668672,6.52428863667977,6.58228492794786,6.53976627496636,6.60423161357819,6.80106865087109
"3510",6.03506935296561,4.59561292371614,6.02303340953368,6.00228701650097,6.00479766628235,6.0339728574901,4.69703896356751
"3511",7.45154932499879,6.9297397006582,6.99024660036807,7.7227586406642,6.70999690211306,7.13655960481048,7.23708090472307
"3512",5.34116831541997,4.79716045476399,5.43318054881005,5.48293019335866,5.52713380070481,5.58906780278411,4.81464611491739
"3513",5.08502537531831,5.26320295384261,5.05801872169073,4.95147055051137,6.23258464235649,5.48664408647424,6.45282692945916
"3514",7.55606739487104,7.3807396877762,7.49404350302031,7.63378511559231,7.54846723843801,11.8281093804541,7.90685078180719
"3515",19.6772610780036,19.0560270765548,19.6772610780036,19.6772610780036,19.6772610780036,19.6772610780036,19.6772610780036
"3516",31.6812602960166,31.8151409687785,31.8151409687785,31.8151346747136,31.8148976181794,32.1150172227974,32.2290912498777
"3517",33.0337021231885,32.7183938374503,31.7449639069791,32.171420328857,32.0031796292923,32.4725193846813,32.7962094025264
"3518",25.5789517583262,25.5789517583262,23.1677210512774,25.8830187592657,23.9330403555554,24.1911680713773,24.524484060246
"3519",9.2205112798835,9.2205112798835,9.17022484252601,9.2205112798835,9.2205112798835,9.2205112798835,9.2205112798835
"3520",27.5904684610185,26.4382073342878,27.3857546387502,28.8495119710131,28.8495119710131,28.5236633086345,28.0975357621521
"3521",9.19107744509901,9.19107744509901,9.19107744509901,9.19107744509901,9.3468516372001,9.19107744509901,9.19107744509901
"3522",5.46615951983864,5.4344328198872,5.3790310128419,5.3790310128419,7.41302240404647,5.3790310128419,5.3790310128419
"3523",7.94721687330245,10.1853562141277,9.79327344920102,9.89707066796023,9.85240013646884,10.2324835002656,12.1128539246501
"3524",5.90782623898228,5.90782623898228,5.90782623898228,5.49878494664417,5.90782623898228,5.90782623898228,5.46888933715385
"3525",43.9859388573493,42.8247891177742,31.7596376363756,41.9411915193676,77.0375895213627,60.0312161319387,65.3107470742458
"3526",7.1719228631893,7.1719228631893,7.1719228631893,7.1719228631893,7.03430155837094,7.36138451500294,7.1719228631893
"3527",7.13449120556656,7.13794114397127,7.13449120556656,7.13449120556656,7.13449120556656,7.13449120556656,7.13449120556656
"3528",7.8213409277127,9.18125683409292,8.00567193312722,7.76523822324465,7.9606417959214,7.82436779764027,9.43267613850264
"3529",16.7501340517157,35.2789747966231,27.3036104780347,31.0415848695269,19.5949506897694,16.9980872028005,28.9280403495033
"3530",16.2176062152644,18.6900981963426,16.4153055685804,16.8828553813825,17.3941067218412,17.3941067218412,19.0222730215289
"3531",10.6933876154131,9.97857771853414,9.47752387396756,10.6933876154131,10.6933876154131,10.6933876154131,9.97857771853414
"3532",4.32614458564891,4.32614458564891,4.32614458564891,4.32614458564891,4.32614458564891,4.32614458564891,4.32614458564891
"3533",7.41478724800701,7.41478724800701,7.41478724800701,7.41478724800701,7.14114536531679,7.41478724800701,7.34975788817733
"3534",7.12206490603262,6.9198984318707,7.12206490603262,7.46245332350067,8.0991986934038,7.12206490603262,7.62620878066763
"3535",11.25195452755,10.5384931413544,9.28745582914142,9.61323206800197,9.52775635815119,10.8965873737371,12.013012818499
"3536",9.00560891750813,9.00560891750813,9.00560891750813,9.00560891750813,9.00560891750813,9.00560891750813,9.00560891750813
"3537",19.2712010497867,17.9434735481609,17.374033052815,12.9572706584516,17.463581095135,13.6747317589126,19.218970671627
"3538",24.5009639264695,24.5009521166077,23.9658583871096,20.1784274009554,24.1054992525129,22.2403539918198,25.3863516471924
"3539",8.58336248805381,10.0835944268636,9.51087141106505,9.37164729523927,9.50293780521432,9.44468533791706,9.96377768981084
"3540",11.0917201026327,11.0917201026327,11.0546819322637,11.0379967892045,10.956772765314,11.328026301306,11.0917201026327
"3541",15.9610541070963,17.2042026610265,16.8022935484555,16.9730572362412,16.8978589826814,16.9279975475255,16.433268396329
"3542",10.2701035572523,10.0860202449096,10.0860202449096,10.0860202449096,10.0860202449096,10.0860202449096,10.0860202449096
"3543",8.61378661860044,8.48481542995788,8.4581490450443,8.45570429700054,8.44650999551517,8.44818071891495,8.41990746458343
"3544",5.28103275686034,5.98353208560072,4.94205324129103,5.32813634457775,4.98125189981793,5.17521566402139,6.94573097959439
"3545",4.60304349559415,4.60304349559415,4.60304349559415,4.60304349559415,4.60304349559415,4.60304349559415,4.60304349559415
"3546",5.34342511750021,5.08754699075256,5.31697676653771,5.77229166013504,5.6192137902337,5.9416037471758,5.6192137902337
"3547",14.207915796563,13.2027462715946,13.2678400349148,13.2674062372749,13.3211862432999,13.3168078925211,14.583495545812
"3548",10.3664866419743,10.2434098590203,10.3126644936929,10.3664866419743,10.3664866419743,10.3664866419743,10.3664866419743
"3549",14.4318738159011,16.6005514465753,14.4491565232858,14.5323647226184,14.5574579833072,14.7099813466432,15.8874533762858
"3550",10.054882713911,8.22195184035064,8.07832113489208,8.07832113489208,8.07832113489208,8.07832113489208,10.2483683914649
"3551",22.8590280704357,18.4537812030127,22.3313426515456,22.3313426515456,22.3313426515456,22.3355371759503,19.2588297355971
"3552",13.7967386637018,12.7690257350847,12.7690257350847,12.7690257350847,12.7690257350847,12.7690257350847,13.0087083637514
"3553",15.1513895633065,15.1513895633065,15.1513895633065,15.1513895633065,15.1513895633065,15.1513895633065,15.1513895633065
"3554",9.89766381249287,6.19474657048296,9.04985528749321,8.78931306195333,8.35034279657001,8.2271390720893,6.23252315962594
"3555",15.3469062596556,14.6057707250674,14.6057707250674,15.0293217663754,14.6057707250674,14.6057707250674,14.9360649887291
"3556",14.7710226560332,14.2932311449281,14.063484788464,14.7710226560332,14.7710226560332,14.7710226560332,14.7710226560332
"3557",13.6663018818796,14.0467003146508,11.1641078741976,13.1442599997753,12.0865221768329,11.5258084417666,15.4825591235003
"3558",14.6974378629739,11.996742056405,11.9918045766374,12.0099013402236,11.996742056405,11.996742056405,11.9967420564049
"3559",12.2792746260436,10.7194314915638,10.7194314915638,10.7194314915638,10.7194314915638,10.7194314915638,10.7194314915638
"3560",14.3922657647009,14.3922657647009,14.4617383997235,14.3922657647009,14.3922657647009,14.3922657647009,14.3922657647009
"3561",17.4289338702698,14.8832466403762,16.8939816431271,15.8994674552536,15.4580007406579,14.6977795835965,14.2600301793901
"3562",9.01199636749478,8.68374751381106,9.00644104254443,8.89219775304692,8.76705869976557,8.89219775304692,8.89219775304692
"3563",7.50203302066663,7.50203302066663,7.50203302066663,7.86444176553629,7.50203302066663,7.50203302066663,7.18773407828841
"3564",12.0223521790883,12.0223521790883,12.0521156505025,12.0223521790883,12.0223521790883,12.0223521790883,12.0223521790883
"3565",16.4727045764656,16.4727045764656,16.4727045764656,16.4727045764656,16.4727045764656,16.4727045764656,16.4727045764656
"3566",9.37722740796285,9.27163748351596,8.60289928191484,8.74245902804873,8.98267107922082,9.37722740796285,9.37722740796285
"3567",11.2770988647398,9.12862957557125,10.4658364512487,10.4884217868257,10.6204178182805,10.5309731228914,9.7905274618041
"3568",9.45061806307979,8.43499946803258,8.00966220007104,7.67238166311524,7.38774022788181,7.38774022788182,7.46041580409527
"3569",16.196443884659,16.196443884659,16.196443884659,15.9738923619704,16.196443884659,16.196443884659,16.196443884659
"3570",4.58018786824041,2.00863206928413,5.12401220963449,3.86523734372147,7.02900077567543,4.63098932571603,6.02116822746133
"3571",16.1316988173508,17.1034220230543,15.0971694396836,15.3394702031523,17.168755761307,15.2248581240277,21.7063500585039
"3572",21.3987785873793,18.0727357281955,18.2164907248374,18.0727357281955,18.0719735177897,18.0727357281955,18.0727357281955
"3573",21.4453426684242,20.8338788799842,20.8338788799842,20.8338788799842,20.8338788799842,20.8338788799842,20.9803179801086
"3574",31.053624100101,31.1289284142645,31.053624100101,31.0342631280416,31.053624100101,31.053624100101,31.053624100101
"3575",24.0752846020074,21.8757205935147,21.9035296595348,22.0097273375227,22.5713153836513,22.6912717305453,21.1135211427094
"3576",28.739094124647,28.739094124647,28.589705193154,28.739094124647,28.739094124647,28.739094124647,28.739094124647
"3577",27.6392674763685,27.6392674763685,27.6392674763685,27.6392674763685,27.6392674763685,27.6392674763685,27.6392674763685
"3578",24.0021147980588,19.6083435543337,20.3246401841529,20.4631336393395,20.573586387701,20.2268378036798,20.7375476335555
"3579",26.6983098016226,23.8427952262703,23.4404665681198,24.1907649181554,23.4404665681198,23.4404665681198,25.2758667499294
"3580",21.8764535695361,18.6235402868646,18.4990740553111,18.4990740553111,18.5921268113634,18.4990740553111,20.9605570928424
"3581",26.0160233145368,26.0160233145368,26.0160233145368,26.0160233145368,26.0160233145368,26.0160233145368,26.0160233145368
"3582",21.8203607798391,20.1982384728831,20.1982384728831,20.1982384728831,20.1982384728831,20.1982384728831,20.4529337143309
"3583",22.7108217206191,16.0449651771397,22.4481060794429,19.5833970643572,21.0170137009813,21.4127273153013,16.3028626630894
"3584",24.0253719913192,22.667127262612,22.9044810893173,22.7123623716989,22.667127262612,22.667127262612,22.6467681424138
"3585",23.1212527657365,21.1128998766621,21.1128998766621,21.1128998766621,21.1128998766621,21.7845942211117,22.1434085204919
"3586",22.6609586982613,22.0938547641484,20.7755252100332,20.9241254160111,20.9241254160111,20.924125416011,24.0228916549795
"3587",25.8126125410012,23.1052096955966,23.4512923621973,23.4512923621973,23.5532115914245,23.29608187518,24.0057629791007
"3588",3.63430349003973,3.63430349003973,5.06661380102287,3.64755653684738,3.63430349003973,3.63430349003973,5.05800279974044
"3589",4.02014150962545,4.02014150962545,4.02014150962545,4.02014150962545,3.99823099414894,4.02014150962545,4.02014150962545
"3590",4.22360637731219,3.15113053521322,4.49324695769363,5.30332860106855,4.55002772963594,4.49324695769363,3.46835365928292
"3591",9.31743999566522,6.01671648696957,6.27981001151004,6.27639696260559,6.26912245317418,6.24855402770695,6.86414171286705
"3592",4.5143270925123,4.49071047044916,4.62433333002296,4.5143270925123,4.64815363978212,4.5143270925123,4.5143270925123
"3593",14.9831136969699,10.7600287861405,10.5128328863608,11.2494451643445,10.976124473318,10.8010276881243,13.1825665369818
"3594",15.4470228816332,15.4470228816332,15.4470228816332,15.4470228816332,15.4470228816332,14.7223528834312,15.4470228816332
"3595",14.2096664559466,12.966186338091,12.966186338091,12.966186338091,12.966186338091,12.966186338091,13.1773718916501
"3596",34.2592354922625,39.0488102452188,34.2592354922625,34.2592354922625,34.2592354922625,38.4525860514716,34.2592354922625
"3597",31.6497163924701,26.4394238990115,31.681877558844,29.9615292959079,29.9181042907709,29.9526004018947,24.5740625569868
"3598",24.5480883616083,30.0324121859567,29.466770925762,20.5303920066235,21.0275597047112,21.0275597047112,20.833708065891
"3599",25.0457488766896,31.3981778259788,28.6387744476132,23.931811362929,25.3304322951699,23.931811362929,23.4026331274421
"3600",26.9025101766058,30.8136863439394,30.6314181346877,24.1740791042503,23.507228029465,24.0165086477712,24.5846968448414
"3601",18.4215337649879,24.961918672244,24.0474865921045,18.8170669346005,18.9450071723767,17.1369796906633,18.6311995612128
"3602",40.3697342406212,49.1694686370561,39.2758223837513,32.7176111135891,36.63553659464,36.6389965294876,36.9682258466077
"3603",21.5619282075889,24.3010658404718,20.6835850274683,15.101396574699,16.0066044164319,14.4360125686682,16.0066044164319
"3604",39.1414339108034,43.5621732310544,41.9848816088565,38.5271239088718,38.5271239088718,38.5271239088718,38.5271239088717
"3605",21.8188850336573,20.9773496119915,30.1894405033679,23.7082299305507,17.7759097894176,17.821076659182,12.8355557325779
"3606",16.7576286828206,14.4226643596509,21.0231383514478,15.7202540392466,13.8713022719478,13.5622545542299,9.54444981969958
"3607",22.5443000884724,28.1844377563457,25.8756050440859,23.2221880287998,22.9631956672818,22.4599178980633,20.7110567055353
"3608",13.6300503459291,11.3074081363212,16.3334975147791,15.4189994191168,12.3394316936837,14.356342013339,8.51521097970535
"3609",15.3054572914053,18.2034434585443,24.520136472904,19.7335268403237,15.7957541699697,15.2720531817748,12.3545472627084
"3610",30.3261584269726,27.6978505568393,34.2895335954553,28.6989030537117,27.9961751355358,27.9961751355358,24.1088720109991
"3611",16.9123348685817,14.1486779800612,21.1614511572633,19.3432202154573,18.1175075609435,17.0247955927366,12.8193234116156
"3612",26.6708077258542,26.6708077258542,26.6708077258542,25.6047386861197,26.0946393008679,26.6708077258542,26.6708077258542
"3613",20.6709536097913,21.6292114878016,21.4903436572355,18.5775427745548,18.3653449790771,17.8110139219053,16.3755290903295
"3614",15.7249239988676,13.896847245932,17.5901888870378,16.1988580218634,15.6357604758668,16.2289344867862,16.762016810592
"3615",11.7077918524317,6.80364925439354,10.4306307356147,7.54663532964265,10.2142232684501,7.82563591865632,8.65771249401004
"3616",25.2383940273575,25.1532827642866,25.1544599098323,25.1447652439538,24.9484212364318,24.8334649023865,23.9688708047496
"3617",32.3344766744172,32.9034887513727,41.5077466217032,40.580266488444,29.3017218590398,42.0950981020323,36.9455673913336
"3618",90.3593190000232,100.560244735309,124.231349044883,124.359571002735,95.5169388659756,124.1134215464,117.88315329291
"3619",101.547435803666,105.070063699079,126.873260658326,121.365006000286,99.548468081485,132.918170801161,108.091057531325
"3620",51.0808250079295,58.2099872907679,65.7022834707085,68.9168315238248,51.3198569470046,67.2332412305495,68.7311629986231
"3621",91.7574360333743,94.7334015816797,103.633464888802,104.794032336737,85.6955459002393,104.402232168184,99.9491748737819
"3622",56.4773736894133,57.8412340495046,73.6339352094643,73.8459647422623,57.2645606583044,82.3148301317201,72.6454555717933
"3623",60.439846026177,70.1045952131764,83.6856299920392,84.8970010493789,67.1713892078663,85.3272804540683,85.3272804540683
"3624",24.6425582109051,26.1174245172359,33.6356837987064,34.6816153191905,26.6901419100797,31.9176748848533,36.7695263205357
"3625",50.5160175675735,50.5160175675735,50.5160175675735,50.5160175675735,50.5160175675735,50.5160175675735,50.5160175675735
"3626",69.8561197771846,77.9635095564558,86.1753788064811,86.8704845526241,69.8561197771846,86.8704845526241,86.8704845526241
"3627",21.6993431079072,22.8655717460758,31.649765688984,33.8111140426691,25.7256277227136,28.9377904784494,29.7190722314891
"3628",81.6616513554965,84.4998240718135,87.5441373268917,87.617685053069,81.9869541393195,87.617685053069,87.5647070639162
"3629",51.2898762678388,46.6461617172055,61.331338820631,61.3837887890618,58.9376975680885,64.9524176147877,58.7346419334305
"3630",39.3763307389672,39.365433585504,55.0435357700263,54.2727747253678,39.2680273045897,55.3975066534404,50.1504086666693
"3631",41.0133747270413,45.7095156717762,47.018758135292,46.4537302522135,31.9173280832388,48.3456319180581,43.1034140251127
"3632",33.0458135787993,35.303171978119,41.3130774950628,40.7602729795345,28.8449886274251,43.4719573633068,33.4513089140572
"3633",11.9335456091736,12.697108896893,14.4140657883219,14.9814749635428,11.9335456091736,14.9814749635428,14.1031104356736
"3634",22.7106146035441,20.6955604373478,31.6820873372822,32.3190787486419,22.8779201821401,31.5617717659232,24.7379879481805
"3635",26.5918583581282,31.9702550280101,35.0282816978476,35.0282816978476,26.5918583581282,35.0282816978476,35.0282816978476
"3636",23.4987682169889,27.0723597707815,30.3797331936292,30.1775229542198,23.4858119799262,30.3797331936292,30.3864721419694
"3637",24.4852639171289,20.5767926389634,22.1734953380083,22.4938786917579,22.4545167174172,22.3843398389598,21.4606330325656
"3638",9.33480172362192,8.35372568164911,9.32708608908877,9.50323474316762,9.23869413347562,9.65086821308691,9.31904461810658
"3639",10.0109396859782,9.32170253000444,10.0109396859782,9.24159557258899,10.0109396859782,10.0109396859782,10.489183067718
"3640",20.938092552968,21.711924871768,28.6198192607102,33.3565303809872,20.7920014072769,35.0087234253409,31.8837661872163
"3641",14.2911923770078,16.3319400742419,21.1598717901654,23.7291154047848,17.8435061766383,24.9328265284992,25.7491426404392
"3642",25.6660247564227,22.2739522715762,37.4313127947744,42.1613209322479,32.5950239133064,41.2125184503548,33.5799496298291
"3643",42.00651264074,48.0103178098523,56.3825745603706,56.3825745603706,42.0065126407401,56.3825745603706,56.3825745603706
"3644",27.3497743764614,31.8833246481477,41.2470674157965,43.125984688596,29.6875748148561,39.525662152746,42.0734442488165
"3645",40.8108742848078,45.4715996210289,53.5281870585224,56.037772350724,42.7032786166079,62.937685238027,61.1060724707257
"3646",21.9722227279507,21.9925738356653,26.4071249532726,30.0732117357298,21.993002436386,30.0732117357298,25.9977157803761
"3647",35.978642321635,38.8018801983621,49.749905376506,47.5757586297279,32.1586830050028,53.3909193790597,42.1222158549669
"3648",37.9185556805204,45.7946233486274,55.4289355333604,53.3962547636716,35.1135151792411,57.066800487378,55.849470058851
"3649",38.3151615642895,40.5747005564349,50.0280491036085,49.8576445254611,37.8695239173877,52.4050996589038,46.0401128962065
"3650",45.7224569981563,50.7021096715227,55.5579321550388,54.2592651541506,40.9700325637804,57.3185448291341,52.0096331154224
"3651",22.0598106110106,20.1135982441313,28.5666457298768,29.2962222183612,22.3973121916038,29.6833011511133,24.0778272334931
"3652",29.0682449034254,32.1986118548379,34.2035796604061,35.0532553048888,29.0682449034254,35.0532553048888,35.0532553048888
"3653",25.0345383477404,21.3186225753568,30.1110048763536,33.6890064098199,29.8993055261382,30.9900983522884,27.3926939145754
"3654",13.4223091105042,13.4223091105042,13.4223091105042,13.4223091105042,13.4223091105042,13.4223091105042,13.4223091105042
"3655",65.9735533301997,65.9964442945724,65.6814998507364,66.5905232495355,67.2128361135614,69.7511865336274,70.3453996927123
"3656",31.6875405077558,34.0966946824989,30.7315390463911,33.0304017074164,34.1657198091812,34.1657198091812,35.5104509325149
"3657",413.565360516436,403.399816687226,419.542723357671,450.914787405534,451.841586701426,400.682337637082,400.682337637082
"3658",35.1062530785802,35.1062530785802,35.1062530785802,35.1062530785802,35.1062530785802,35.1062530785802,35.1062530785802
"3659",49.191992562245,49.191992562245,49.191992562245,49.191992562245,49.191992562245,49.191992562245,50.6189552052872
"3660",846.841676149755,839.923215206099,854.155721493164,907.07608458737,969.442015903751,945.423584653688,945.423584653688
"3661",32.0364125320074,28.6217638093802,32.1883780983325,32.3827046213404,30.2499308715725,31.1730470992373,27.9572940425961
"3662",30.9568589519073,31.7988024297555,29.2375400054988,30.1298440316263,30.1738990998075,30.9568589519073,34.1429982058946
"3663",30.9174527549965,30.7357646789245,30.9174527549965,30.9164575832556,30.9174527549965,25.0347124997462,25.0347124997462
"3664",60.1862891056615,62.4197912956972,60.1114807798693,60.1862891056615,60.1607870990217,60.1862891056615,55.2874247955368
"3665",155.260852848191,159.987945385691,163.040077332558,163.352214043417,162.348789078328,129.620953965088,108.505013081962
"3666",46.4411867982885,46.4411867982885,44.0470009293964,46.4411867982885,46.4411867982885,46.4411867982885,46.4411867982885
"3667",303.969068087523,300.615365421579,303.196813812103,317.310013382397,330.843578719045,321.572375273943,318.721861080227
"3668",14.7055987313881,14.5218423127534,14.1243425643853,13.5611030359016,13.140667737677,12.8578637545848,12.5464352888393
"3669",16.7763199179004,16.8104216568903,16.7450349915798,16.7450349915798,16.7450349915798,16.7450349915798,16.7450349915798
"3670",8.8133015728342,8.78012617190661,8.79433394771831,8.54595418313371,8.6639484047652,8.80174236544814,8.52783330872464
"3671",74.8005917978497,76.60589733105,76.1409952899924,76.6522465374749,74.8264106214472,65.8780097229246,57.4897202010309
"3672",322.705919876117,321.860787356542,332.508996651664,332.157437473127,333.27504525704,260.31817303469,256.65937188747
"3673",20.5999899049336,16.4998401617909,19.1746044366627,18.6876926872315,18.0309132637502,18.0056370469697,11.9152414723547
"3674",663.413650388187,654.52924200719,673.835652396414,694.257660330169,720.869690151175,706.053778696513,697.141063923422
"3675",15.772950925613,15.772950925613,15.772950925613,15.772950925613,15.772950925613,15.772950925613,15.772950925613
"3676",35.6720834987,35.6720834987,35.6720834987,35.6720834987,35.6720834987,35.6720834987,35.6720834987
"3677",8.94554859613581,8.94554859613581,8.94554859613581,8.94554859613581,8.94554859613581,8.94554859613581,8.94554859613581
"3678",53.7513286473522,53.2800209610894,53.2612468370357,52.9826636428973,53.2612468370357,41.414038416895,36.706640372475
"3679",62.2037100635193,79.9724651896946,62.3271686786752,62.4686477562482,65.6905305077072,80.2954931684451,90.1426177165866
"3680",16.5131781946892,20.0666923109174,18.7775549736005,17.2047212968823,18.8401645927603,21.7373801371747,25.1227822112797
"3681",36.7670689943426,48.7401924510334,38.4514187045702,37.8310332353396,42.0682014136228,53.0278443314477,55.7163564989226
"3682",59.4291979303396,98.565511662933,102.240369608316,74.0277215857917,94.2803774645718,62.2271144855482,92.4048787864062
"3683",35.9029473173228,70.232257141316,60.6835863123682,46.7394095182699,46.8788719709313,43.5698105794668,66.1577012782607
"3684",10.6829183914912,10.6829183914912,10.6829183914912,10.6829183914912,10.6829183914912,10.6829183914912,10.6829183914912
"3685",6.91616515440063,7.04384489833169,6.80190596114903,6.91616515440063,6.63326731663591,6.96892053002817,6.91616515440063
"3686",47.2421395603783,45.2827893465887,45.1726301194341,45.1603726149369,45.1500526242572,36.9292257373377,30.6718620042329
"3687",126.184617132801,130.029729787139,126.15321597209,125.726777773417,126.332085623764,110.226680993519,113.033585616554
"3688",220.441539664825,218.527668985678,218.998887190433,217.90074553168,216.849694704722,206.256156501485,203.504049243085
"3689",16.5364247068524,16.1967311481543,16.0075589724076,16.0472472842959,16.1888207828366,9.81907854745332,9.73751703426439
"3690",20.6542287059665,22.7540556763576,21.6408540760741,21.2247622144343,22.7441026015163,23.7740452866993,23.6530598778042
"3691",22.1448917062034,22.074456840756,21.9385263800775,21.7434590847795,21.8930287854316,21.7320775362716,21.4220600058612
"3692",39.5466788691613,39.7160277571004,40.1580838258741,39.6116679181951,40.2324593169611,38.4681671383162,38.2233398493729
"3693",28.5616015080376,31.1855971776246,28.0708277443417,28.6152715120583,28.1845516543639,24.4077764386296,26.3956523317436
"3694",6.88364147405369,6.88364147405369,6.88364147405369,6.88364147405369,6.88364147405369,6.88364147405369,6.88364147405369
"3695",62.5407408899399,62.6157221662963,66.1887041229399,66.7912639276377,65.7527421544266,67.8163617478775,66.7912639276377
"3696",75.1081543251129,73.0284978389817,75.9997520111708,73.9027092390406,75.9933302619599,75.0777365900636,74.2705903420444
"3697",14.9035980973636,14.9035980973636,14.9035980973636,14.9035980973636,14.9035980973636,14.9035980973636,15.1098738841681
"3698",80.0707564405719,79.3165558711855,81.6865848925054,80.5743600730188,83.2826103671441,84.7851889147913,84.2162177158208
"3699",10.8059663700255,12.3235673270302,11.1519290345597,11.1012316089515,11.5232861374901,12.6579877292937,12.6239530107359
"3700",6.17564330857492,6.17564330857492,6.17564330857492,5.86424961555085,6.17564330857492,6.17564330857492,5.54697587916246
"3701",10.9729205740175,9.53777836993333,8.8606069665675,8.77207998903759,8.39051164179808,8.37939073385367,8.58678000767833
"3702",8.63718154091283,9.61283543083533,9.10895113911609,8.55288633233309,8.07489168343504,7.67623586911162,10.5631117753872
"3703",8.32768161701599,8.78588042626308,10.2122026661939,10.2122026661939,10.2122026661939,10.9579005846838,10.2122026661939
"3704",7.82864471023302,8.75844840501778,7.77050320564951,7.82109115836842,7.55336589669253,7.64144660108853,9.84419248008322
"3705",12.0452689336741,12.6653447383351,11.5495536049806,10.7086514420662,10.5235564229095,10.993664973217,12.647030357571
"3706",18.4278149303586,19.5085657488397,17.2274973866807,18.1013195899862,22.8793838190225,17.404647313625,17.6103028228171
"3707",6.9027772170916,6.79145825646882,4.21538271881286,4.17678440995244,5.88083624970141,4.27422775765181,5.12348067817846
"3708",7.74402467474344,8.64956442727097,7.74402467474344,7.74402467474344,7.74402467474344,7.74402467474344,8.64956442727097
"3709",3.52172278625007,3.45327822481975,3.29985828407145,3.47755689269516,3.3622344908185,3.37402200397246,3.90143056367366
"3710",10.4194159346183,10.5374216757887,10.5374216757887,10.5374216757887,10.5374216757887,10.5374216757887,10.5374216757887
"3711",6.62816931559389,6.29066069894334,5.97157507564094,5.97157507564094,5.98898017854127,5.9734608300921,6.27071702565569
"3712",5.4369638543039,5.63069261498684,5.14706095952938,5.75567613974789,5.34798006636734,5.07742234560468,4.27295805615697
"3713",8.25860906621377,8.25860906621377,8.25860906621377,8.25860906621377,8.25860906621377,8.25174810130103,8.22274066567917
"3714",9.37247965579707,9.44360083291939,9.37247965579707,9.37247965579707,9.37247965579707,9.37247965579707,9.37247965579707
"3715",21.9306351487019,21.9599041343157,21.9306351487019,21.9306351487019,22.0824821375242,21.9306351487019,21.9254126498185
"3716",24.7104950002296,19.7986167157553,16.4932875662392,11.2106342250158,12.3740538844181,10.9994577813738,19.2333935394483
"3717",28.060618910635,21.7521024915085,27.8641571045981,28.56781845971,28.9950367804853,29.2904204989717,24.735383684814
"3718",22.556350669002,22.2839854830678,23.2006087536126,24.4168679197354,23.6352329149177,22.8526419446597,23.8808640943238
"3719",8.79510980450526,9.55004747988604,9.53927577379924,9.63331795594988,9.63331795594988,9.63331795594988,9.63331795594988
"3720",3.94711406224252,2.30629945805044,2.28050780758193,1.64168277999928,2.21892088375355,1.91261191772963,1.92578432709823
"3721",24.286720515352,22.0935234316452,22.7223029359027,22.5571444720776,22.5323996788863,22.7564054917265,21.5081001543675
"3722",12.4265410600336,10.4867888688247,8.69197737985823,10.9092103087995,10.9521057524642,11.8486628297721,15.0017606664519
"3723",7.98666864488851,8.1188979298149,7.71739195418048,6.70064297745686,6.70397923985883,6.18877961538944,7.2805665254783
"3724",20.3169491805862,20.7421078844615,20.0959656965302,21.0669236154832,19.9434318585373,19.8203840370343,19.7773068202064
"3725",6.42639260731736,6.25460261197964,6.25460261197964,6.25460261197964,6.24598964824943,6.25460261197964,6.31846347273659
"3726",7.18649541962324,6.19886412502948,8.54865856832822,7.2975117359765,7.2208711558133,6.26733056450165,7.43325255269816
"3727",10.6460471413003,12.916929807347,16.6605212400406,16.2877860798324,18.076913317254,17.614560530883,16.7862786163741
"3728",6.47057827153563,6.38933731960074,6.47021130951327,6.52785617919907,6.5606578704429,6.53900223966956,6.64498124893897
"3729",18.1324220011696,13.6022517889343,17.0802957717006,16.8139184281177,17.363039982144,17.2725816745898,14.8100862015191
"3730",10.614999671439,8.92375965884905,10.614999671439,10.614999671439,10.614999671439,10.614999671439,11.1214496304171
"3731",3.33360929449737,3.33360929449737,3.33360929449737,3.33360929449737,3.33360929449737,3.33360929449737,3.33360929449737
"3732",5.90965722755951,5.90965722755951,5.90995399208032,5.91409885240155,5.90965722755951,5.90965722755951,5.90965722755951
"3733",54.0830007668541,54.8605376083644,74.7515349232666,78.3628161519116,60.2208833116912,85.7159015206232,83.4997381066777
"3734",20.5173061080157,22.9326699780344,23.7745466537513,23.9295323103901,20.5173061080157,23.9295323103901,23.9295323103901
"3735",36.5558638890429,39.7588001995152,44.9415827507289,42.9675577640971,34.6265765594263,46.5474213467057,41.5470400650505
"3736",29.6082113708639,35.7616912169123,40.9527991049703,39.9290258826485,30.9446394299353,42.3821741469862,44.9870901678873
"3737",52.2298319019802,52.2298319019802,49.6545814218919,52.2298319019802,52.2298319019802,52.2298319019802,52.2298319019802
"3738",17.2921362657197,20.1162836234352,18.6753448413076,18.6878718638518,17.404496924517,24.6559533272166,26.1502794391433
"3739",7.17104103397607,7.51019970580217,7.17104103397607,7.17104103397607,7.17104103397607,7.17104103397607,7.17104103397607
"3740",14.5124659570493,14.4553458467105,14.3772863678552,14.4018502945528,14.3772863678552,14.3772863678552,14.404137844605
"3741",10.2059571005597,13.9092179447896,9.09606809646598,8.85014850813307,8.5801308234585,8.65698786695241,11.2254224629041
"3742",11.4670327142932,10.955073421606,10.7661280905531,10.7661280905531,10.7661280905531,10.5066717297569,10.7661280905531
"3743",5.82542553593896,5.73270449902695,5.73270449902695,5.73270449902695,5.73270449902695,5.73079744174909,5.73270449902695
"3744",9.44536609549101,9.44536609549101,10.8804538517778,10.3590714445131,9.64885041413895,9.51722458426729,11.0346985276495
"3745",31.8298041494853,35.9849068961277,37.3672717596011,38.2695555994112,30.6844795980543,40.3827297998816,40.912349553533
"3746",4.98632536518034,4.98632536518034,4.98632536518034,5.00337345060021,4.98632536518034,4.98632536518034,4.98632536518034
"3747",23.1392140952409,15.6326488173585,18.8323971386434,21.32777849123,17.7098466044621,20.0136541027796,16.7728311573898
"3748",6.02050341196603,6.02050341196603,6.02050341196603,6.02050341196603,5.9611141726137,6.02050341196603,5.81620157137384
"3749",3.5198440645643,4.04028337573839,3.79855970740996,4.17375402296445,3.95704231384591,4.0583515730212,3.77017128607916
"3750",8.02833701762003,15.4509976314387,16.2165453869454,16.9104708131253,17.4261478091992,17.1828395714988,19.149129723653
"3751",53.0464089348523,40.5711369357523,41.5711277111332,38.8732242366857,39.6309350180519,36.2212995322122,32.7462209641643
"3752",4.92597506394605,5.48853453461231,5.05103613989956,4.78451056111138,5.0245074606588,4.68114024485069,5.3242551732454
"3753",39.235091895526,47.3947285749149,31.5207639010852,37.2970215798127,32.9347824265579,28.3800741193411,33.8915503814455
"3754",7.00386815785085,8.4714072832825,5.90271836340353,6.52563783964922,5.82990431782157,5.82990431782157,7.1603827892851
"3755",4.60868007005658,4.50757841826669,4.54304731713193,4.44789915113568,4.56710690993943,4.30599943863701,4.33009437633346
"3756",3.41270806628316,2.86192433971894,1.57015906561737,3.92331608452132,2.39446462627586,4.67528915706518,5.21985241954159
"3757",13.9754491762423,12.4464127108956,14.463218671587,14.3798954555435,7.55672486003438,21.4395888336531,23.9537085652864
"3758",4.35349902071873,4.27805627668625,4.40182736737243,4.35349902071873,4.26124118359022,4.35349902071873,4.35349902071873
"3759",6.33948424098115,6.33948424098115,6.33948424098115,6.33948424098115,6.33948424098115,6.33948424098115,6.33948424098115
"3760",4.59469871741964,4.39659663164723,4.40099221188946,4.49233831908164,4.49665449998245,4.52396292943223,4.52421188326401
"3761",43.7759767018988,43.7759767018988,15.6952454587956,16.0231471269944,16.0231471269944,20.0632795139984,16.0231471269944
"3762",10.8997688322321,10.8997688322321,103.925956258921,10.8997688322321,9.88451184975466,10.8997688322321,10.8997688322321
"3763",20.2965917458348,17.9191195694894,131.788397185607,23.5879752404617,20.8640291679254,19.4236699124983,17.9191195694894
"3764",16.1082367040206,14.896787319682,14.5113656673007,15.0659840656586,14.327537481267,13.860788601026,15.1636747395769
"3765",3.50007446134043,5.27773291584362,3.3985298583207,3.49558172914742,3.0751019515591,4.27960313376704,4.88472982409381
"3766",14.80166277504,13.2525292591278,8.52019668739968,8.98718922113001,7.57563562239618,15.2804127792251,12.0703216644362
"3767",15.7285374140599,6.33699583871162,6.13165368493165,5.31160903797356,5.47466904308215,14.0398484156848,6.35555803971733
"3768",5.83789828841954,261.030494482364,8.78155439278385,4.87385194237118,5.51413998408034,5.44568236704621,7.31817415076959
"3769",9.71611833024965,190.587373619538,8.77078431269643,9.71611833024965,9.71611831645279,10.3858203475652,9.87748045390252
"3770",6.91287520686464,7.93968860734827,6.91287520686464,6.91287520686464,6.90833980285084,6.91287520686464,7.99134972053575
"3771",7.75464625972737,104.115090442339,7.75464625972737,7.75464625972737,7.75464625972737,7.75464625972737,7.75464625972737
"3772",13.8808353688128,13.8808353688128,13.8808353688128,13.8808353688128,13.8808353688128,13.8808353688128,13.8808353688128
"3773",13.6519357702189,13.7098492053005,13.6519357702189,13.6519357702189,13.6519357702189,13.6519357702189,13.6519357702189
"3774",27.8806341889311,45.9632437992764,30.5294051194462,28.7115156179345,28.7115156179345,28.6521245822973,28.7115156179345
"3775",47.9089756876759,35.7575909393062,47.3654858624382,46.0959712162564,40.8414076311307,45.8810289091529,39.984187445105
"3776",72.5066301123892,69.9079355865523,70.4890089023524,70.4890089023524,69.2665163509385,71.7572522579887,69.6692101583145
"3777",11.2213517048176,11.0411191460886,11.2213517048176,10.9315835666606,10.928150105613,11.2213517048176,11.2213517048176
"3778",6.79713884151351,7.17216689340775,6.79713884151351,6.16132096985502,6.79713884151351,7.2256379409487,6.79713884151351
"3779",44.2218062474233,51.3229335263199,44.2218062474233,44.2218062474233,45.8783615209054,15.281917340922,18.5155456091153
"3780",12.3850257494033,12.3850257494033,12.3850257494033,12.3850257494033,12.3850257494033,12.3850257494033,12.8542755028966
"3781",23.7938345915664,22.4551879213079,22.343268911826,21.1052462712342,28.9594012539121,22.6431039439521,23.0954704102546
"3782",13.276796774705,16.0687848242389,14.2794218340424,14.2794218340424,14.5146826125657,14.2794218340424,15.9464179524181
"3783",13.3361904691345,13.372784331891,13.3546638218018,13.372784331891,13.405299933621,13.3849583511163,13.4608321698825
"3784",10.6562022558628,10.4247409157212,11.0051074923515,10.6562022558628,10.6725940957074,10.4297243649367,10.5740109642192
"3785",10.245275402783,7.98364839390472,9.26389674809293,8.06649301085604,7.99348628441675,7.79018562748662,6.62284084308778
"3786",33.9181317299111,29.1398355521831,33.9181317299111,33.6564026359152,33.9181317299111,33.8848307425309,28.9769612224736
"3787",22.5132640568042,22.5132640568042,22.5132640568042,22.5132640568042,22.5132640568042,22.5132640568042,22.5132640568042
"3788",45.6107756006084,43.3080173690451,45.6107756006084,50.0837746279955,45.428850013184,45.5636729071816,43.4745995530208
"3789",27.8384352527436,28.0312135161529,27.9688905531357,31.4550019784331,27.4580757502309,28.3558298315918,28.8389392264814
"3790",6.64839863561545,6.64839863561545,5.9663332819675,12.8703354127197,7.88342372142382,6.4611130362853,6.05546158734922
"3791",5.48831154673797,5.58501972775852,5.44661689427851,7.66448537919258,5.44661689427851,5.44661689427851,5.79552808633756
"3792",4.26146635916625,3.4300074154298,4.590471879155,4.59392886282089,4.60189706718386,4.590471879155,3.12358848246743
"3793",15.5682912921817,12.362538539536,10.3689775646086,12.30797454411,11.6156478237517,10.4230122942852,12.980345771197
"3794",15.6190584513957,15.6190584513957,15.6190584513957,15.6190584513957,15.5195967848242,15.6190584513957,15.6190584513957
"3795",19.8376039940892,16.8323762747536,16.6088887796802,18.4699448721341,16.6088887796802,16.6444633291401,19.8376039940892
"3796",24.7386275976021,16.3267455449397,17.5756364753345,20.7376919865588,17.7585313498276,17.8739800856666,21.7367759875627
"3797",39.7445360031186,39.7445360031186,38.8308197849485,39.7445360031186,56.5224703406468,39.6585909057717,40.6352945462825
"3798",27.2507251742018,21.2269501760244,26.5932175141447,27.3383917698484,53.5147106586977,29.9697891953861,22.4411957612359
"3799",20.6558577578154,16.7020336019219,19.9479201762896,20.5621814813798,41.2276595438059,22.7210968081101,17.1796397848788
"3800",27.6523339298973,27.6523339298973,27.6523339298973,27.9103174338962,47.3755471119827,28.1356548537955,27.6523339298973
"3801",25.862566665309,21.4841312043739,23.9730398318513,28.4288626969825,29.9211483579986,23.7263928038597,27.8173657491975
"3802",20.1670834783316,18.1188437893524,18.7111855277626,17.23131895953,17.1697774344291,18.8332027070778,19.5699946216277
"3803",11.0395584792991,10.9985496505671,10.9453986798698,13.0499704371068,11.0395584792991,11.0395584792991,14.5940779270794
"3804",38.9701852325754,43.288165094558,38.9701852325754,38.9701852325754,38.9701852325754,38.9701852325754,43.288165094558
"3805",27.4736080606905,30.2392993173531,27.5750164527081,27.54510348705,27.4736080606905,27.4736080606905,30.2392993173531
"3806",27.7253431040021,36.6286811131083,28.481531391462,27.7253431040021,27.7253431040021,27.7253431040021,36.6286811131083
"3807",24.5444783354206,24.5444783354206,24.8751809364948,24.5444783354206,24.6548473081406,25.1576323344715,26.3703077756144
"3808",21.018277504792,18.7328831082844,22.150226025574,23.0819709529441,21.20328412633,22.9364922459188,21.2268839876997
"3809",16.5305053653694,16.2447911796799,16.5305053653694,16.6486877818722,16.5305053653694,16.7846954670272,15.4822461599726
"3810",50.7000630216839,46.4383672944649,67.9312624142506,48.3712969458547,54.1024064527637,50.7000632221816,61.6348944956957
"3811",19.9597827510363,20.0007676304937,19.9597827510363,19.9597827510363,20.4338952832341,19.9597827510363,19.9597827510363
"3812",13.1275735784462,13.1275735784462,13.1275735784462,13.1275735784462,13.1275735784462,13.1275735784462,13.1219625609986
"3813",7.15804297390836,7.15804297390836,7.15804297390836,7.15804297390836,7.15804297390836,7.15804297390836,7.15688508437619
"3814",6.69357851381068,6.69927443264688,6.69357851381068,6.69493223256852,7.27295922275585,7.47919435553954,7.06272921866473
"3815",21.4072898954672,23.6687995536941,20.4834316244296,20.3346641272258,20.9464076277911,19.7421602955701,26.0860715195258
"3816",10.6439557763524,10.6439557763524,10.6439557763524,10.6439557763524,10.6439557763524,10.6439557763524,10.6439557763524
"3817",7.19567721899932,7.19567721899932,7.19567721899932,7.19567721899932,7.19567721899932,7.19567721899932,7.19567721899932
"3818",31.7620459172215,34.327390118379,41.3104083341597,41.3104083341597,41.3104083341597,41.3104083341597,41.5481449590045
"3819",13.2287060298811,15.5508229551446,9.28452397031405,5.64778426657344,6.330039599851,6.66194078377116,7.02745437770106
"3820",5.73321403872989,5.73321403872989,5.62560498341851,5.5842231284432,5.34012098820104,5.73321403872989,5.64674413738818
"3821",5.45993104636188,5.45993104636188,5.45993104636188,5.45993104636188,59.1255848406758,5.4537242583279,5.45994656589807
"3822",5.1527072450173,5.1527072450173,5.1527072450173,5.25766990409924,4.80677914857668,5.1527072450173,5.1527072450173
"3823",5.49526317820525,5.49526317820525,5.49526317820525,5.49526317820525,5.49526317820525,4.43822784189181,5.49526317820525
"3824",5.78345204017931,5.78345204017931,5.78345204017931,5.78345204017931,5.78345204017931,5.78345204017931,5.78345204017931
"3825",10.9165548446638,10.9165548446638,10.9165548446638,10.9145019180277,10.9165548446638,10.9165548446638,10.9246277444731
"3826",16.8029816072871,16.8029816072871,16.8029816072871,16.2041871304032,16.8029816072871,16.8029816072871,16.8029816072871
"3827",9.98816809500938,9.98816809500938,11.8032641164249,9.98816809500938,9.98816809500938,11.7960981225901,9.87973019544226
"3828",8.2815813744254,8.2815813744254,8.2815813744254,8.14550518750871,8.2815813744254,8.2815813744254,8.2815813744254
"3829",22.9387295951439,22.9387295951439,22.9387295951439,22.9387295951439,22.9387295951439,22.9387295951439,22.9387295951439
"3830",4.26959115075482,5.90915254637261,4.26959257578185,4.2695899468514,4.26956023632216,4.26959257578185,5.51018465777172
"3831",14.0615357874461,14.0615357874461,14.0242395086528,14.0615357874461,14.0615357874461,14.0615357874461,14.0615357874461
"3832",26.7811788796304,25.7606624312982,14.7627975180023,9.59125912562569,9.59156496554927,12.9512667160727,19.1476281586147
"3833",53.725846469406,53.8052812286686,53.725846469406,53.725846469406,53.725846469406,53.725846469406,53.725846469406
"3834",21.2147570093458,21.2147570093458,21.2147570093458,21.2147570093458,21.2147570093458,21.2147570093458,21.2147570093458
"3835",40.9635883480889,35.6154204206392,40.0226138061128,41.3271091116976,40.2577011291531,42.3588046309123,37.2675841702794
"3836",100.108679927961,95.5844414064436,101.817275201799,102.363531345988,129.510399727978,101.900010125205,96.6098436338666
"3837",21.3195473418327,21.1874979221255,21.176051365427,21.181522008636,29.366820369817,21.3195473418327,21.1261314181424
"3838",18.9112772364614,18.944403444487,18.9112772364614,18.9112772364614,18.9112772364614,18.9112772364614,18.9112772364614
"3839",18.8774259530297,17.3841016720161,20.6718532083362,20.6718532083362,20.6718532083362,13.8904564657505,17.259905674579
"3840",18.877365439158,18.877365439158,18.877365439158,18.877365439158,18.877365439158,18.877365439158,18.877365439158
"3841",38.9769343786587,38.9769343786587,38.9769343786587,40.9856298495971,38.9769343786587,38.9769343786587,38.9769343786587
"3842",84.1597709159241,92.2431959317931,86.0380373592008,85.7276889108987,115.70624390459,85.6016744377017,93.4162440538676
"3843",71.8851276462998,65.833940671734,68.9015216126487,67.7661395306661,68.1244471501747,68.1639471561663,64.1473053151003
"3844",30.6470598093111,30.6470598093111,30.6470598093111,30.6470598093111,30.6470598093111,30.6470598093111,30.6470598093111
"3845",24.2509849446827,22.2975148471441,24.2501524835056,24.2471860647783,24.3223402887034,24.0766373340427,22.4759268831535
"3846",30.7555041264312,30.7555041264312,30.7555041264312,30.7555041264312,30.7555041264312,30.7555041264312,30.7555041264312
"3847",26.4989381569953,24.2760905078342,27.7551605101474,26.619459529464,27.1630910683733,27.7128929793772,24.6835374169715
"3848",14.4315707008674,15.2046753748022,15.2046753748022,15.2046753748022,15.2046753748022,12.4897117195063,15.2046753748022
"3849",6.50522404721884,6.50522404721884,6.50522404721884,6.50522404721884,6.50522404721884,6.50522404721884,6.50522404721884
"3850",13.574783871809,12.4098579476508,13.574783871809,13.0594740521629,13.574783871809,13.574783871809,13.5404306498128
"3851",7.14241805013501,7.00465205435957,7.01414876115614,6.4283938269375,7.14241805013501,6.57476763336447,7.115338200674
"3852",10.5574991262633,10.6673203765686,8.22798400335746,4.59197048724454,5.70789403807333,6.65888598529413,10.5979273353216
"3853",22.2262682314981,22.6498332507355,9.54354832634203,8.70205928108563,9.47752518538542,20.0969306183676,20.9332709489942
"3854",5.8505708506787,7.35165315672043,5.8505708506787,5.8505708506787,5.88710192259546,5.8505708506787,7.75158257278084
"3855",10.1937037235856,10.1937037235856,10.1937037235856,10.1937037235856,10.1937037235856,12.4556202606991,10.1937037235856
"3856",13.6071094041806,52.1963795713375,12.638302815059,13.8642602709009,60.6748366819876,15.3701698331104,12.638302815059
"3857",9.04457286226834,6.62308648057461,9.04457286226834,11.7159541825903,9.04457286226834,9.04457286226834,6.62308648057461
"3858",5.28273933113746,5.29580194829614,5.28457240775026,8.71215411517848,5.29090122617093,5.29580194829614,5.29580194829614
"3859",33.3588140228694,29.9458885990392,33.3588140228694,33.3588140228694,33.3588140228694,121.404350401701,108.931664225694
"3860",31.0529266329166,20.1292080848664,23.5564941955797,22.4625434799563,24.7127859995399,113.740618592207,66.8967959526766
"3861",38.6424592515949,38.1906736016223,39.2366418709359,38.4139990715261,38.6424592515949,131.763035890132,114.022058331318
"3862",132.228265263077,118.842057338726,127.928429388628,128.726073527207,130.682375745305,337.416214810926,274.724990214451
"3863",77.1974074408259,59.1472702851908,69.3087167910606,69.2149243225306,70.0444520317527,193.814739503694,142.273387074586
"3864",136.274508889281,102.124792813749,120.377004189458,120.872448491555,121.30147364553,370.036681728292,223.540205479666
"3865",234.840183745384,197.918491047804,229.619604012604,229.541134052956,230.901850460273,587.012390613353,433.110262701007
"3866",18.4493981667049,17.6540060716047,18.4493739472545,38.9955475506317,16.5970229682209,18.504004919597,36.7224211234812
"3867",11.5966768153832,11.5966768153832,11.4542418626988,31.6692118035398,11.5966768153832,12.0723371500602,26.3662890373404
"3868",12.4304490001809,12.4304490001809,12.4304490001809,12.4304490001809,12.4304490001809,12.4304490001809,12.4304490001809
"3869",17.4186636506334,17.4186636506334,17.4186636506334,17.4186636506334,17.4186636506334,17.4186636506334,17.4186636506334
"3870",30.4246679123405,30.4246679123405,30.4246679123405,30.4246679123405,30.298049438376,30.4246679123405,30.4246679123405
"3871",8.4615673152169,8.4615673152169,8.4615673152169,8.4615673152169,8.2857161362436,8.01500781558961,8.51906582565447
"3872",64.502000160299,69.5344239973862,64.502000160299,133.099727925051,63.6569680967953,70.9506589897471,128.037521057952
"3873",37.872340064668,37.872340064668,37.8723400373936,37.872340064668,37.872340064668,37.1760015948897,37.234688875577
"3874",40.0145075974327,40.0145075974327,40.6012907972447,40.0145075974327,40.0145075974327,40.0145075974327,40.0145075974327
"3875",21.1900446789697,20.0515554115358,21.1921846296399,21.2065951719172,21.1900446789697,21.1900446789697,20.0515554115358
"3876",60.8032630857608,58.7623802101474,60.3739576394327,60.5890746729362,59.0215182209581,60.3523108176509,59.1762105252549
"3877",39.8157087390512,38.121010781853,40.0021998317624,39.4895926944608,39.9613732161913,40.0227585003394,39.9409435366787
"3878",56.4900072078134,48.3949650877401,52.4795412183362,51.8610054261877,49.0175222723629,49.332236946422,44.6818437432616
"3879",54.7924501746323,54.1525580164723,55.591056718224,53.4611966239957,53.553741397158,54.4616887859289,52.1483547970886
"3880",23.8956620385826,20.6010011795786,23.5346359953033,23.8420917711324,23.597279577089,23.4523165999591,20.6220367829872
"3881",15.9789206211693,13.3809558998136,15.4209810857303,15.3973112743446,16.4602441733486,15.8336937375223,14.8815596751332
"3882",36.2162248511523,28.4263759911811,36.2162248511523,37.8580472526463,36.8923860796581,36.2162248511523,28.4263759911811
"3883",22.0985895323917,19.9754733192942,22.0864103266719,22.036986932039,22.0985895323917,22.1263652717617,19.8416164280911
"3884",12.2399980418538,9.69806430916602,12.1861437246261,12.2414309610124,12.6646525342396,12.2941066638409,10.0535780452481
"3885",12.6109240432334,12.6667826508552,12.6109240432334,13.6414251505248,12.6109240432334,13.564101246026,12.6109240432334
"3886",8.47630916762325,8.50624755329198,8.47630916762325,8.47630916762325,8.47630916762325,8.47630916762325,8.63398695732044
"3887",17.6941052930916,19.0956751715859,17.6941052930916,17.6941052930916,19.0956751715859,17.6941052930916,17.6941052930916
"3888",56.4190004307311,56.4190004307311,56.4190004307311,56.4190004307311,56.4190004307311,56.5333630271546,56.4190004307311
"3889",14.3199491946579,13.3452789435326,12.3316125200464,8.43410610560768,66.5507548617941,11.7076385070579,11.3341497324341
"3890",21.5801236463794,15.5813057352968,21.5801236463794,21.5801236463794,156.838807340304,21.5801236463794,15.5813057352968
"3891",15.9582007917579,21.5831157708207,19.9272728046636,20.1830071051362,156.844968915631,15.9616079074368,19.8105440189187
"3892",23.5738486359848,18.6275987191322,23.965803846572,23.5942577422725,146.055640605316,22.2604351005136,18.3302118132237
"3893",23.8639905033002,19.9992006031997,18.2281461639086,20.0189137222836,189.200452541473,21.6297458223995,19.8451099667101
"3894",23.5765848927256,35.5129255390508,28.88318216178,22.1712993553462,190.270402382647,25.8893274632056,21.844296040302
"3895",4.47445308659109,4.23593109510889,23.1210942248938,7.57478046731748,4.05003721019983,21.9124823674883,7.41179145638887
"3896",11.9416811153155,8.21475936268215,47.6179366312764,12.3567400215342,10.0621404521891,69.2431028427608,7.33451315886247
"3897",14.4989504636795,14.4989504636795,14.4989504636795,14.4989504636795,15.4400084953414,14.4989504636795,18.830363265072
"3898",428.805828107131,428.325989564493,421.261762467621,444.286691003631,428.325989564493,428.325989564493,590.498762550416
"3899",121.354759282613,170.512838215913,154.075393645002,122.806759444322,121.354759282613,121.354759282613,121.354759282613
"3900",75.6571549437367,233.435782676105,60.9631143571504,72.7184518379757,72.761871884005,72.2843289623905,66.8932019761539
"3901",37.3460541085603,155.217563292922,37.3460541085603,37.3460541085603,37.3460541085603,37.3460541085604,37.3460541085603
"3902",44.2964359935702,156.054387968904,40.5810162237603,43.0924549756021,43.6169136023069,43.8255556263409,36.169148826552
"3903",121.523497044901,221.908369875277,89.2543933928971,106.362714402583,107.135006977106,108.909685416725,95.6613946124351
"3904",49.9262403946096,132.990401936957,46.5213279985687,49.9262403946096,49.9262403946096,49.5982674016328,43.0413086575883
"3905",43.0508014663955,154.763032907601,36.4488688792089,43.0507960400554,43.0508014663955,43.0508014663955,36.5663214923074
"3906",35.9807827970981,113.443681873256,31.9476007526176,31.4124097741482,31.8258658423608,31.8258658423608,31.8266386326175
"3907",35.6406969424986,106.496409428573,34.4681422268038,36.5810894577935,36.9514200538514,37.4554513779991,37.3833319069496
"3908",40.174175746426,150.948345629809,38.6303324968215,40.5663187388579,40.5672493978496,40.4740286861582,34.1284027563837
"3909",24.4716213430434,95.4628152324552,20.4033436688245,23.3929690392308,23.51997608811,23.3706647805608,20.1851795263308
"3910",16.7216783679301,90.7811155271355,11.4783435472505,16.7216783679301,16.4451429203806,16.7216783679301,16.3269453281159
"3911",10.5209341178669,10.3762330065928,11.7051316943708,17.9308081162581,11.6014317911395,12.0043581237808,9.52352155261357
"3912",21.7730755503673,14.1368317444316,18.5572699609193,26.2297120275322,18.8113423049271,18.1210176075535,12.9941284337867
"3913",11.0010318883935,14.4171548550188,16.8082397289924,17.2987680191161,9.86472447946992,16.9087037048139,12.3861735626775
"3914",13.5656154265095,15.7322984042915,15.7556564961097,19.6266566557111,14.7670772719501,15.6649149071784,15.7556564961097
"3915",14.1034708648326,12.6570367301535,14.5893308648476,20.1280014994507,14.1034708648326,14.1034708648326,12.3633040615625
"3916",24.0210037070335,22.299215695526,31.028171369244,24.0837280047505,23.899668189157,24.0024235293533,29.0799279278039
"3917",21.6146963849806,209.33203948251,29.0867681903936,33.2466744021118,31.2897505911473,31.7780894116971,31.7575516535172
"3918",35.8901228451317,188.015140122153,30.7148284507569,41.2631149291164,40.8707597153577,41.2983397187206,41.2631149291164
"3919",23.3854927399813,198.551566450548,23.4338203413456,36.8841599528325,36.3728245570571,38.2359215378096,36.3060880115036
"3920",17.9858326956526,189.952874251064,40.0059230810636,28.1705254827323,29.8400571427875,29.7704778467481,27.9141784158138
"3921",18.8855625863624,15.20741409146,20.8394586150892,18.9276509913556,17.282633630254,16.8641641214428,20.8695428259073
"3922",37.321813749872,29.8991157814478,47.0825366338458,31.8256746552469,36.3882727444015,37.3348672725953,37.3052053283667
"3923",34.214028121767,29.7795452185045,48.0378100980964,34.0542311689796,33.1517347972333,33.4724838595462,42.5984789589907
"3924",31.3675171940273,27.4672046976943,43.2244603134544,30.8287424368703,31.5331995408081,31.6956564706822,38.0451983859825
"3925",23.3571047981984,23.0542521194512,28.2167990139577,22.1165821110738,23.2415390178969,23.8161789306807,27.6330613891108
"3926",10.770140281277,10.7390473199788,16.3523905854145,10.7563911924615,10.770140281277,10.9670526748883,10.770140281277
"3927",6.10592912048615,4.12226835106112,16.5995901225136,7.98166039364914,7.88704952333833,8.12520167845479,9.83716336348848
"3928",10.5603369237454,9.17665720704841,13.2686214299259,9.40887964709008,9.03957296395668,10.5603369237454,9.13453518736188
"3929",12.390014800119,12.388626476004,15.8817436656695,12.2498898728581,12.390014800119,12.390014800119,12.363772977879
"3930",22.1199550396539,69.2468201693188,22.1199550396539,22.1199550396539,22.1683210553023,22.1199550396539,22.1199550396539
"3931",17.9350417460583,16.8184430404472,17.0018767743802,17.9892996516941,17.4155512814213,17.2997464804542,16.188615851563
"3932",244.926264496215,42.4272633115888,34.7614377723276,300.648495491909,43.4133555845219,31.2675222570131,30.5339119072388
"3933",90.7039824856349,42.9620581959331,23.8814635496028,29.8289361912893,28.8842614137531,21.5469373019426,27.7441722919811
"3934",152.360723737493,9.77748655064255,11.552512626515,155.049450083954,9.77748655064255,11.1204925269031,10.9875585035874
"3935",46.1390026699539,19.3782586902096,14.9908132240922,46.1390026699539,19.3782586902096,14.9908132240922,14.9908132240922
"3936",64.6909235073007,64.8927705543411,65.2476406234711,64.6837096394889,64.9783461231665,64.9297744785777,64.6794240703641
"3937",32.4878404919033,21.6123316801734,21.3785369794911,21.2575730992183,21.6793426092033,22.6499261812175,23.9341939130405
"3938",9.00238318092017,9.00238318092016,9.00238318092016,34.7222996420591,9.00238318092016,9.00238318092016,9.00238318092017
"3939",8.31562089832003,9.89943742208294,8.67995988379557,16.2889824723595,11.240593231408,11.240593231408,9.89943742208294
"3940",6.84761884990064,6.4280062299184,6.4280062299184,6.4280062299184,6.4280062299184,6.84761884990064,6.84761884990064
"3941",39.3234402834263,43.3517227472001,38.5831433232646,39.3086052334692,39.3234402834263,39.3234402834263,43.3517227472001
"3942",41.0710771109603,41.0710771109603,41.0710771109603,41.3469565880728,40.6946435780246,41.0710771109603,41.0710771109603
"3943",39.9597893114091,37.0792109255815,41.9807719798972,41.7251781448301,39.5857583427955,41.593375033747,44.2055379249177
"3944",20.4807331844611,20.4807331844611,20.4807331844611,20.4807331844611,20.4807331844611,20.4807331844611,20.4807331844611
"3945",16.0626570428345,16.0561374279117,16.0626570428345,16.0598266996625,16.0626570428345,16.1419939433208,16.0815103771168
"3946",15.2049681998953,13.8277114224897,15.2049681998953,15.2049681998953,15.2049681998953,15.2049681998953,13.7174526321613
"3947",54.1262183034054,54.1262183034054,54.1262183034054,53.9221409950847,54.1262183034054,54.1262183034054,54.1262183034054
"3948",15.2003206556741,14.5809231470001,14.5809231470001,14.5809231470001,14.5809231470001,14.5988170395365,14.5809231470001
"3949",70.2521860097262,64.5014603985817,62.8761356617037,61.6629173627587,61.6293979880991,58.6527005507604,59.9071684289367
"3950",50.4640786176851,50.4640786176851,50.4767932048989,50.4640786176851,50.4640786176851,50.4640786176851,50.4640786176851
"3951",22.9322918273973,24.507476216048,25.7791841458352,31.2988883901901,30.6858514912303,31.9507491685044,30.1345797216179
"3952",47.1133364187584,39.0568935175772,46.3104078631754,46.9880420217561,46.3006546744485,45.7562287999353,39.8236191857156
"3953",8.58877954612127,8.58877954612126,9.66390098797027,12.3252101756593,12.3252101756593,8.58877954612126,8.58877954612126
"3954",43.3465854433544,43.304575381142,184.739047951064,23.0041301665743,42.6133195346942,43.1691357026641,43.283431376066
"3955",6.10352274413652,6.10352274413652,6.10352274413652,4.81524572603432,6.10352274413652,6.10352274413652,6.10352274413652
"3956",7.98828725379015,7.98828725379015,7.98828725379015,7.98828725379015,7.98828725379015,7.98828725379015,7.98828725379015
"3957",18.4473555168616,17.3663736922388,16.5351232399687,18.2554366162965,17.8878465058883,18.9103833870638,15.7955683435987
"3958",25.0169494449451,329.645588670823,25.6198051456983,25.0169404116128,25.0169231039322,25.0172860840469,25.0169404116128
"3959",20.4039755725718,14.7885015884415,20.5481327190435,21.0526642426972,20.3702839063859,20.813064982355,14.8815128871544
"3960",29.1810624522899,46.5161265521368,33.1563825795994,28.8995414725121,29.3756488229776,29.5092940546158,27.9049869322298
"3961",13.117218711759,11.5049230701183,13.148481746182,13.0111060459107,12.0248171566332,14.0453642244143,10.8429494407975
"3962",19.3412250609748,19.6248395050103,19.6237147470931,19.8271771125556,19.6201545801425,19.6166327132947,20.0055417316921
"3963",9.9485079009245,13.0907084315767,9.8972353130686,10.6091864257403,9.89476662188554,10.4467467892353,13.1743261347154
"3964",34.5500205918734,34.5353176195055,34.5353176195055,34.5353176195055,35.3363619034948,34.5353176195055,34.5353176195055
"3965",4.54337239737754,4.07887571510178,4.54340605834663,7.0428619488604,4.97490131518015,6.38104090386871,208.747115160108
"3966",147.608196494106,147.608196494106,147.608196494106,147.608196494106,147.608196494106,147.608196494106,147.608196494106
"3967",334.375017796364,334.375017796364,334.375017796364,334.375017796364,334.375017796364,334.375017796364,334.375017796364
"3968",90.0900477962941,90.0900477962941,90.0900477962941,90.4509097148034,90.0900477962941,90.0900477962941,90.0900477910952
"3969",88.885259693917,86.8678990221112,89.2757507395161,89.266283619274,89.1966135292691,89.266283619274,86.8678990221112
"3970",34.8640509265614,34.8640509265614,35.4414978713581,34.8640509265614,34.8640506291436,34.8640509265614,34.8640509265614
"3971",94.7503989322488,82.861939230194,95.0925313221776,94.7503989322487,94.7503989322487,93.6999504773272,82.861939230194
"3972",63.9799876822406,51.1937800225226,63.6024880070187,63.9858459540673,63.7759612630293,63.9799876822406,49.8028197837459
"3973",173.612227136712,173.612227136712,173.612227136712,173.612227136712,172.524360508644,173.612227136712,175.042523341954
"3974",26.0824353677962,22.3858833636297,27.5624778132192,29.4067650711071,28.5396398443387,27.5978814535619,24.7545683511505
"3975",31.888086283698,31.8987858047623,32.3453927267623,31.888086283698,34.2075697311004,31.9582391848746,31.888086283698
"3976",10.3749311671093,9.99571409321582,38.8639418840743,11.931049482721,10.4492833416861,10.1326689204131,10.5254330479485
"3977",11.0570188274051,11.0570188274051,23.9902077730679,12.5260333892552,11.0570188274051,11.0570188274051,11.0850779632735
"3978",43.5214214621871,29.3188584146043,33.1813216502482,39.2249502840229,33.5725882368537,33.3405201530344,38.4587429615511
"3979",38.3266199607449,70.0982709232496,43.8119035078634,37.8530877579403,37.5440718697815,37.7295696611707,65.8085978979537
"3980",7.95016207622751,7.95016207622751,7.95016207622751,7.95016207622751,72.5697328317986,7.95016207622751,7.96207217855503
"3981",5.58664335372314,5.58664335372314,5.58664335372314,5.58664335372314,5.58664327600178,5.58664332504605,5.62349692697776
"3982",34.138709757118,34.138709757118,34.0255805827807,33.6292998156822,34.138709757118,34.138709757118,34.138709757118
"3983",25.5849344754033,267.252232832893,26.2042057997546,24.8740834747442,223.2540488688,46.5059145667576,31.4792673065956
"3984",17.729058049895,90.6662938112526,10.7832338932895,18.1309952933616,83.2144575778682,15.6509636150699,24.3795121542152
"3985",13.5755732789818,61.4436778429102,13.2858902648985,14.6172596171507,54.4167501516806,44.580741870577,18.7873734396307
"3986",64.3410731948793,53.7879742929993,62.3980039372881,61.9996769001169,62.4637065369041,215.929505859975,164.835516002573
"3987",40.6918049211605,23.7926364880612,20.4095390771054,21.0280917982591,40.6918049211605,23.7926364880612,20.3522750087951
"3988",5.80755329253639,6.05581772470272,5.80755329253639,5.80755329253639,5.80755329253639,5.96110409764375,5.80755329253639
"3989",14.3870912643052,14.3870912643052,14.3870912643052,14.3870912643052,14.3870912643052,14.3870912643052,14.3870912643052
"3990",136.477865734404,136.477865734404,136.477544421274,136.477865734404,136.477865734404,136.477865734404,136.477680175041
"3991",71.2539421193763,63.9260781335783,71.4045926657495,71.2539421193763,71.2539404440072,71.0930570094151,63.8256072403577
"3992",87.555128287007,80.2189600298047,85.4486748146956,83.9986748488271,85.1532471263807,85.2293849188376,77.9594200540972
"3993",72.8285199946559,58.6316076036449,71.8196753172128,71.6826997142021,71.8516382882268,71.5945411282272,58.6776936785451
"3994",103.264511142125,99.3800199694618,98.7095229639953,98.6342966129761,98.2899825298358,98.5628751954497,95.2456724545456
"3995",71.3718267801869,71.3718267801869,71.2934497665245,71.282601434916,71.3718267801869,71.3717720873339,71.3718267801869
"3996",98.9141079134784,99.3305828029385,99.3305828029385,99.3305828029385,99.3311860133575,99.3305828029385,99.3305828029385
"3997",11.1883909732654,10.4479361565291,10.8091593653637,10.7302596213478,9.42993690713907,11.0607371994466,9.82035004174169
"3998",41.372600574219,40.7890697330424,53.8099692129961,52.0942093198006,357.716472114658,39.2415112386525,43.0625927586291
"3999",57.4403899172827,68.2728432821874,73.3137240732416,73.3137240732416,442.189305123202,56.2521266905007,68.3598034506873
"4000",20.4315243420829,20.4315243420829,20.4315243420829,20.3766245658799,116.296255840133,20.4315243420829,20.4315243420829
"4001",35.0254830236148,145.914842590534,28.5497312228482,38.1443235278592,37.624572715352,37.6165266751713,29.880751739334
"4002",23.0044248160158,24.2517230526692,27.4375438877377,33.2951081474791,24.9305734086336,27.2647156860124,24.4411632088396
"4003",5.67795405974311,4.66291129486526,4.66291129486526,4.73169007106367,65.1029367451921,4.66291129486526,4.7818431318704
"4004",25.9132617781708,15.6361721959889,18.9177984387658,18.7660839944577,19.1661715266432,19.3253168233846,19.3509626344925
"4005",416.238838195519,75.1063514687218,82.4791126372987,323.31401448611,79.2792365172498,567.374227078481,333.155552287637
"4006",303.674872729819,48.6985871828331,61.2078448917231,301.595765418936,55.3140707305361,436.814472162653,275.920335599735
"4007",417.238144043306,108.297179596965,130.198776223668,388.39966525297,107.188314266838,531.517633014364,363.615382015441
"4008",205.220543695921,42.6350819439168,42.6350819439168,227.86548114956,44.3725243151033,296.643944264579,288.676863766372
"4009",30.761528957441,33.457566832937,32.8129513052713,32.8129513052713,32.8129513052713,33.8344170094835,36.107750301348
"4010",29.8753968158704,29.8753968158704,29.8753968158704,30.2635766547851,29.8753968158704,29.8753968158704,29.8753968158704
"4011",28.3506488431332,28.3506488431332,31.0374168530684,28.3506488431332,28.3506488431332,28.2880344061817,28.3506488431332
"4012",10.8265762840744,12.5382883893983,11.1048990372401,10.8265762840744,10.8265762840744,12.8649390144772,12.5382883893983
"4013",24.3093621533128,24.3093621533128,24.3093621533128,24.5633846517755,24.3589643122286,24.3093621533128,24.3093621533128
"4014",27.0903531494456,30.8743677702982,27.0903531494456,27.0903531494456,27.0463030151999,27.0903531494456,27.0749582226291
"4015",39.6758652628149,39.0900536064354,39.6758652628149,37.8281167477757,39.6758652628149,39.6758652628149,39.6758652628149
"4016",12.2299978700425,9.87644658170153,11.741743371454,15.8008828299763,11.9715125895567,10.6452874077657,8.31210024191565
"4017",8.93735459629456,7.93183148671792,8.93802406986909,8.93802406581568,8.93802395256117,8.93395178584676,7.96986177294662
"4018",16.2400977483497,16.2400977483497,16.2400977483497,16.2400977483497,16.2400977483497,15.1178571466334,16.2400977483497
"4019",47.824079762632,47.824079762632,48.8031170336266,47.824079762632,47.824079762632,47.824079762632,47.824079762632
"4020",50.7012217240024,45.3289996975532,54.1610287001389,52.5579764799907,54.8578391447815,52.0050001121231,46.0082952085692
"4021",43.7465081121299,44.978666164754,44.978666164754,44.978666164754,44.978666164754,42.2832076882407,44.978666164754
"4022",160.540316863805,142.900410558586,589.520073607741,150.132031696322,196.38688736535,159.358072111359,463.899964919825
"4023",104.835284900151,95.8072844152709,394.405978923149,107.752352066576,139.782363821722,108.557111161013,302.52336775026
"4024",196.624643313209,152.342522839631,597.224837252547,178.24600934664,229.941694161593,184.886303589625,451.040236226766
"4025",82.7499879623896,67.9961652569137,319.869112497206,78.0541071566748,107.117350079002,83.5121667061246,215.902066639558
"4026",156.251536806906,145.09544763864,492.697852644692,162.98325437464,182.116535233746,157.722732474514,415.246176362688
"4027",156.867458681002,124.29761334494,526.218561730956,127.83861635649,189.138944777621,149.11083943754,379.251614516998
"4028",293.009465163365,261.620490039259,704.71134960068,262.872726958673,344.262007690469,285.221234540455,586.497065932788
"4029",78.658935608975,60.1335344081989,322.162242428975,68.8678684685639,107.043473446771,76.4343606855286,201.726385390928
"4030",83.3491640372771,60.8362717958072,314.764568850627,78.7383709103913,103.784451601099,79.2120842945913,215.732769764445
"4031",90.7790731249938,74.4577538145762,288.235464775347,55.5934594375146,102.34099902715,81.078650620966,221.277824999627
"4032",54.3113648674682,52.927680563839,193.055026594193,54.3113648674682,64.5093681536748,54.3113648674682,170.22757165856
"4033",4.40357706084391,4.88977741014048,4.15752332257408,4.25188065005264,4.65782929773075,4.8018967484999,4.45660189403166
"4034",62.4287229615615,60.0667533220897,64.5592171077387,64.0055886529131,67.4923878237808,64.5923204334454,56.7383602958056
"4035",54.7373961254853,54.7373961254853,54.7373961254853,54.7373961254853,54.7373961254853,54.7373961254853,54.7373961254853
"4036",58.9473831993174,52.5196866041291,58.7613203906318,58.2062626425566,59.9716929580448,59.0476687534988,51.110610732712
"4037",120.728595276507,112.863826985015,118.859724111027,123.71159642827,122.802216649057,119.618188844287,115.306205663944
"4038",16.7898220268824,16.7898220268824,16.7898220268824,16.7898220268824,20.9889921582355,16.7934136636899,16.7898220268824
"4039",82.2932192183198,83.9273253779608,83.3282567049819,84.2197105939444,84.2197105939444,84.2823440426534,85.1409719101183
"4040",11.1276819347177,57.0609462250257,10.3269786745724,10.8711760433343,50.5014152721321,12.2902575278874,18.2575771448909
"4041",49.119610722561,46.8799062074046,47.7868661940218,45.1444037579567,381.431373293577,47.0619236889945,44.6103641097439
"4042",59.8434013245081,58.5919877572198,60.8756096725976,58.6070156469628,338.198025349725,58.1947075337336,58.6070156469628
"4043",30.7486385366498,25.8586640178971,35.998813382675,39.2377160183298,291.031083539795,23.6529229443198,27.0768648182988
"4044",39.6008332236584,40.8360124692327,46.1240350940172,39.2388143275379,39.78454290491,39.4121400154532,49.9623378207565
"4045",51.2878009302067,50.251486226018,59.0457262810394,46.2152157566249,50.2151379297172,50.3182408030724,60.5055249587043
"4046",23.9457035201652,11.6268146372184,17.5638900790557,151.496376814035,11.103793675658,17.0726880733145,14.5873804396864
"4047",169.210129840121,43.9140818093818,46.7828368065378,436.97760146526,47.4603423157826,203.200951664929,120.580558589762
"4048",235.079740454732,81.905982279583,63.6397982547484,917.590579387215,99.8194502919061,304.17105611596,249.577626212165
"4049",315.348031575179,73.8813140691309,86.092688802156,1038.03835062504,75.1179211348111,373.318164733629,221.167172338765
"4050",254.997630132317,77.1100651311975,75.7538739574278,1163.57035350759,86.2727006885947,340.792163671743,340.792163671743
"4051",13.4967894762984,13.4967894762984,13.4967894762984,17.4542597334885,18.5983506932323,14.410950896637,13.431336524149
"4052",8.62042819599055,8.6204280457565,8.47552613561329,7.62976083117941,8.45436961185935,8.62042819599055,8.29754652616908
"4053",64.4341745089383,61.1098303636799,339.180303601002,61.8918407019267,85.8182615841798,65.7463513049193,256.847306967056
"4054",47.115555083037,47.115555083037,47.115555083037,47.115555083037,47.115555083037,47.115555083037,47.115555083037
"4055",84.7939666986679,84.7939666986679,84.7939666986679,84.7939666986679,84.7939666986679,84.7939666986679,84.7939666986679
"4056",90.0438704166502,81.5444815115203,89.6532844075738,89.5158942165167,89.8173399244348,90.0230098536745,82.830976974716
"4057",79.2305488299667,77.2868673450632,75.4908652062717,79.8254912953243,78.3287960896535,73.9752563683201,69.506709180985
"4058",11.0910708756509,10.6345951895097,11.5358261174699,10.8630108496117,10.556557774753,11.6640232264486,11.5961055217448
"4059",42.196572444428,42.0196800842968,50.9894095964314,39.8242925248989,42.4378137086733,42.4597880329733,51.2160560687593
"4060",25.2072332568482,22.8279532937927,24.4207250012049,26.7472208650276,25.5327564335271,23.7102007878766,27.162641881704
"4061",167.631621358205,267.610606028127,328.853947140585,267.659193420847,306.550552708305,306.054973134598,288.195282163143
"4062",23.0136268953651,23.0136268953651,23.0136268953651,24.8246608829084,24.8246608829084,24.8246608829084,24.8921152551484
"4063",26.4661537142728,17.7713949188306,22.7473127974455,22.2022037385126,22.6291421142537,22.7473127974455,22.7473127974455
"4064",11.2823634181246,8.33888919142746,9.46988690590034,8.04684978941334,7.28531541254148,8.25596207325148,8.26870751259556
"4065",9.52479684183884,7.26600781727223,6.98745648943446,6.98745648943446,7.04307450335941,6.9871741985484,7.37235618807836
"4066",7.0855354599014,7.9379462485335,0,0,0,0,0
"4067",83.7903842597799,83.7903842597799,83.8082189274996,83.7346702755249,82.5281200653556,83.7903842597799,83.7903842597799
"4068",50.9204329826321,50.9204329826321,50.9204329826321,50.9204329826321,50.9204329826321,50.9204329826321,50.9204329826321
"4069",108.443119654192,106.560072145159,100.397846754487,105.246672451389,99.7407665288474,98.1479189551441,107.40893885001
"4070",6.77919228926917,6.75202130101824,6.92564140354502,6.92564140354502,6.82155633674752,6.92564140354502,6.84158871425152
"4071",10.0982452844647,14.3488793601744,12.6624985103326,7.59075266043166,7.9170321684524,6.84971026728214,8.87006043915992
"4072",6.89625241380412,34.7844585181925,8.55220456843758,13.8964604178126,9.74277397101231,9.27391461444055,10.912483942633
"4073",4.29699844320709,2.60097690967934,179.657790662168,2.38225451211912,2.27592587401452,0,0
"4074",8.05176518657316,8.05176518657316,17.5382975819051,8.05176518657316,8.05176518657316,8.05176518657316,8.05176518657316
"4075",8.94349198758946,8.94350288875308,21.0424017592863,21.2910969469969,8.94348151904227,9.53847638927907,8.94349198758946
"4076",10.6525352567405,7.86028229660053,190.918175101109,22.1001601548161,10.1529629638401,8.86482842671621,6.65343945205622
"4077",9.47917371070105,13.4738204229943,11.0925475925412,10.9877102126221,10.5730815239784,10.8730509811645,12.4240705111576
"4078",4.226012371822,6.21512801439978,4.84611887207421,4.33251207568796,4.60863507903778,4.62167155810647,6.93733709340616
"4079",15.2959188240271,5.07023824838308,5.81545355734173,5.07023824838308,5.07023824838308,5.07023824838308,5.07023824838308
"4080",11.249779165098,11.249779165098,11.249779165098,11.0753768236953,11.249779165098,11.249779165098,11.249779165098
"4081",65.349926613449,58.6271111015798,65.349926613449,65.349926613449,65.349926613449,65.349926613449,58.5938678104069
"4082",65.3552751164302,67.7635628017186,65.9290718526585,67.7170892575299,67.3216062528639,67.9555116499475,67.9033915252966
"4083",96.1755059500036,95.2788286996821,98.7629905355827,98.3738311745071,98.0962225353648,102.377537693124,102.524597917623
"4084",86.2562087207681,86.6314578578674,86.5185201669598,85.1232862989709,86.0933023457065,83.4040304506743,83.6567490481046
"4085",72.3249669215794,72.3249669215794,72.3249669215794,72.3249669215794,72.3249669215794,72.3249669215794,72.3249669215794
"4086",51.4626474978639,39.440581816027,52.1688756407914,60.3946092859622,43.4473162226295,67.8154696933789,41.5193391786621
"4087",44.7092750848298,37.8140894079263,47.252707369668,48.7278165072142,48.4308842253832,46.5250401752269,37.2359167805873
"4088",77.5645055267746,75.8282001213949,74.9764159486256,76.5509628848521,76.7405718564995,77.1855665004109,75.6959038446171
"4089",73.1374959046612,59.75555402553,66.2039027374181,62.0893706183047,54.526430120845,48.656906977382,23.802698718342
"4090",99.9717271393753,103.013012957397,115.484106566812,112.184448601256,113.635667789306,120.938496179639,108.525809922795
"4091",60.093254879809,55.0549246442025,69.8250735777549,58.5801386235636,80.4819697860687,62.3593115682367,61.3421706757217
"4092",65.9302007597185,69.7811529873503,76.1669039022605,67.2782286016826,83.5268838483509,66.3826664520599,69.7277963435624
"4093",118.34557964915,130.014124480821,119.171803853746,131.784950250278,120.037842338242,130.872639206792,120.665909204956
"4094",78.0151376157267,78.0151376157267,78.0151376157267,78.0151376157267,78.0151376157267,78.0151376157267,78.0151376157267
"4095",63.9026935568648,63.9026935568648,63.9026935568648,63.9026935568648,63.9981706393,63.9026935568648,63.9026935568648
"4096",100.187290513247,97.6004397526082,92.7427425727701,95.4147867928591,96.5485120630459,95.6803361736692,98.5404471054018
"4097",73.5886557741996,73.5886557741996,73.7675806222302,69.4781098808675,73.5886557741996,73.5886557741996,73.5886557741996
"4098",39.8702415754931,39.8702415754931,43.2704759092563,40.0258853992703,45.8619348296701,40.0258853992703,39.8702415754931
"4099",28.613803987415,24.6890734146583,30.8850189240064,28.7073646348971,32.1741507495221,28.7073646348971,24.6890734146583
"4100",91.3057866598195,92.3186191721914,93.7665292198036,92.3186191721914,91.0802132649146,92.3186191721914,92.3186191721914
"4101",52.2420865914018,52.2420865914018,52.2420865914018,52.2420865914018,52.2420865914018,52.2420865914018,52.2420865914018
"4102",4.98251142676067,6.01348454418058,6.14366751798943,5.21329592685626,6.7830897212245,24.3079344473003,47.8564809127024
"4103",4.51772601693348,3.86107442344315,4.51772601693348,4.51772601693348,4.51772601693348,16.7057464948322,15.0290198456261
"4104",7.07170254241033,8.13929742904083,6.56144835274742,7.07819566795788,7.07819566795788,7.13956700197442,7.07819566795788
"4105",16.226607655466,22.9548442341156,19.2828658910489,15.6922492722363,15.6922492722363,15.6922492722363,15.6922492722363
"4106",30.7663017077068,46.9606283849634,34.3545889876794,28.6876473908004,28.6876473908004,28.6876473908004,28.6876473908004
"4107",33.2907102168464,31.553584042092,28.8379319576589,30.7544540583313,26.4148842209538,27.401271197179,27.4386346183888
"4108",175.220307189434,174.36384873762,171.54899095692,173.559741820976,307.831006123829,167.352709260168,163.02504078166
"4109",712.688036064876,692.506090181168,692.829463572346,692.607752114329,695.393285769442,702.617448845934,678.227609455111
"4110",554.966329672275,1010.07717963505,540.791154013198,554.966130614635,1053.06393403349,1000.97700700178,511.526175179415
"4111",1352.19158302356,472.493640852959,465.84182941478,1346.66927911599,491.655732533911,468.570752505119,422.597647818488
"4112",56.2372019312438,34.3212028662441,34.3268681226742,35.3442213983872,36.6519838088868,36.807962844586,35.9963576072569
"4113",501.757223942582,501.168232012812,495.303722395579,489.11747800907,488.427883394117,485.313449608951,486.622298468639
"4114",551.165859991914,551.165859991914,1234.34879261937,551.165859991914,551.165859991914,551.165859991914,1230.10090655607
"4115",58.995496001525,48.7865153282977,48.2989190509292,45.3909016598494,44.9160156471312,45.7674627985358,44.7480956422356
"4116",527.605506193427,528.903039642168,525.773065084166,525.075072341157,524.857522708852,521.549481809978,525.518504747853
"4117",92.4704249871877,93.7116355821026,92.4704249871877,86.6756895203033,92.4704249871877,86.6962157860251,97.5776661685381
"4118",309.860203921556,309.860203921556,309.860203921556,309.860203921556,309.860203921556,309.860203921556,309.860203921556
"4119",552.737505122072,552.737505122072,553.452351334825,553.708842427045,552.737505122072,552.737505122072,564.735087223127
"4120",542.564586531097,542.564586531097,542.564586531097,542.564586531097,542.564586531097,542.564586531097,542.564586531097
"4121",22.5793132850222,23.2597956784905,24.4053854921292,21.6033100766747,23.9863810660778,23.7346622069548,21.8830744145335
"4122",18.2841091191726,18.2841091191726,18.2841091191726,18.2841091191726,18.2841091191726,18.2841091191726,18.2841091191726
"4123",25.6837318627944,25.6837318627944,25.6837318627944,25.6837318627944,25.6837318627944,25.6837318627944,25.6837318627944
"4124",17.7865087814636,15.8909468556476,15.8909468556476,15.8909468556476,14.3612431613575,15.7540256621608,15.8909468556476
"4125",15.5962145916853,15.5962145916853,15.5962145916853,19.4332050595096,15.5962145916853,19.4332050595096,15.5962145916853
"4126",16.2347911791097,4.57531684109535,6.30600499515,6.33904936174813,6.30600499515,5.75767785096711,3.64685050340411
"4127",7.15235757894915,4.03205611055525,4.93968342815355,4.86175473630596,4.58829497661106,7.21331322184257,3.95934233585302
"4128",15.7756876149072,12.3410799887399,9.89308765972664,10.0140266855127,9.9440843806598,41.6959678501932,12.4158864936307
"4129",6.57623917681064,6.57623917681064,6.57623917681064,6.57623917681064,6.57623917681064,6.57623917681064,6.57623917681064
"4130",5.96295467795283,4.30042932306109,5.96295467795283,5.86027666088514,6.03674500907676,5.96295467795283,4.25394896536778
"4131",6.34393499127399,6.79587143466126,6.79587143466126,6.79587143466126,6.45287141622555,6.34393499127399,6.34393499127399
"4132",5.90161235087315,5.90161235087313,5.90161235087313,6.70899503299503,6.5907366521344,5.90021891835735,6.26125148708732
"4133",7.77906632944064,7.77906632944064,7.77906632944064,7.77906632944064,7.77906632944064,7.77906632944064,7.77906632944064
"4134",4.04582490780259,3.93660537961003,3.93660537961003,3.93660537961003,3.93660537961003,3.93660537961003,3.93660537961003
"4135",22.5020464245906,22.5020464245906,22.5341026505497,22.5020464245906,22.426728694358,22.5020464245906,22.5020464245906
"4136",11.488897690031,11.488897690031,11.488897690031,11.488897690031,11.488897690031,11.488897690031,11.488897690031
"4137",18.6416357750453,18.6416357750453,18.6416357750453,18.6416357750453,18.6416357750453,18.6416357750453,18.6416357750453
"4138",7.47027307708953,6.27394383349673,7.44651031824053,7.47027307708953,7.56969622105258,7.46363206329968,6.27394383349673
"4139",13.9167364261729,13.9167364261729,13.9167364261729,13.9167364261729,13.567624439718,13.9167364261729,13.9167364261729
"4140",6.19250027277741,6.19250027277741,6.63756373974352,6.62091501222517,6.19250027277741,6.19250027277741,6.19250027277741
"4141",22.2434503364867,22.4905185409782,22.2434503364867,22.2434503364867,22.2434503364867,22.2434503364867,22.0065104195418
"4142",6.9605443300697,6.9605443300697,6.9605443300697,6.9605443300697,6.9605443300697,6.9605443300697,6.9605443300697
"4143",10.2037825230769,10.2037825230769,10.2037825230769,10.2037825230769,10.2037825230769,10.2037825230769,10.2037825230769
"4144",11.0544813779947,11.0544813779947,11.0544813779947,11.0544813779947,11.0544813779947,11.3241373529341,10.78971821564
"4145",15.1916469791774,15.1916469791774,15.1916469791774,15.1916469791774,15.1916469791774,15.1916469791774,15.1916469791774
"4146",4.75885100878478,3.79119299239398,4.75885100878478,4.75885100878478,4.69195298143366,4.26354090114986,3.79557097490582
"4147",3.69763174470156,3.92728707459265,3.87413449512377,3.75581135061558,3.71455720597504,3.82732169098454,3.69763174470156
"4148",6.49912826216365,6.4967807403695,6.49912826216365,6.49912826216365,6.49912826216365,6.34495150854711,6.49912826216365
"4149",8.51014999784043,8.51014999784043,8.51014999784043,10.8674471582031,10.8674471582031,10.9034288156102,10.8674471582031
"4150",10.2002795786369,9.86386918018981,9.57894262699257,9.49643051303859,10.055696345535,10.1025505488334,9.44719351327292
"4151",47.6576150305791,46.8434229525901,47.5216195275473,48.0709052464967,47.8222987016675,49.3435672053477,46.8908437731535
"4152",66.9943874594784,46.8505142461389,65.8133563516777,66.9560903242213,97.0684915401926,98.3058668301483,47.4963833196353
"4153",8.36203177893488,8.24234846011835,8.66853681513105,8.89030701050563,7.2904249250527,7.81659743370599,7.77141893110617
"4154",19.3749146128699,19.3749146128699,19.3749146128699,19.3749146128699,19.3749146128699,19.3855716153227,19.4153800015066
"4155",16.1064312566866,16.1064312566866,16.1064312566866,16.1064312566866,16.4041861624527,16.1064312566866,16.1064312566866
"4156",5.87621835418259,5.87621835418259,5.87621835418259,5.87621835418259,5.87621835418259,5.87621835418259,5.87621835418259
"4157",7.33037836576842,10.8414389699945,5.83892006741117,9.7536444778041,7.47783893853666,6.14663993928617,11.7227500538498
"4158",10.0921806725981,10.0921806725981,10.0921806725981,10.0921806725981,10.0921806725981,10.0921806725981,11.4965430815884
"4159",10.5422132020968,10.6255563229595,10.6136604834477,10.5422132020968,10.7997635877273,10.5422132020968,10.5422041832637
"4160",18.3340861406329,14.4401155970688,17.6122852045401,17.7112336515897,17.7187506699115,17.7838130267886,14.3155763952859
"4161",7.19706221605323,7.21591661583627,7.19706221605322,7.19706221605323,7.33983909362067,7.19706221605323,7.19706221605322
"4162",7.5492541061317,4.88252439701227,3.98316413016322,4.0917547412773,4.0917547412773,4.0917547412773,4.0917547412773
"4163",23.6085016765716,19.7322413915614,8.5185827155696,10.907199646226,10.9025301887871,22.9772292303725,18.6929605400094
"4164",10.412415584013,10.412415584013,10.412415584013,10.412415584013,10.412415584013,10.412415584013,10.54623258717
"4165",6.52730965843597,6.52730965843597,6.52730965843597,6.56254214816717,6.63313739885641,6.54043292667817,6.54744384224692
"4166",9.6908581825101,9.70717650744542,5.87007695195996,5.87007695195996,5.87007695195996,9.70717650744542,9.70717650744542
"4167",17.2756587757186,17.6673279904038,17.9175702973015,18.0800075485003,18.7101729139042,17.859398560301,18.896512032183
"4168",5.89929774604722,6.40229197977379,6.05484436341779,5.62643393974582,10.446407717733,7.35704509149424,9.78201951723939
"4169",6.26138085126296,6.64761992681978,7.86087387536625,7.26548922463187,7.84228511895264,9.57140627596229,8.62942051410904
"4170",54.6555442822628,54.9057578877565,44.3418399109702,43.5809329290818,43.5011837614574,43.5011837614574,41.2192346350994
"4171",43.7271212766949,41.7205286750034,38.5385941592136,37.059507755337,37.770004596373,35.8301839973538,35.0248296950154
"4172",44.4040882949418,37.7845880772765,42.8587249427364,36.7507005883903,37.2676728333198,39.1990681651669,30.9869138987003
"4173",14.721594425061,17.3928732049238,18.4656446274019,20.2183201557927,20.0600793817001,19.7667772783287,16.0923675553487
"4174",13.3384059300782,11.6733979840079,15.6788350139043,16.9455286590345,16.9987644103086,16.9987644103086,12.6613325893172
"4175",21.9908344502375,22.7001701749316,22.560391275507,19.8001330223455,21.4077879947741,19.2279183569642,20.7585441856802
"4176",17.2841088301568,17.2841088301568,17.2841088301568,17.2841088301568,17.2841088301568,17.2841088301568,17.2841088301568
"4177",7.22460251808451,6.958721329439,6.94054894350544,6.94054894350544,7.02314584587351,6.97752905012759,8.64875427452197
"4178",15.1720531366914,12.4616289997249,14.5255667446433,14.5299594435797,14.8378891695239,14.5462796458337,18.2520303213254
"4179",14.2882339640178,12.0904341828916,13.5063466211476,13.8273310056667,13.9033573808256,14.0587094119706,12.2612678730587
"4180",6.50613170994523,6.83313769999484,7.09851021699659,6.70948416373889,6.74516929115775,6.58849686509064,5.67703146590051
"4181",11.1511650118127,11.1511650118127,11.1511650118127,11.0205624807744,11.1511650118127,11.1511650118127,11.1511650118127
"4182",21.1601888181326,21.1601888181326,21.1601888181326,21.1975497118842,21.1601888181326,21.6590021915279,21.1601888181326
"4183",10.6478526521238,10.6478526521238,10.6478526521238,10.6478526521238,10.6478526521238,10.6478526521238,9.38058478442985
"4184",9.47962522252888,8.02544539751315,10.2587877407475,11.3271851096299,7.4500657004315,6.29951752553081,12.0386727715538
"4185",4.02697393596554,4.09948129860333,4.29352591341186,4.34666887475474,4.34666887475474,4.34666887475474,4.34666887475474
"4186",5.48143778365902,5.48143778365902,5.30101745967412,5.48143778365902,5.48143778365902,5.48143778365902,5.48143778365902
"4187",8.69033369768141,9.1183798349084,8.8743217857849,8.72403296794145,8.6728553900399,8.69033369768141,9.1183798349084
"4188",13.7232687761591,13.7232687761591,14.0592464005495,13.7232687761591,13.7232687761591,15.2154034504395,13.7483245969188
"4189",9.3342450430231,9.3342450430231,9.3342450430231,9.21718965743376,9.3342450430231,9.3342450430231,9.3342450430231
"4190",13.9707093361818,17.1145875195864,16.4577103798003,15.1603300688794,16.1554727182138,17.6080014086867,14.3717363984536
"4191",9.10248003992224,9.10248003992224,8.71353065862777,9.10248003992224,8.98971243849503,9.10248003992224,9.10248003992224
"4192",22.7055128288549,22.7055128288549,22.7055128288549,22.7055128288549,22.7055128288549,22.7055128288549,22.6090122087842
"4193",30.9395082913515,34.3036640694687,31.3853755566855,30.5314827343581,30.7865407723336,32.7496145391574,33.1811817930982
"4194",7.50884530470547,7.50884530470547,7.53870148255724,7.50884530470547,7.50884530470547,7.54434750623829,7.50884530470547
"4195",35.0217371177415,34.7083390961051,32.9193717687276,35.0013664784472,35.0013664784472,35.0013664784472,35.0013664784472
"4196",23.287361366939,18.7536439562044,23.8689107013224,23.6885366094824,0,24.1768144356221,19.4657714015714
"4197",29.9106990209985,27.2934803371854,29.8397339411652,29.712569110629,29.712569110629,29.7115450069474,26.5265448768933
"4198",32.474640980728,32.520958344889,32.474640980728,32.474640980728,32.474640980728,32.350459136084,32.474640980728
"4199",7.98821122099065,7.98821122099065,7.98821122099065,7.98821122099065,7.98821122099065,7.98821122099065,7.98821122099065
"4200",15.1542429183654,15.1542429183654,15.1542429183654,15.1542429183654,15.1542429183654,15.1542429183654,15.1542429183654
"4201",13.8379020774047,13.8379020774047,13.8379020774047,13.8379020774047,13.8379020774047,13.8379020774047,13.8379020774047
"4202",19.2198848226374,18.690111422958,18.4954296797442,19.0710759936048,18.9844507698694,18.9396812622189,18.8988641035356
"4203",16.7608633328119,17.7956103565873,16.3423120009282,17.6417725739152,16.3348615247982,16.2942834774227,16.0524697496124
"4204",14.4937836010848,14.3717464787236,14.4430829311742,14.0234799405757,12.9027204065862,13.9456321514209,12.427130531915
"4205",14.3654950132579,10.0869241127314,12.9386713516001,11.7358031247716,12.331368213517,12.2334860929005,6.31007074791362
"4206",9.34858757057866,6.43218014581109,10.503003582844,8.70109477424029,8.70109477424029,10.1045937674318,6.43218014581109
"4207",5.96982144682395,5.58217335583286,5.62680337975127,5.58217335583286,5.58217335583286,5.27577085029394,5.40010662255712
"4208",21.5978411489586,21.5978411489586,21.5978411489586,21.5978411489586,21.5978411489586,21.9106239627202,21.5978411489586
"4209",11.224997177005,8.29267749930647,11.2669634483804,11.1389848194803,11.1245118988113,11.1245118988113,8.32298279064214
"4210",9.43681448949633,6.95345932541874,9.17029267768877,9.13865750714463,9.00176701494288,8.79676253521062,7.06305466311507
"4211",12.1286675780428,12.1286675780428,12.1286675780428,12.1286675780428,12.1185960108978,12.1286675780428,12.0780381974927
"4212",5.5454454835473,5.52273079276342,5.5454454835473,5.5454454835473,5.5454454835473,5.5454454835473,5.5454454835473
"4213",8.66553389787263,8.39286612463904,8.39286612463904,8.58141070818457,8.36802693179979,8.39286612463904,12.7309456743847
"4214",4.9564191941878,5.33951104141661,4.93997564691387,4.9564191941878,4.96568993741971,4.95682331417419,9.18396188811507
"4215",11.2538957070656,11.2538957070656,11.3312241418492,11.2538957070656,11.2538957070656,11.2538957070656,11.2538957070656
"4216",5.43243268121074,5.43243268121074,5.43243268121074,5.43243268121075,5.30454842924144,5.43243268121075,7.41824855262963
"4217",6.40263467618596,6.40263467618596,6.40263467618596,6.40263467618596,6.40263467618596,6.40263467618596,10.6116960225915
"4218",7.6247493183905,7.86755060826484,7.45878616681986,7.25254412214899,7.38502026773551,8.1125986789051,12.9769685203429
"4219",13.0165585397202,13.0165585397202,13.0165585397202,13.0165585397202,13.0165585397202,13.0165585397202,13.0165585397202
"4220",4.0369763019542,4.24322204460483,4.24322204460483,4.24322204460483,4.40654338709806,4.70238760236013,7.35775320236118
"4221",6.8356430033512,6.84442059230222,6.8875226574207,6.88913963893606,6.88913963893606,6.83889335790728,9.05505221333945
"4222",7.20537010529862,7.09683081347313,7.20536410600215,7.20537010529862,7.20537010529862,7.20537010529862,11.6753766734792
"4223",6.72617327968609,6.84466418245429,7.7234002623308,7.44216376806704,7.94586852422331,7.96890053738953,16.4088987014848
"4224",10.7480720215079,10.3218628203048,11.1130682005991,11.2723018242541,11.0652000773523,11.4025627134618,15.2637420352343
"4225",10.3937825062113,8.22929297790302,10.4275826778003,10.5536977724806,10.2293758183165,10.246627235727,8.34569160920213
"4226",6.67635972595397,6.5792141405137,6.67962392177775,6.67635972595397,6.67635972595397,6.67635972595397,6.67635972595397
"4227",18.9904682645306,18.996499637361,18.9904682645306,20.6606244891107,19.6754718130317,20.1925645130792,19.2197083322388
"4228",8.25663982911226,8.81773848122361,8.25663982911226,8.38678062811962,8.25663982911226,8.59133269314622,8.25663982911226
"4229",3.3475080862152,3.91371660948248,3.27732772348254,3.19208132052815,3.07302341167095,2.81968478802716,3.80867157160502
"4230",19.7100304898629,16.3887868127187,20.0540422788177,18.9210285214641,20.0800326352801,20.0800326352801,17.4119293477023
"4231",4.53582837291783,4.53582837291783,4.60216487553411,4.53582837291783,4.53582837291783,4.53582837291783,4.53582837291783
"4232",13.6638100469445,13.6638100469445,13.9879159908826,14.2990289074316,14.0833999825318,13.8681601646706,15.2659749631914
"4233",19.4188424150995,23.4224378847379,17.8469766086513,17.6902208647667,17.6739343515204,16.9024468639183,20.3447764331164
"4234",5.09911088004269,4.2664590165228,5.09911088004269,5.09911088004269,5.09911088004269,5.09911088004269,4.26645901618888
"4235",9.23811399583805,8.78961942935413,9.12515210383081,8.80007499546184,9.21223537107318,9.17489296282263,9.27631455495867
"4236",12.3366034664284,7.30973921234801,6.94788212671863,5.80199545372338,9.92761059953845,13.5118565379317,5.53229386715391
"4237",14.1819178211811,6.1503993413517,6.22494326720751,6.15040067584209,13.8485277722665,20.8178214256335,6.70846648764977
"4238",10.8439247490583,10.8439247490583,10.9702621899978,10.8439247490583,10.8439247490583,10.8439247490583,10.8439247490583
"4239",4.71569458763027,4.71569458763027,4.71569458763027,4.71569458763027,4.71569458763027,4.71569458763027,4.71569458763027
"4240",6.10193951270206,6.32564782910048,6.59845969587512,6.2438097567556,6.137408578803,6.47857631570392,6.35494194207184
"4241",11.9476669380786,5.04107915134875,4.67734183119051,4.83052787732738,11.1665704676839,21.1909449225152,5.04182841164028
"4242",5.45304192214994,5.45304192214994,5.45304192214994,5.45304192214994,6.28215685331904,5.45304192214994,5.45304192214994
"4243",9.43035161532772,9.43035161532772,9.43035161532772,9.43035161532772,9.43035161532772,9.43035161532772,9.43035161532772
"4244",22.3172904025085,21.1278763012325,23.891234420422,23.7982364394189,23.8302118952899,23.826119031328,20.8298882675271
"4245",12.0356971327423,10.9368771205159,11.8838484104096,11.851727740314,11.8468557054404,11.8468557054404,10.5067320711106
"4246",21.1201316064094,17.7188964610933,20.8480546892855,20.9622636927943,20.6130885823126,20.5700679835691,17.2088825648311
"4247",11.3105499606299,11.304450396762,11.3105499606299,11.3105499606299,11.3105499606299,11.3205617791947,11.3105499606299
"4248",14.8289376844352,14.672329452047,14.81152654057,14.81152654057,14.8229526701573,14.7956516021056,14.81152654057
"4249",8.19108511654804,8.19108511654804,8.19858002309925,8.03473695534426,8.53798165672053,8.19108511654804,8.19108511654804
"4250",23.3027347415411,23.3027347415411,23.3027347415411,23.2955101520014,23.1548837118454,23.3027347415411,23.3027347415411
"4251",6.4779924263805,9.02778888275897,6.4779924263805,6.4779924263805,7.57644951089888,7.57644951089888,6.39039240625751
"4252",4.20266918766065,8.93108418374696,4.51947553244176,4.96541654171396,7.28053622610507,7.28053622610507,6.83181844068989
"4253",7.14241894822286,8.83286151628081,7.14241894822286,7.14241894822286,8.35737655025187,8.53451725655905,7.44214842223377
"4254",4.83672699082771,3.66479910403177,4.95180106681676,4.83672695143655,5.28182828465201,5.28182828465201,3.28402380365122
"4255",24.0123292990982,18.7439479577555,19.6681281526041,18.6557767597961,19.3238263022938,19.2221041502363,20.1569554863575
"4256",7.27897706234899,7.09963834919006,7.31743349670413,7.16771505439486,7.30137537171623,7.1759622270865,7.09963834919006
"4257",4.05595274522614,5.56830976095299,3.99706656932823,3.98800451456012,3.79120646100012,3.8515036733975,5.56420202392006
"4258",35.2362819824172,28.7599601962879,38.2975260645213,38.1703621098738,37.9997999880604,37.9997999880604,29.1331029704916
"4259",35.3067914859905,31.5275890534986,49.9315920986076,35.3618644743063,36.9155861968825,36.5752014902162,31.4106591168037
"4260",42.4274816595645,41.951786888263,67.8429909725735,42.3862328573336,42.9767598176999,42.3862328573336,41.3449617789607
"4261",66.0509377089074,65.0650319960895,76.4247883396627,66.07117624441,66.0509377089074,66.0509377089075,64.2801993349417
"4262",27.4246431979719,21.8448794394428,33.4801974059334,29.8846773272444,30.3985459971636,29.9700611247949,22.6550545608493
"4263",25.8683282921836,21.834072280685,42.4143578632004,25.6239252276341,25.8688103226753,25.3478074449629,21.4593043180848
"4264",30.3034002432485,30.3034002432485,40.276967613894,29.9500412447964,30.3034002432485,30.3034002432485,30.3034002432485
"4265",32.0481476756068,32.0481476756068,38.0966515191433,32.0481476756068,32.0481476756068,32.0481476756068,32.0481476756068
"4266",40.5863095304682,31.1642012001619,51.0950473417967,40.705994736288,42.1074423951602,41.8868562906265,31.1576278162901
"4267",97.510484523795,90.1992980485937,155.194729412012,106.555988586248,104.70584881141,103.819609534862,85.9511733042837
"4268",64.0964598120548,63.6002477070771,90.6228941423407,56.4344741874174,64.4275806301634,64.309827649472,63.0238155269089
"4269",79.2091724116528,67.8574433032404,110.574954833047,78.236608523466,82.1922692473255,82.5128416640267,72.1892219513487
"4270",66.4658239890272,62.2693432462585,103.962590233225,65.2780311983047,67.185526418025,65.733308516764,63.4408482386248
"4271",49.4791267643336,44.9253983330599,71.0598393265357,41.719509056969,47.6698767183816,47.471315773362,44.7070947571775
"4272",83.9625306994321,80.4438960391537,127.725642871229,86.8872481233296,86.8644423394535,86.8872481233296,81.0795993915427
"4273",60.9188026366062,54.698853177198,99.6716019483949,62.0658801370554,64.559137694926,63.7960226684313,55.7816234618667
"4274",65.2472101712735,46.7956166426437,117.254072180241,74.3179099751746,75.1792897095483,79.6533141309253,62.7170378907854
"4275",33.0089172952511,28.7783019539994,60.7001696467166,37.2387065999341,41.2321109850022,40.2957442125749,33.2314751208196
"4276",27.1324154107321,20.7847616168302,41.0940131649238,23.5282483079244,27.1324154107321,25.0025022404593,24.3862604805396
"4277",89.2802765763153,69.9715948567223,113.703478307883,87.9212505745001,84.147083911618,84.4596356382214,64.8923622906697
"4278",56.3877726745316,48.666734504937,87.2364536032752,57.6349731310488,58.6289555234826,59.0493243742178,51.3462513047704
"4279",16.627242841158,15.5725025991812,13.7138740572417,13.4753204307306,13.786061822132,13.7954297303229,11.3952457245577
"4280",49.9012849028779,40.785290527034,55.5662539562254,50.4775091872964,50.4890096878908,50.6615661010875,40.7852188427605
"4281",79.2494272508269,80.5398169537989,82.6311373327863,89.7909521957214,83.3719339158132,83.3893585435571,79.5283600062134
"4282",80.0354169964797,67.7754715068778,85.2849491838833,80.0354169964797,80.0354169964797,80.0354169964797,68.4494427972533
"4283",68.3125672365518,50.8286247250939,72.1423153288306,67.2598795821729,67.1938641331926,67.1938641331926,49.3496564569738
"4284",46.7589133486324,39.187461226781,48.3462513356106,48.7283982939552,49.2856227235582,49.272190362608,39.8889092630775
"4285",43.1240567563258,29.8601470789816,49.7626399383867,31.5749970696641,45.0368132928032,45.8050470397422,30.8733028128339
"4286",63.3617694917646,51.8828249209784,64.6664626187269,66.3060889795327,66.8795654398191,66.7077366936044,53.3855084181528
"4287",7.81551712921714,8.3047281962339,7.89003138103134,7.81551712921714,8.58908502511484,7.81551712921714,7.81551712921714
"4288",6.61643602315539,6.61643602315539,6.61643602315539,6.61643602315539,6.61643602315539,6.61643602315539,6.61643602315539
"4289",3.77703827571837,3.77703827571837,3.84094589412853,3.77703827571837,3.77703827571837,3.8212623433845,3.77703827571837
"4290",6.71347006276833,4.7461882410379,6.00669571435562,6.73858469250878,6.30658772935307,6.79701473049932,5.03029832858919
"4291",8.89882887816025,6.41634425167635,8.27410100524869,7.93387517589322,7.95056840346305,7.91339710427397,5.32804526447796
"4292",19.8358072396361,20.3533461435505,28.4581506607117,21.8602374641771,21.6504005735538,21.8602374641771,21.6318832072582
"4293",36.2414832769075,36.2414832769075,52.0017122379454,36.2414832769075,36.2414832769075,36.2414832769075,36.2414832769075
"4294",19.7274999440526,20.9166538941504,30.7044573324782,23.3242900328143,23.479756560765,24.3160105800021,25.0557781834596
"4295",24.5482874438485,19.9604191895451,19.519880747408,18.3201569039251,23.2561698613774,21.2689532224715,20.7660161953893
"4296",13.9211891729082,13.765700400543,11.8640115526231,15.1575267954592,14.5973549112342,14.4970182172869,14.4824314873732
"4297",12.077977988278,12.077977988278,12.097559048819,12.077977988278,12.1019041279169,12.077977988278,11.2529525129313
"4298",9.61985937484417,9.61985937484417,9.61985937484417,9.61985937484417,9.61985937484417,9.61985937484417,9.61985937484417
"4299",4.3651599222933,4.3651599222933,4.3651599222933,4.3651599222933,4.3651599222933,4.3651599222933,4.3651599222933
"4300",14.2502333730392,14.2502333730392,14.2502333730392,14.2502333730392,14.2502333730392,14.2502333730392,14.2502333730392
"4301",44.5737631845648,37.3537380033577,34.5985746199065,34.5269927457137,34.5269927457137,34.5269927457137,34.5269927457137
"4302",10.5723542659896,7.77525893016128,10.5481172681107,10.5325412418692,10.5479632684917,10.4395688091928,8.29599475305382
"4303",18.003383109679,18.003383109679,18.003383109679,18.003383109679,18.003383109679,18.003383109679,18.003383109679
"4304",8.38094017156954,8.38094017156954,8.28500585022944,8.35049906529876,8.38094017156954,8.38923617723129,8.38094017156954
"4305",4.34903040860003,4.34903040860003,4.34903040860003,4.34903040860003,4.34903040860003,4.34903040860003,4.34903040860003
"4306",6.07529459334537,6.0002398804552,6.07529459334537,6.07529459334537,6.07529459334537,6.07529459334537,6.07529459334537
"4307",5.63533859368388,5.63533859368388,5.63533859368388,5.63533859368388,5.63533859368388,5.63533859368388,5.63533859368388
"4308",11.1760325746194,14.2355370472637,11.1760325746194,11.0761088650726,11.2912113697176,11.1760325746194,14.2761157835838
"4309",16.218660674729,15.6485820536695,16.2194150807114,16.330519291722,16.949335229283,16.8802103190923,16.1117069427383
"4310",10.7095154367797,10.5174496469401,10.6731498385993,10.7881031413725,10.7976806818698,10.8943019425285,10.9081344477299
"4311",7.00465152084085,7.00465152084085,7.00465152084085,7.00465152084085,7.00465152084085,7.00465152084085,7.00465152084085
"4312",12.5396056675061,11.9545416472064,12.5428994365928,12.5528702522902,12.5396056675061,10.6491615159926,9.86286709316728
"4313",127.984673174722,124.387777631708,130.563241201889,124.992423745626,128.659257531694,126.767030971026,126.428381834541
"4314",281.090268904802,269.889046825236,278.215299309304,280.07458474809,281.621544162516,281.901676901955,272.949687494435
"4315",309.578071125564,309.578071125564,309.393367206014,309.578071125564,309.578071125564,309.578071125564,309.642548411985
"4316",71.1425691000635,76.3081572191804,69.2424011754189,68.8619804443157,70.0560380213341,70.5815745988862,77.3382103162342
"4317",202.198053135286,204.064587889188,203.914252916726,203.576743368804,203.352720015599,202.198053135286,204.682535891215
"4318",214.947376168369,214.947376168369,214.800925606449,214.845178812093,214.866793302775,214.947376168369,214.947376168369
"4319",27.3027480570261,27.3027480570261,27.3027480570261,27.3312370489519,27.3027480570261,27.3027480570261,27.3027480570261
"4320",26.415715293483,26.415715293483,25.9954353649126,26.415715293483,26.415715293483,26.415715293483,26.415715293483
"4321",28.4227744388028,30.8922533637977,28.4227744388028,27.2607796524027,27.7513149994558,28.4227744388028,27.7322241237614
"4322",15.9824099736223,15.6732011476768,15.9824099736223,15.9824099736223,16.0590270184736,16.1831717026289,15.6732011476768
"4323",27.5677922856227,23.9036755095931,27.5677922856227,22.7347478968542,25.1554408922648,27.5677922856227,27.5677922856227
"4324",18.801757186812,18.801757186812,18.801757186812,19.0570901922586,18.8035110980853,18.801757186812,18.801757186812
"4325",13.3448101706387,10.6391168814314,13.2678850165799,13.1106212751132,12.787557584556,12.9370566609858,11.1005068929866
"4326",11.1296963794742,12.2872673367467,10.0671062464363,12.1393943659638,11.4415976844923,12.1106736366039,12.4367771937685
"4327",3.5762524128821,3.5762524128821,3.5762524128821,3.5762524128821,3.5762524128821,3.5762524128821,3.5762524128821
"4328",5.75962441347412,3.78010769322464,4.64181461053667,3.70793595096535,4.564078864842,4.3563966888161,4.73634172817486
"4329",10.5596233200492,10.5445089312413,10.5149105710444,10.4856975919629,10.5596233200492,10.5596233200492,10.5596233200492
"4330",4.39720670745228,4.39720670745228,4.39720670745228,4.39720670745228,4.39720670745228,4.39720670745228,4.39720670745228
"4331",3.11768664994367,3.11768664994367,3.11768664994367,2.85968722643998,3.54701499117569,3.11768664994367,3.11768664994367
"4332",4.27545253845273,4.67739021220566,4.14361044748918,3.87793048266809,4.44162923348057,4.06545164080635,3.59682671173452
"4333",18.4911617009813,22.4422290826472,18.4911617009813,18.4911617009813,18.4911617009813,18.4911617009813,22.5537969528188
"4334",15.7927204759265,15.7927204759265,15.7927204759265,15.7300870471977,15.7927204759265,15.7927204759265,15.7927204759265
"4335",10.3093603522716,10.3093603522716,10.2921845407652,10.1502377770506,10.2079766491583,10.3093603522716,10.2390262749333
"4336",6.20387049726796,6.20387049726796,6.20387049726796,6.21074766962729,6.20387049726796,6.21037312825497,6.22553437284657
"4337",13.5869919312042,13.9432905903176,13.9918882843967,12.8113601944732,12.9039096559,16.331223829034,14.9245794736345
"4338",5.88463239071538,5.88463239071538,5.88463239071538,5.88463239071538,5.70624937203696,5.88463239071538,5.88463239071538
"4339",3.68583507446912,4.0028607990109,3.68583507446912,4.06610359264419,3.68583507446912,3.68583507446912,4.13448165875807
"4340",6.09363195743782,5.86063705236369,6.08326291435929,6.40557746846711,6.09363195743782,6.09363195743782,6.09363195743782
"4341",10.2322997391473,9.50827836475149,8.8250607309562,8.73890616325176,9.28722615691337,10.2119170528571,18.3804714439419
"4342",8.67525307604152,8.82165263722981,8.6443720157019,8.28230252373866,8.51626935282712,8.03303877034324,8.40097020581639
"4343",4.62351857965588,4.62351857965588,4.62351857965588,4.62351857965588,4.62351857965588,4.62351857965588,4.62351857965588
"4344",8.58794093846079,8.58794093846079,8.25834883533269,8.58794093846079,8.3755137581852,8.58794093846079,8.58794093846079
"4345",11.1498063675087,11.1363522211698,11.1498063675087,11.1498063675087,10.7808812533055,10.8549697679225,11.1498063675087
"4346",6.71692543253323,6.71692543253323,6.71692543253323,6.71692543253323,6.71692543253323,6.3422275682363,6.71692543253323
"4347",3.29477171354356,5.30988930787304,4.41434055953301,4.27482891635702,3.91739853036189,4.54819142580247,6.20626851098796
"4348",3.35940980789917,3.35940980789917,3.35940980789917,3.35940980789917,3.35940980789917,3.35940980789917,3.35940980789917
"4349",24.0554744906918,21.5008987894423,21.5008987894423,21.5008987894423,21.4421445891387,24.2420216570815,21.5008987894423
"4350",4.9312643706175,4.9312643706175,4.9312643706175,4.9312643706175,4.9312643706175,4.94501527162406,4.9312643706175
"4351",12.6258038163699,15.5096681696808,15.2656252594476,14.3660430925769,15.2996227066125,15.0041000423668,15.7116198739478
"4352",5.00542720601108,5.4382190061448,5.53313491178096,5.54375081797105,5.54375081797105,5.54375081797105,5.55179827115099
"4353",7.1971965786913,6.22485199792519,7.1971965786913,6.09245506852151,7.1971965786913,7.1971965786913,7.1971965786913
"4354",6.160835345667,7.82468360966508,7.44146642117663,7.63829591291104,8.05266713599972,8.05266716898586,8.54001948633152
"4355",21.4065596294236,21.3773074746088,21.6352682692487,21.5006207687332,22.1145728677645,21.9027074913255,21.7373255119746
"4356",65.204978033291,65.204978033291,65.204978033291,65.6019552164511,66.9730177290893,65.204978033291,65.204978033291
"4357",56.9316373691005,55.3613034421104,55.3613034421104,55.3613034421104,55.3613034421104,55.3613034421104,55.3613034421104
"4358",62.5583878819861,62.5583878819861,62.5583878819861,62.5583878819861,62.8677823463473,62.5583878819861,62.5583878819861
"4359",46.0608652353547,46.0608652353547,46.0608652353547,46.0608652353547,46.0608652353547,46.0608652353547,45.6644964294399
"4360",8.31716574741081,8.31716574741081,8.31716574741081,8.31716574741081,8.31716574741081,8.31716574741081,8.31716574741081
"4361",5.08616717957477,5.08616717957477,5.08616717957477,5.08616717957477,5.08616717957477,5.10552567736753,5.08616717957477
"4362",23.3585072602932,23.3585072602932,23.3585072602932,23.3585072602932,23.3585072602932,24.8278088477589,23.3585072602932
"4363",32.4500986631252,28.2038453018817,27.0270612860335,26.5642912258028,26.1329260654868,26.0549819345375,23.1489923997942
"4364",17.2120123538286,17.2120123538286,17.2120123538286,17.2120123538286,17.2120123538286,17.2120123538286,17.2120123538286
"4365",9.88079264714267,9.88079264714267,9.82639916663911,10.2038850785276,9.88079264714267,9.85521162317416,9.858046603695
"4366",13.355642390916,13.2633283171386,13.195582678053,13.2157444858962,13.3002656042626,13.2398596545099,13.208162495937
"4367",10.9927820978158,11.0084719762274,10.9927820978158,11.0854757798967,10.9927820978158,10.9927820978158,10.9927820978158
"4368",3.37135440013651,3.85373210286343,4.45191688425296,3.51021961861039,3.58509464249375,3.2790634930025,3.5610020941747
"4369",49.4268487779553,52.4572401835312,49.5147295011801,49.1767610386916,56.0190989509736,49.1767610386916,45.4170894346374
"4370",68.4792801452201,71.2931572544436,69.6402421382931,69.0378634606454,75.7637207269448,69.3990248104697,60.0085813426969
"4371",21.5546876843854,42.0189302153545,45.2408804534,34.0068499013496,48.8447490011469,32.0847022434685,23.7421986552237
"4372",43.9233189598053,60.6398948223557,45.5931336819748,45.198157638888,65.5740270336227,45.4160768968877,41.770388981967
"4373",36.7046594905297,51.2276492825395,37.1864919056535,38.9529538286811,78.7356030197418,40.9752596413496,32.8598132791534
"4374",33.0190669744214,37.8841433686959,35.3729281752661,32.4821507711768,42.5438710005338,32.4523975072753,28.0709362889239
"4375",25.9165137285917,26.4686923124952,25.8006879607975,25.6348624850637,34.2517990420601,25.9165137285917,19.9737220178063
"4376",64.2274829618046,67.5129101528675,64.4213454269472,64.2274829618046,69.2162262487325,64.4296209895345,64.2274829618046
"4377",33.9222472072183,27.8794181363444,33.9124942753699,33.366160686833,55,0,0
"4378",7.18555499950567,7.18555499950567,7.18555499950567,7.18555499950567,7.18555499950567,7.18555499950567,7.18555499950567
"4379",17.0100589852001,16.692654791809,17.279113829544,17.3905983309886,16.7253234153017,16.7253234153017,16.692654791809
"4380",20.967374021482,19.4743083075494,18.7493124232212,18.7372465006101,17.7410427812942,17.1180057852951,16.8331663598579
"4381",10.2466248122707,10.6167553546969,10.3799734240418,10.5372920054288,10.6669709530547,6.70822056551174,9.43202365541415
"4382",15.6597066684962,14.6689602146578,15.6557514621517,14.9313259632536,14.9313259632536,10.5223646272887,12.501991326877
"4383",9.79111655097938,7.87496436163192,9.52590819365066,9.52590819365908,9.19265785212085,9.0711594809764,7.9942655547599
"4384",3.68055215772257,3.68055215772257,3.68055215772257,3.68055215772257,3.68055215772257,3.68055215772257,3.68055215772257
"4385",14.3116370127752,15.5004002575782,16.350870817829,17.9494084349035,15.1664199191696,16.1324563490783,9.05586917649306
"4386",16.590855957983,13.4302749380155,16.0218832884029,16.4735570434696,16.3095008354168,16.7853891330617,14.2471354862457
"4387",7.55770607884361,5.81954765111417,8.02194179517866,8.87810557395061,8.78950503992774,9.05951453624836,7.2925159777242
"4388",6.51081827439489,6.4447039292413,6.33644840955507,6.34546950640364,6.32409039628966,6.29763022154823,6.4447039292413
"4389",8.14912147267373,8.14912147267373,8.14912147267373,8.02761669598569,8.14912147267373,8.14912147267373,8.14912147267373
"4390",46.9934321959988,47.0020992691822,54.3425444134034,46.9934321959988,46.9934321959988,46.9934321959988,46.9934321959988
"4391",29.8174677218889,28.9554582046362,42.0402972237032,29.8174677218889,29.6742079425502,29.7775525182145,29.5627692616728
"4392",4.35450453452145,4.40206844343875,4.35895644515898,4.3894246596847,4.40206844343875,4.40206844343875,4.40206844343875
"4393",149.940037564224,144.697735480239,149.302692531903,148.992905865733,150.218058645373,150.059132977018,147.204727237378
"4394",98.5450963442645,98.5450963442645,98.5450963442645,98.5450963442645,98.5450963442645,98.5450963442645,98.5450963442645
"4395",21.6193740839086,25.3917433563203,21.5149376716501,22.058653244577,20.9324968992995,21.3740741739886,23.5777861807861
"4396",30.0565481870768,29.8908272972463,30.5803398591187,29.3352301818098,29.3352301818098,29.3352301818098,29.3352301818098
"4397",25.4646007419131,25.4646007419131,25.4646007419131,25.4646007419131,25.4646007419131,25.4646007419131,25.4646007419131
"4398",17.7584152135098,18.1875043069732,18.6764617108664,18.6764617108664,18.6764617108664,18.7000761935664,18.6764617108664
"4399",21.7350018760968,20.3074259452641,23.9091130102495,21.6322921341158,21.5438378729103,21.2232074781171,20.3854455747043
"4400",25.254609351651,25.2851647392,25.254609351651,25.254609351651,25.254609351651,25.254609351651,25.254609351651
"4401",10.3852465638377,10.3852465638377,11.1585476657559,10.3852465638377,10.8551688721762,10.3852465638377,10.3852465638377
"4402",12.7990458997457,13.0745149271912,13.1006187425086,13.2706743464618,13.4290689820679,13.8104951681621,13.7996724783762
"4403",4.35682977725922,4.35682977725922,4.35682977725922,4.64939316305286,4.24036821388484,4.35811079173954,4.35682977725922
"4404",11.5760530930842,11.5760530930842,11.5760530930842,11.5760530930842,11.5834064539782,11.5760530930842,11.5760530930842
"4405",35.1289190750729,35.2183315745802,29.5745504662673,29.6519443445447,29.6519443445447,29.6519443445447,29.6519443445447
"4406",5.14123347352843,5.14123347352843,5.14123347352843,5.36013342667559,5.14123347352843,5.14123347352843,5.14123347352843
"4407",8.65698962645861,10.311497828098,8.09724501422445,7.76749090790768,7.75179561279783,7.79120708553227,8.3022752008443
"4408",7.679818976226,7.30858907240466,7.7708063210002,7.73044895510012,7.74541844828558,7.77815587514977,7.24520810850597
"4409",31.5905478993689,39.7538914335102,32.1980010752342,32.5970854448127,46.0424398454372,33.6867631542772,28.2163299753169
"4410",22.6426290794633,31.3334285435165,29.7080520032886,23.7334993713646,35.9845110245794,29.7684033710025,20.7772674804299
"4411",61.0946253385379,77.0711109002543,61.2218781287498,61.0946253385379,82.0173081620925,61.0946253385379,57.3950080825234
"4412",31.1379581975094,41.0879221883791,31.6066578888385,31.5223308519475,42.2122069712919,31.6066578888385,30.7583057250525
"4413",76.2144421983429,110.605877415715,75.5265565975184,76.5786428657295,109.614407276541,75.4599294949964,75.4599294949964
"4414",30.6740134059728,48.9079245888127,46.0380461442751,35.6827822534793,47.4641103528925,48.4360742711266,36.0979380686318
"4415",44.3950378791266,61.8053584752923,66.2730139410409,54.3915079209253,99.6798471871864,69.2112777378838,44.235096491604
"4416",36.6908658312573,36.5511540740896,40.6487849544501,39.7050801905286,46.1282096052426,41.5994846187332,32.9360964148217
"4417",58.0794527436904,65.1084873864274,93.2210601715921,83.4975635244028,118.021024104,94.9944695271719,57.2592088511449
"4418",11.2896388595572,9.52413446186595,11.1442154187786,13.1788556829459,13.1788557107371,11.1939326851388,9.52413446186595
"4419",10.7482971102867,10.1848437581407,10.7820471338175,10.3175049403787,10.9561326460611,10.7760609886055,10.1851596795535
"4420",12.0536810648882,12.2911651749927,12.2344861369709,12.3579201151022,12.0536810648882,12.5746219227879,12.0536810648882
"4421",2.40540483043794,3.2456541586241,2.87488366050515,3.53942980873119,3.05249933835273,3.19091512299773,2.55394724468215
"4422",4.69569431822239,3.89777092861294,4.69569431831694,4.24298073062467,4.94236171178754,4.69569431831694,3.72438658653087
"4423",3.28058716102128,1.71926446479594,3.99810396686242,2.77681775086471,3.72433518960976,2.65801506204818,2.0326404868272
"4424",7.7645325026414,6.71209517644754,7.7645325026414,7.7645325026414,7.7645325026414,7.7645325026414,7.13459464354818
"4425",5.56861649647663,5.56861649647663,5.46151923912485,5.56861649647663,5.56861649647663,5.56861649647663,5.32414943787329
"4426",4.66070450828672,5.37880189743925,5.33251038451106,5.33071604780499,5.22105065874038,5.16275341272703,4.48434801962976
"4427",4.69205263305318,5.41033419240709,4.91543130132187,4.91543130132187,4.69205263305318,4.96318004818687,4.69205263305318
"4428",10.7072497145048,9.71821208466576,10.6268148231583,10.6268148231583,10.6268148231583,10.6268148231583,9.94335345505136
"4429",11.3172352711738,9.51513926830082,12.8825785448812,11.7825374749732,12.7296646300509,12.485260731486,9.44629512263758
"4430",7.71506831054976,5.24901548513664,7.32801327870227,7.67623693382643,7.67186284324287,7.69286773501447,5.46006059466153
"4431",63.0702274265474,64.0381490745571,64.1866867565559,64.0783025684017,64.4440377268433,64.3675435664459,64.6186882778225
"4432",38.3360410286214,41.7529245576487,38.8338715169326,40.5957428905949,40.6897669307793,39.9830073053404,41.5000062571606
"4433",45.3986966624077,46.0323388875472,44.8017434472526,44.6244858738296,46.1802758045784,46.0484498260454,48.3022485130878
"4434",25.9024848317512,38.2211271977875,26.1527098940049,29.459184480929,29.7661219381468,29.3151443005112,34.5150768007198
"4435",13.2605818149489,13.2605818149489,13.2605818149489,13.2605818149489,13.2605818149489,13.2605818149489,13.2605818149489
"4436",4.85445302442429,5.02651654034677,4.97585515985202,7.98809253329101,5.07330396777102,5.06831197718001,5.08188505843786
"4437",7.18250253847842,5.8700462486944,7.18250253847842,7.17582662286832,7.18283485661306,7.15334520678131,5.6362570125434
"4438",8.20258305691431,8.2025830569143,8.2025830569143,8.20258305691431,8.20258305691431,8.20258305691431,8.20258305691431
"4439",3.93282044799428,4.70395551719894,4.04974982124658,4.04974982124658,4.04974982124658,4.31421434763385,4.68596540991402
"4440",4.77617580139847,4.77617580139847,4.67949626758416,4.87702107822768,4.77617580139847,4.77617580139847,4.77617580139847
"4441",4.49286913650573,4.54169657299513,4.6367205396557,4.56738975099861,4.63724252992575,4.73060843179593,4.59614786860957
"4442",9.28254145123958,7.44495280133833,4.90715018855733,4.97427240689766,4.9347772685087,4.97427240689766,5.13949993983497
"4443",7.17621036512758,7.17621036512758,7.17621036512758,7.17621036512758,6.97901194205528,6.98791294107829,7.17621036512758
"4444",8.94104659311934,8.94104659311934,8.94104659311934,8.94104659311934,8.92459648400671,9.22062796352353,8.94104659311934
"4445",12.311766301292,12.6713127904571,12.5145022556595,12.5463043443726,12.2790692455625,12.5309804629106,12.366841858239
"4446",7.39699896419195,5.07094412808707,6.86153932266972,6.01362316182285,6.65957891762747,7.99887936905884,5.71644583700985
"4447",6.64481521195047,6.61830778025948,6.64481521195047,6.71124085262648,6.64481521195047,6.6775736145609,6.7592146143108
"4448",32.6116718597855,26.6238408047465,33.1205877347387,34.3179563347794,33.2038425764956,32.9091023550995,30.7879642661147
"4449",11.2256157316755,7.54199846455385,10.052125602304,10.4530466458906,9.9900649159321,9.59157693742195,6.83368256991889
"4450",62.7969464298666,63.8851552545497,63.8278302234615,64.3046369632892,64.1790821906018,64.6319825266236,76.7715513669721
"4451",37.9951513877429,28.4074050332352,38.1032271525664,40.5660425723848,37.7947770726213,35.8957933632439,34.5347279398474
"4452",29.7787494812902,24.1770987360624,32.1603521892318,32.7362104856831,32.1500669887238,32.7362104856831,34.5956051512315
"4453",64.4713359888093,63.5331521397533,64.2726852306413,65.0057677869561,64.7997261709189,65.1374464972144,92.6923748436084
"4454",84.7553969567368,72.4771903422966,87.3959075779877,93.4493233715087,90.5804097631038,87.534354478484,121.73083618478
"4455",47.7474137048341,36.3771390313328,47.3874399917666,47.5996112845058,47.4021032612307,47.2439561656575,44.4562955515961
"4456",9.58182392092714,9.68558157806184,9.61007663617708,9.58182392092714,9.7648141198429,9.58182392092714,9.58535891675317
"4457",70.856585985602,46.9204234648158,58.5240279157571,60.9903176782674,69.8043849884265,60.7251031912909,61.0739106291361
"4458",39.0534956047881,33.3025008008174,39.4510447419161,39.4041368203364,39.4510447419161,39.4510447419161,47.7035332718223
"4459",37.7461048601386,34.9608315899288,37.7461048601386,37.7461048601386,37.7461048601386,37.982145490281,34.9608315899288
"4460",24.5040849700643,18.8833590641701,24.529415261333,27.0109190205037,24.6000677241764,24.5437466871003,21.5766374304276
"4461",16.6674401605907,14.8212139581414,16.1765005583529,15.4560696914947,14.7240325517366,14.2691664274885,14.5065073365142
"4462",80.1720152361627,66.5736471214118,76.1881830715173,80.1915304545616,80.1953876680851,74.0222765568883,70.7417653642169
"4463",48.6746738294702,42.2519094607535,44.5938277204442,47.100051877442,43.2775876489191,41.3210263484369,40.1511828138736
"4464",28.4501141905833,22.1941177869488,32.4477274129958,39.1200876735773,36.2224961532478,36.5082321411529,28.804652592794
"4465",17.1177983913323,14.7951348648206,15.9420500023108,15.0451314327537,15.0578285217479,13.1326786735053,18.1454239014936
"4466",45.5561136722207,33.1876627414568,38.1317714236479,39.9960376065388,38.6206166404095,37.0828561666676,40.4811704867395
"4467",63.6931263289052,64.3932611567425,64.6160171917964,64.4106185355064,64.3316722636913,64.8744476996323,77.5359111000736
"4468",35.4172141297902,35.4172141297902,35.4172141297902,35.4172141297902,35.4172141297902,35.4172141297902,35.109375959619
"4469",94.1860479632129,75.5071477594814,95.260173990134,106.283989688433,95.587654756183,95.8912258376513,91.98127507751
"4470",101.171134293644,70.8878030924345,88.1849145555796,85.999805781307,96.3512407867697,88.1041248385772,94.8611636729964
"4471",11.3473235562692,11.9978339500303,11.7485073616077,12.9855428691241,11.5545911229489,11.8448341355237,14.8259580516534
"4472",48.499448731258,50.2465126749841,39.7092224569255,46.8798294815162,45.5673569686521,44.51478233647,43.9019495004188
"4473",35.907503420789,33.2097403706471,36.0916757632028,36.2472584546142,33.4021435606819,34.0277059463694,31.2556697111397
"4474",31.930890481428,26.3962493792628,32.6259441404031,31.3787650283296,31.2409990027451,33.3637236871946,32.9586245830802
"4475",20.691172423041,20.6895136719086,20.7268799213518,20.691172423041,20.71774973457,20.7405012810625,24.8894799085052
"4476",113.17694649412,99.5486676302376,110.692307107627,111.630269461948,111.634391949249,109.283232872407,123.923892497963
"4477",21.1800303285949,21.1800303285949,21.1800303285949,21.1800303285949,21.1800303285949,21.1800303285949,24.8735738434202
"4478",87.9472761112982,75.2584100251453,91.9196571026107,102.512949362609,85.7986327756907,89.641406336897,83.5698850181748
"4479",122.342439400691,88.1619174206713,102.445861753472,103.23503253987,105.788390584011,101.560563350694,146.321758954749
"4480",14.6500649588023,11.4613729486477,14.2423597568429,14.1447317120097,14.7454956525043,14.0624291765427,11.7013814971654
"4481",144.713382607716,106.255158796572,130.861139337931,129.763268333727,138.937312104274,129.828971729603,199.045721064813
"4482",29.8878444914355,22.5767775291594,28.3542827974098,26.9995625752687,25.3371547153234,24.5189175283714,19.5323397425277
"4483",74.3971237242649,77.5805063742259,73.8666998564187,79.0847235324764,73.7011994316914,72.1857504713036,74.3603152818661
"4484",20.3921039956365,20.3019805476658,20.137867206359,20.0337892347655,19.6732984213532,19.6842390921473,19.6414063004528
"4485",106.7551737789,95.0990169989146,107.24217257049,118.87623725247,107.126945338674,106.520360968741,108.703721397115
"4486",15.4796705780422,9.54606798957824,9.13121573347783,8.40186472074558,7.79824035183436,7.97016190254858,8.17405348291696
"4487",4.95673924604134,4.95673924604134,4.95673924604134,4.7405995234779,4.95673924604134,4.95673924604134,4.95673924604134
"4488",3.05489689990217,3.11285858180805,4.63940683879566,5.09295788904522,5.09625044165457,5.09625044165457,5.11186096412346
"4489",7.88582201390684,9.30747696291778,8.224930622729,8.22616243714344,7.54919810040886,7.85923739511244,11.4557882311484
"4490",3.83373601403428,3.50409117985453,4.03010934692636,3.8113834470269,3.83373601403428,3.83373601403428,3.83373601403428
"4491",27.5943042624391,28.3168419097498,28.3168419097498,28.3168419097498,28.6663376155111,28.3168419097498,28.3168419097498
"4492",10.9130876772344,10.9130876772344,10.9130876772344,10.9114715663795,11.0281224753842,10.8922035147975,10.9130876772344
"4493",38.9454115203826,48.5646639176622,18.8403526129095,23.3594391019935,22.9255849023814,22.9498588318168,26.5272604902119
"4494",6.2911280277025,7.27978661926229,5.68209607448728,5.93574069651754,6.85414730820622,6.39709910754622,7.27978662123503
"4495",77.325793373932,40.0185006780728,62.6068589128028,62.6160993289806,64.6084501794375,66.8483389051836,60.8534297524897
"4496",32.7300280556841,32.7300280556841,32.7300280556841,32.7300280556841,32.7300280556841,32.7300280556841,32.7300280556841
"4497",376.014859945368,496.546441593627,362.347503901776,326.510055987652,325.607797004599,297.575695359236,258.17886686611
"4498",536.195284948765,501.706604643641,585.906177547827,693.782409438836,662.756814939171,580.472996479772,544.474099625082
"4499",15.0921485464854,15.2035951797657,15.2035951797657,15.2340442644263,15.2978423251106,14.3533154799921,14.7071355043636
"4500",15.6279844283923,27.0386745377274,17.6081877703282,15.9304699682447,16.9127007929559,16.0280613760641,13.8236243268824
"4501",146.050811182453,128.805147959103,167.98319883896,192.107640746431,180.398755317648,164.897833302453,148.098454894491
"4502",108.000183244051,176.632074580741,118.889502215006,107.076485511342,116.973814553045,107.919415244124,88.8455592427054
"4503",449.959818433913,418.990301730387,501.328847835619,709.803469112099,676.092583446721,468.909941870601,437.977894412677
"4504",61.5687395916738,45.2003171233851,52.8556817948263,53.272470519677,53.689621655746,53.4177594777767,52.1355031865813
"4505",34.5980466363202,34.8920357981194,34.5980466363202,34.9073607719123,34.5980466363202,34.5980466363202,34.5980466363202
"4506",33.8377551903126,34.7065384864675,31.7314329623158,33.1911419322421,33.2369507515763,33.1654749924815,35.6706422625586
"4507",281.375092977892,579.436963667297,301.034080021515,273.546082383751,272.917327635414,264.106687975136,266.241564712819
"4508",23.2938184071635,23.2994982940004,23.2938184071635,23.3082384714215,23.2938184071635,23.2938184071635,23.2938184071635
"4509",24.711758818818,24.711758818818,24.711758818818,24.711758818818,24.711758818818,24.711758818818,24.711758818818
"4510",142.124650363074,142.230997606451,142.124650363074,142.124650363074,142.124650363074,142.124650363074,142.124650363074
"4511",57.2280222107531,55.6716972432283,52.4517487523593,70.8787719414395,75.5983220617972,57.5020238763736,58.8648833051809
"4512",133.61655579213,117.220964011713,132.252168082012,132.558692417359,135.720528930213,135.720083838443,116.673446278219
"4513",22.2550430070422,22.240114302822,23.3347083282876,19.3180184292404,22.2031785808412,21.7936109291826,22.778286948571
"4514",8.45734325197034,8.45734325197034,8.53068919452162,8.3963270535212,8.45734325197034,8.45734325197034,8.45734325197034
"4515",23.041470783969,23.041470783969,23.3730782785157,23.041470783969,23.041470783969,23.041470783969,23.041470783969
"4516",46.1248768318979,53.0995708051191,50.2023949477008,44.8932923353279,45.3126539667847,46.302597954538,34.4564763615172
"4517",11.9153204243239,11.86953537341,11.9153204243239,11.9153204243239,11.9153204243239,11.9153204243239,11.9153204243239
"4518",26.570204106139,26.570204106139,26.570204106139,26.570204106139,26.570204106139,26.570204106139,26.570204106139
"4519",23.5907385760399,23.5907385760399,23.5907385760399,23.8154657339226,23.5907385760399,23.5907385760399,24.2616710437031
"4520",18.7370658158093,18.7370658158093,18.6348627598901,18.7370658158093,18.7370658158093,18.7370658158093,18.7370658158093
"4521",21.213950797164,24.7731028943067,21.0788759938151,21.488881852956,21.488881852956,21.6217898574155,24.1828353787221
"4522",13.3689878225448,14.7533479316138,14.4399700584117,14.325379411227,13.9587026312425,12.4707303127414,14.1654831459035
"4523",11.8066753860439,11.8699197888423,11.8066753860439,11.8066753860439,11.8066753860439,11.8066753860439,11.6755708265653
"4524",16.3000333411194,24.4016570287361,12.8187360526157,14.6603127665855,8.84290842955605,18.0963887894998,23.0318566929434
"4525",5.92712064802571,5.92712064802571,5.92712064802571,5.92712064802571,5.92712064802571,5.92712064802571,5.92712064802571
"4526",7.59427314387295,6.64050154081228,5.54059080032361,5.30807175631775,5.37437246894435,5.37437246894435,5.54249075293505
"4527",19.2193601871621,16.5377464142116,9.66468145473075,9.45923261829466,6.19063402276054,19.1540846981897,15.5639585901776
"4528",4.71924540861997,4.71924540861997,5.12000401399082,4.71924540861997,4.71924540861997,4.97019308918467,4.0265381507472
"4529",11.8840316325085,9.97221678114247,5.21595777607327,14.3367618778828,9.04725633031425,8.37123802766678,7.51308065940735
"4530",38.6873977936559,35.3759881597974,21.5024709164455,15.2625532920547,9.31458915446429,57.5121630812447,32.8904708696035
"4531",8.90531096676572,9.20950233974808,7.05208206908843,6.39150473363035,23.8709902986616,16.8160385405855,19.1875727510342
"4532",4.24035992385952,5.55248691998095,4.27515913327252,7.86486846827864,4.34237942301151,4.67310464194899,5.60608155150823
"4533",5.1887703951638,5.1887703951638,5.1887703951638,5.1887703951638,5.1887703951638,5.1887703951638,5.09749360718949
"4534",4.57442817844824,6.03834891329791,6.52119123528987,9.30996951694413,5.71222835581848,4.57450754945952,5.83707977866807
"4535",9.65084150408573,13.9954715278345,22.9456479992057,36.9503276344061,18.7247074018237,9.55217580768307,15.7645831447018
"4536",10.5091836573601,11.5764048880504,13.3218116252252,16.1036390291801,11.8674682903688,10.9168691569537,11.9648641550153
"4537",7.92774412558476,7.92774412558476,7.92774412558476,7.92774412558476,7.92774412558476,7.92774412558476,7.92774412558476
"4538",14.6759194612544,12.4990893636636,12.5634936088889,12.1666713190268,13.664337302559,12.7014948973461,12.4687813806633
"4539",6.36932857132155,6.36932857132155,6.21914409705,6.36932857132155,6.26729957301999,6.36932857132155,6.25197701426231
"4540",6.65096495206282,7.62185269144753,7.01120215072782,7.40385089271557,7.23512800888838,6.56238913089598,8.43993129042363
"4541",7.43437467224201,6.4464386430639,6.53948379042487,6.53948379042487,8.34487258890771,9.04519709398306,20.7476464668757
"4542",17.5467886738922,19.4413612194204,21.6924845719152,6.24767863573063,12.3859511056059,20.2449661845647,21.6924845719152
"4543",9.6278487159471,9.6278487159471,9.6278487159471,9.6278487159471,9.6278487159471,9.6278487159471,9.6278487159471
"4544",12.592706826769,12.592706826769,12.592706826769,12.6323326870593,12.592706826769,12.592706826769,12.592706826769
"4545",6.25918537421156,6.26084976716217,6.26385344761102,6.23691330937982,6.22687734500381,6.25918537421156,6.22606100697193
"4546",6.07966544493041,6.07966544493041,6.07966544493041,6.07966544493041,6.07966544493041,6.07966544493041,6.08035393007638
"4547",7.70817069630297,7.49004629162516,7.70817069630297,5.97764096486737,7.70817069630297,7.70817069630297,5.80308844065155
"4548",2.74058831691364,3.09535701065915,1.28388411420046,2.04251499882493,8.4290145211436,4.24611511013666,3.06394130135953
"4549",6.51841503226076,8.4320412687975,9.35212058314215,7.16826121195863,8.39990593605315,13.2860178473675,14.8039186061845
"4550",6.04256835837523,9.68194536403205,6.78672046942761,7.29434405710033,6.87546219482555,7.27526856416921,8.1532613256867
"4551",5.49615460268512,5.39266202785941,5.81647921323284,15.9104615867822,6.29249036684745,5.40064926120948,5.39232567680961
"4552",8.39322825656889,11.4528643083892,7.90688292920463,13.9726271935415,5.50783788315564,5.39122477925963,6.95569117303479
"4553",8.61446231214877,8.61446231214877,6.78120659670624,11.6121109234353,5.72780605063472,5.72780605063472,5.72780605063472
"4554",14.547864059972,14.547864059972,14.547864059972,14.4888906273978,15.9216943424334,16.3085806187377,16.520620726147
"4555",13.5195244119422,13.4500623667513,13.5195244119422,13.5195244119422,14.633327338832,15.3267811106632,15.3267811106632
"4556",12.0510380196964,12.0510380196964,11.9469264128248,12.0510380196964,12.5939148244594,13.8056591777733,13.7413627463946
"4557",10.2312470013181,10.0873725473188,10.1152241945129,10.1564121208627,11.2324500622131,12.2267864055545,12.2267864055545
"4558",11.7939636092796,9.66870425212639,12.2719049112567,11.3052613776233,16.4899416156977,17.3518158244884,15.1370763353066
"4559",13.642560483131,12.5581274933556,14.1751747628761,13.6518202986832,12.6080996900641,15.8699516468843,16.3971515146443
"4560",5.24429812170976,7.0798483738185,4.46750864990818,3.93147724685212,4.3617329192333,4.63048569599729,4.45756715357961
"4561",6.12077808784672,6.4225789675273,5.84127596789901,3.79849133243523,4.48671498449112,3.7941195701494,4.26831028928867
"4562",8.57677202987532,8.57677202987532,8.23416547480035,8.43685754798245,8.57677202987532,8.28048307516067,8.57677202987532
"4563",9.0855412654933,9.08606133537559,9.0855412654933,9.0855412654933,9.0855412654933,9.0855412654933,9.61005978299072
"4564",7.31002368558196,8.77171771877599,8.31278554314978,9.17788168285546,7.5594302795888,7.53643355167825,7.52209982517137
"4565",9.94824416764553,14.0153561056183,12.2267067714136,23.4583363111285,11.65694686969,11.1233656951709,10.3905031338831
"4566",13.8674746887631,13.8972938190164,14.1141258782132,14.0258191686776,14.4388598206471,14.4388598206471,14.4388598206471
"4567",3.69516734020434,3.71522681000626,3.71522681000626,3.74149812867338,3.68277339142328,3.71525087386021,3.73187514800143
"4568",26.9448493336625,42.2730035303205,33.8023216659039,9.08217493710569,44.3095135715361,63.9901512293565,34.7508538415742
"4569",28.7067806317996,32.6130824933301,24.3418067010647,9.17727695244233,22.9096631308326,34.6516475558055,32.7698226428597
"4570",15.4223088399984,21.3859802674446,18.073261483885,6.08457572672439,10.9961068204195,21.3859802674446,18.7009765267792
"4571",25.4146758817369,29.6130683979627,26.4071833505587,11.0818068446636,24.6446130644291,29.871852839339,29.6130683979627
"4572",38.0349448892865,46.719698350726,41.9988478141674,15.8603324830686,35.8370071817518,56.8787420239662,40.9238129714431
"4573",29.6024993084246,46.0454785775783,43.9088833949622,18.1504815336461,38.8606863911841,54.934618402687,51.7411108547511
"4574",29.8540073390184,34.9173251307022,16.1885234377512,11.9960903080549,27.9932351472524,29.3252979663774,35.0950942985619
"4575",57.7618519513476,84.458702388631,67.035051539361,20.4239064456048,46.1402948572862,80.2155755368074,63.7200108289118
"4576",14.0100213948935,11.028848287542,11.8600988319833,5.12750660625541,10.509528854415,8.75151481339767,13.3782540525477
"4577",50.3217813833676,80.1535569332952,39.7612339225111,18.0099011821215,56.5078448514023,62.8057505542046,64.8293226352727
"4578",54.8818214080963,69.2079901942352,41.6411291739019,13.2159098808557,56.6569409774408,67.0664494811608,74.9116081918521
"4579",44.6651666686713,52.3114802099796,29.8632305813539,13.9955155548765,48.0254549318904,49.4659259058227,55.4113058072176
"4580",21.0421412015038,24.7553589059882,17.1004888951991,13.3490256860477,19.3216169257641,24.7553589059882,23.8350061702014
"4581",18.2542934254367,25.2153069841893,18.9565268534423,12.7645802497262,19.4579941905645,23.5565706295995,25.874092120378
"4582",18.878093043697,33.4456865415599,29.0133008002293,6.44746342614814,20.0931893851575,30.9682709593967,22.2963851104627
"4583",56.1122492851612,34.507340168826,41.9860343119019,12.1995596777907,53.2687694956343,45.7654346231001,28.2235032554025
"4584",24.6441559485092,30.8157367911376,25.5919881899821,11.8872908121897,25.5932676889313,30.8157367911376,28.0700342474003
"4585",19.4952871925685,17.2302124136306,18.5527341997054,8.85959168098007,21.11286648951,24.6853142178063,23.0809204838857
"4586",21.7357420077997,23.745636536532,19.7409218686545,14.6923370990605,15.1172938585157,23.745636536532,23.4410038434766
"4587",15.4160459129397,34.4617371710394,29.7640631337994,84.0052981093568,33.2948824309095,30.4161854803437,29.6820515841496
"4588",21.5487183112804,36.8729298614774,34.3352099124837,10.4470998511238,30.1131641959239,39.3217151540996,31.2532289472951
"4589",26.9574686062917,42.7025547512926,24.6060055723118,17.1958491040741,27.1041712907471,38.1157849753527,41.3361384996948
"4590",37.9170777971745,54.0553804870329,30.8820629078397,15.541450349957,36.761030391825,37.0636110347958,45.4308496956703
"4591",36.3218359464124,43.0062473847036,36.1222181798049,18.974049493506,37.7544271377473,43.0328352641124,43.2023769686917
"4592",55.1916059914943,99.3003077030561,60.9269919522668,25.9416331340684,66.4564879221749,75.0254770289499,82.9920977044321
"4593",18.0872914699473,25.3250356230738,23.2058140188241,13.3347481960412,24.053470901094,24.8041755370509,25.4387052773939
"4594",28.8192166117443,41.7178595278641,31.4426695122906,14.9495385089278,33.7377302345939,45.114098526349,41.7178595278641
"4595",35.4878154157574,40.1106414035747,38.6656789398186,15.5770047712468,39.737107217612,46.3509463710945,40.5975671232175
"4596",36.0204461459419,47.137502587686,38.6186096081361,26.0434173448152,41.3175988699349,47.2660803179289,47.137502587686
"4597",34.4619505009718,42.7903469107083,29.4202873480023,14.2074233806554,39.0634824634428,35.2252714243059,39.0875854740999
"4598",28.2032374296865,36.1926467731746,21.8487496792263,11.4997268865617,31.9999956092067,33.205273361991,36.1926467731746
"4599",34.6371517742575,39.0781548156637,24.7601355146523,14.2708129207384,34.7694847135273,35.8138182709188,40.7368534602459
"4600",25.1695407835721,29.2971307076108,26.9691310178991,14.8172790207611,24.5295465455509,29.3497787602455,30.6224725603965
"4601",3.92479463066507,3.92479463066507,3.92479463066507,3.92479463066507,3.92479463066507,3.92479463066507,3.92479463066507
"4602",4.27601070689336,4.27601070689336,4.27601070689336,4.27601070689336,4.27601070689336,4.27601070689336,4.27601070689336
"4603",18.0617490606665,15.3549631268927,13.3588997888678,14.1085881642602,15.2485643555655,30.0787261012445,18.5619104060273
"4604",17.4916926489923,30.0995476731599,21.8131714162745,7.39165754939102,13.1237685442769,26.0949653552089,16.0565576969758
"4605",31.5283916976858,29.6364293100951,16.7744374723506,12.5840148704349,10.2832802975594,24.7591806660102,29.3684656054691
"4606",8.96958143027314,8.69620155576212,10.1290301398876,9.87010277179921,10.2676049869635,10.6570588723695,9.64293171666087
"4607",3.23296533844885,6.16504946775771,5.017690297987,2.85092486949815,2.50493735802656,3.14562526694034,4.56618065726197
"4608",3.48490122269798,5.09648189343327,13.0999151490834,29.1961207827644,11.8471010053403,3.83537650812465,4.52280869086212
"4609",6.67390384898532,4.77876626532274,8.0732529317096,8.71759440034145,6.17365443193901,4.78598180451289,5.97299484912205
"4610",12.9949719335428,19.5058040926968,16.8828696245932,17.9630856809214,18.1738531688597,18.5483306710593,19.1017063220579
"4611",4.47706468502157,5.23970055064411,5.43222088508777,6.50688923621758,6.38282126245573,4.55094226043244,5.06279087197974
"4612",5.05150303328718,5.05150303328718,5.61364586278229,6.02409443405165,5.55058272576231,5.05150303328718,5.05150303328718
"4613",12.4392498371955,13.353807043398,11.336204814895,12.4392498371955,12.4392498371955,12.8114687693474,13.353807043398
"4614",6.37880037764627,7.15269489189457,6.37880037764627,6.54810125512205,6.81687912861874,6.37880037764627,7.15269489189457
"4615",7.14479852975064,14.4440684504839,15.4800748769752,8.77478535407514,10.2851240765587,9.64528112718614,10.9914972841672
"4616",32.6902263088277,52.6576894330484,32.7991932976392,27.0135236324319,31.5076433048606,47.0240201148211,54.2116705955601
"4617",6.31553698978858,8.07353887774377,4.8462428782273,3.43839850576136,6.50593375531589,10.0453364401619,9.0642395843426
"4618",4.22049392125308,6.35328558130021,4.76057109720328,4.85648676251999,7.92312372529139,5.37684947514838,5.69442869249186
"4619",10.4435274600469,7.2479446474904,5.09908266133339,5.09898351710394,5.09898351710394,5.29013462166542,5.81831174092507
"4620",3.6091476881085,4.4159303052862,3.19008844285729,3.31283454817608,3.74842702047303,3.40368429470616,4.56253477372296
"4621",7.56616188743705,7.56616188743705,7.56616188743705,8.04658490745726,10.0300265147648,9.62804119266399,9.69999473047989
"4622",7.29530097150374,7.76751078964664,8.49473359639015,9.0802990968769,10.2340957176222,8.81746485982237,7.99470803623583
"4623",14.2889004312158,21.5450582359096,16.9401372474852,7.05078573267432,17.5414003245277,22.4798264392137,24.1000007012575
"4624",9.85456703522675,11.1869647554387,11.510715990717,8.6567864581581,8.84602082076219,8.57742487191694,8.57802382635852
"4625",4.43537234453956,4.17311474131074,4.45531650906535,4.43537234453956,4.477341666188,4.45701723824434,4.24848049953658
"4626",16.0227494502473,14.6414150568123,14.6957183856249,22.323964549304,21.4418120758678,14.7103330919071,13.8382058421788
"4627",25.6950971341822,7.84615087519876,36.199342159592,68.4784928505147,28.6049644775234,29.4603309487023,16.684824496924
"4628",26.2663567439533,8.31207061793543,31.7402312179736,73.0454309039078,34.3483489023538,20.5637412552054,19.2106547369886
"4629",27.1693616258745,8.9730596688852,30.8077889760745,46.1804103457383,25.5123511007093,18.2709284130577,27.6024790515019
"4630",38.2463070310296,10.807144811462,34.6649328636604,66.6148457007518,26.7342787598291,28.1973583791186,37.2351137667045
"4631",20.4778902611677,4.78858965123172,22.4319621281002,50.6834699255493,22.5443577700672,18.5262467913926,13.1383107053905
"4632",2.92069526333208,3.28237717252867,2.92069526333208,2.92069526333208,2.78557895731181,2.92069526333208,3.28237717252867
"4633",7.36820293663879,7.36820293663879,6.93644757302085,7.36820293663879,7.36820293663879,7.36820293663879,7.29571969615722
"4634",13.9090788677752,14.6774671980979,13.4922142479663,12.4132859152454,12.3030671706677,11.483349152072,11.7476084540112
"4635",4.22503669219281,4.28446240090467,4.22503669219281,5.67690876881402,6.51981837718376,4.88032446100993,4.28446240090467
"4636",29.0448395844513,28.9437369491183,29.4679470937331,29.4679470937331,41.8159152632972,32.8694499953585,29.4679470937331
"4637",41.2607103473069,42.2325338025674,41.2607103473069,44.2220070840625,48.8601502255346,41.2607103473069,41.2607103473069
"4638",33.3028338893456,33.3028338893456,33.3028338893456,33.3028338893456,33.3028338893456,33.3028338893456,32.3142054664393
"4639",35.7557650297465,34.3246852869361,34.1398454719195,34.1398454719195,34.1398454719195,34.1466508301786,34.6513675678882
"4640",15.0057649658714,15.0057649658714,15.0057649658714,15.0057649658714,15.0057649658714,15.0057649658714,15.0746190395216
"4641",32.9397549496397,32.9397549496397,32.9397549496397,32.9397549496397,32.9397549496397,32.9397549496397,32.9397549496397
"4642",20.0076105149316,20.0076105149316,20.0076105149316,20.0076105149316,21.7678509523606,20.0076105149316,20.0076105149316
"4643",45.9099149316275,44.1531859985499,43.1940824494457,44.7642229933698,44.371305519144,44.8812862052541,43.1940824494457
"4644",18.835956289094,18.664724037026,18.835956289094,18.835956289094,18.835956289094,18.835956289094,18.835956289094
"4645",6.29665147192256,4.92464637694984,4.93465430891352,4.93338942305144,6.16950276437003,6.54749493082897,6.73485395724991
"4646",14.5434425944801,14.5434425944801,14.5434425944801,15.0061218698648,14.9813248439731,14.8428312242542,15.4465920124556
"4647",17.8604201462984,18.4362543850613,19.7140094190863,16.9045509321244,17.9923180586858,19.1482872502868,16.5037843965109
"4648",27.1239146187194,23.3994903365602,23.3994903365602,24.8314217156136,25.4310560040822,26.408706554297,23.463511677082
"4649",9.84336826658434,8.52532705647181,8.52532705647181,8.45629683077281,9.52300538530171,10.5518835940809,10.5518835940809
"4650",45.9130328160164,47.0828842546358,47.0828842546358,47.0828842546358,47.0828842546358,47.0828842546358,47.0828842546358
"4651",38.1576134500619,39.3027461881247,42.6205450038601,39.6918143526979,39.8197114327566,41.5303956069094,40.354668817222
"4652",38.8608521137059,38.8608521137059,38.8608521137059,38.8608521137059,38.8608521137059,38.8608521137059,38.8608521137059
"4653",46.5054011451939,45.0698050882321,45.0698050882321,45.0698050882321,51.5792409451236,45.3655620792664,45.0698050882321
"4654",8.98087664127571,7.54410943167542,8.98087664127571,8.98087664127571,8.98087664127571,8.98087664127571,7.54410943167542
"4655",23.2807834383784,23.2807834383784,23.2807834383784,23.2807834383784,23.2807834383784,23.2807834383784,23.2807834383784
"4656",30.9076849752246,31.0428841253476,29.7361053618642,28.9428189316652,28.8559338479872,29.7361053618642,30.6633743830355
"4657",8.78659427572957,8.72212141926668,8.78659427572957,8.78659427572957,8.78659427572957,8.78659427572957,8.78659427572957
"4658",11.1447288978571,11.2775715180056,11.3554898726554,11.4494984579673,23.0130148626998,18.5369461700508,11.4494984579673
"4659",40.4492879734737,33.9842111783228,40.2122682239317,43.0914876528655,40.681885444092,41.4245562713408,33.4148475375905
"4660",104.721002637168,104.721002637168,104.721002637168,104.721002637168,104.721002637168,104.721002637168,104.721002637168
"4661",229.602715478341,221.319528209796,237.512526687815,232.106190897101,232.69413611702,232.010639161424,224.957710134161
"4662",362.031899062541,362.031899062541,362.202974113203,362.031899062541,362.031899062541,362.146868491198,362.031899062541
"4663",75.1944654849347,72.160493362657,82.7389567152786,78.527197465526,78.5526787652157,82.5368222676619,82.839997374486
"4664",26.7492813391985,26.9882482002255,26.9930192466192,27.0548995141173,26.3457799853778,28.1141816433962,27.7927685697675
"4665",97.544932896077,121.684497325652,90.2798796667751,90.707393280124,91.6383832502762,87.883838697557,112.011944674079
"4666",10.0585355119057,10.0585355119057,10.826943239487,15.8637800262151,11.2289501144219,10.1853811879972,10.0585355119057
"4667",55.2575883031315,55.7457071899901,55.7457071899901,55.2670780806086,55.6359451545342,55.5228705392743,55.4797446355665
"4668",189.333819269016,189.333819269016,189.333819269016,189.333819269016,189.333819269016,189.333819269016,189.333819269016
"4669",887.919503519972,833.357152165729,880.189415699887,887.919503519972,887.919503519972,838.646087923292,815.861476178454
"4670",390.504204114054,390.538169460892,390.504204114054,390.122202056918,390.504204114054,390.504204114054,390.504204114054
"4671",41.3180866950299,41.3180866950299,41.3180866950299,41.3180866950299,41.3180866950299,41.3180866950299,41.3180866950299
"4672",127.068390921232,127.068390921232,127.068390921232,126.952201226034,127.068390921232,127.068390921232,127.068390921232
"4673",150.666369683119,174.211998899157,164.244616878874,153.086942898507,155.340498633897,151.426521063397,201.228612951326
"4674",10.7061420172686,10.7061420172686,20.7408291998124,24.4548619074528,17.0928633841815,10.7061420172686,10.7061420172686
"4675",8.94119910411073,7.9567564257104,7.9813125498885,8.96337078460171,9.22987118235427,9.0700395799258,9.12015441354487
"4676",12.1501535937327,12.7726920850091,11.8518255739224,12.1501535937327,12.0719983562028,12.1501535937327,12.8950728128666
"4677",6.6604358494113,6.54154683974614,10.3546518086166,14.2472656118518,8.27449718874128,6.83159401251442,6.49583518862654
"4678",6.46240965351424,6.19462141264266,8.11299921313914,16.4586985733659,10.1047178662315,6.27752877634269,6.23760628327401
"4679",7.44574085095497,5.90208936209298,7.69874282516759,7.33515722029413,9.74984510839773,10.7676002202226,8.18666683044709
"4680",5.26429692680522,5.26429692680522,5.26429692680522,5.26429692680522,4.88554975339528,3.65218052109334,4.6590676662526
"4681",5.75530675767886,3.20940782413872,5.79238584473075,4.95225668189124,4.98431314829418,4.83016714578647,4.29837040092495
"4682",6.29337128870979,6.29337128870979,6.29337128870979,6.27083605738691,6.29337128870979,6.29337128870979,6.29337128870979
"4683",3.18573224688714,3.18573224688714,3.18573224688714,3.18573224688714,3.18573224688714,3.18573224688714,3.18573224688714
"4684",3.73231115191367,3.96326289855476,9.1893421741265,11.9178627441395,14.5366223937435,6.71350433004543,4.7629761109888
"4685",5.90841141699344,5.63090269769691,5.60986861044186,5.79105603013779,5.65680728092917,5.69599003638629,5.44694803346845
"4686",6.22431528362939,4.18298939617811,6.22431528362939,6.29726481553469,5.82905348239083,6.22431528362939,4.1061320754485
"4687",5.53705142506728,5.49482543225404,5.53705142506728,5.53705142506728,5.53705142506728,5.53705142506728,5.53705142506728
"4688",4.81697182476195,5.92256217666643,5.3197264818321,4.9579359616171,5.38255174241199,4.86581110953071,6.0871893366869
"4689",11.0330518813589,9.53725904775587,8.82220663299516,8.45253792586256,8.15934677549933,8.85876943795967,9.78162039001323
"4690",9.15366298828298,12.0256681660896,8.07153867406409,7.84372141441123,8.9027535464269,9.03344006204883,10.4112620982779
"4691",6.17950393861412,6.17995948139363,6.17950393861412,6.17950393861412,6.17950393861412,6.17950393861412,6.17950393861412
"4692",7.25730302162789,7.49026685206613,7.2253779798012,7.43184349734264,7.43184349734264,7.43184349734264,7.83758826057656
"4693",6.89256703265271,4.87920781557275,6.04412348578246,6.10042128224514,5.78586084529104,5.8189127850363,4.336544316928
"4694",11.1292282288935,11.8485776252443,10.817884959861,11.4422879624316,12.2346464380081,11.7718194011859,12.1874740495179
"4695",4.45256455323847,3.9312498296407,4.74317032150767,5.86541981690258,4.82663067194397,3.87014838960454,3.69549721975295
"4696",4.39300746475998,3.19276615793968,3.7704794769054,3.60970173591654,3.70137234811921,3.56191583519582,2.70740907526455
"4697",3.41830278376283,3.41830278376283,3.41830278376283,3.41830278376283,3.41830278376283,3.41830278376283,3.41830278376283
"4698",9.8525444405773,8.43283663120478,15.1753383946805,36.3187496248541,31.7612589220801,19.8140142177632,11.1243764097015
"4699",2.67121480467408,3.97098388042712,3.05275853176996,3.73584443022135,3.79531126962375,2.65397491607935,4.12761094147233
"4700",6.71819548964523,6.71819548964523,6.71819548964523,6.71819548964523,6.53011952126888,6.71819548964523,6.71819548964523
"4701",4.88829441502331,4.88829441502331,4.88829441502331,4.88829441502331,4.88829441502331,4.88829441502331,4.88829441502331
"4702",9.29929342519697,9.29929342519697,9.29929342519697,9.12432769293617,9.20793009628094,9.29929342519697,9.29929342519697
"4703",4.026171652251,4.6019316298435,4.60796452495423,4.37311715168489,4.18918701047342,4.06501271756294,4.31581782357782
"4704",3.61777581488362,3.61777581488362,3.61777581488362,3.61770514304807,3.62056124609491,3.60153811279369,3.63581275767749
"4705",13.978130887845,16.1218267838337,12.3408173372427,13.9040595110746,15.4416914423494,14.1138003460798,14.576287552958
"4706",4.57229655224541,4.63736067615873,4.63736067615873,4.63736067615873,4.63736067615873,4.52635702962002,4.572296312504
"4707",10.1446229843907,12.0690122389325,11.5495324576434,11.495124204567,8.7302531727306,11.1562059003071,10.4115316140543
"4708",14.8654522400205,15.0925900679459,14.0227596702774,13.7710042107044,13.7388300264571,13.5273761012548,13.791341989793
"4709",4.64957619337736,3.63233572344,4.22496311855188,4.18695429861032,4.6607879612428,3.95453186781071,3.62776637993467
"4710",5.82523361344356,5.04932676889532,6.61527516200575,5.97664821200979,3.14419483159458,3.41533141946145,4.89626574513119
"4711",6.31949979819894,4.74987564618258,5.76808204394303,7.8364419840335,6.95411626160832,6.31949979819894,4.97698726192115
"4712",5.15006925263034,5.79113947645677,5.52831928479466,4.60030732524763,4.20376886959338,4.29026380125119,4.17581735286936
"4713",3.48952201590488,3.09304318362228,4.43562475143972,3.3199179703722,2.83265177867371,2.83922453286377,1.90273117442033
"4714",6.20077500938291,6.43537300982815,5.74283265591845,5.61851119724668,11.1018445228251,7.61213412815729,8.83743606848367
"4715",7.35748249148243,7.20834173580998,7.13847666316552,7.12380925750377,6.33802463690956,5.63963242802524,6.10057258634883
"4716",3.84236505480138,3.84236505480138,3.84236505480138,3.84236505480138,3.84236505480138,3.84236505480138,3.84236505480138
"4717",6.87012153857525,6.87012153857525,6.90541589207072,6.87012153857525,7.03483855144565,7.21041914187578,7.32494069732433
"4718",8.7953729549533,8.7953729549533,6.27898855372057,8.7953729549533,12.9439539218525,12.5077953097612,10.6637194367876
"4719",9.21318698118365,8.52246542643655,8.45031557545691,7.8707238787509,8.38482347640434,8.46652541854836,8.67263081388318
"4720",13.877163059832,10.7447499920081,11.3539031552283,11.3539031552283,11.3539031552283,11.8749528145695,10.1021255316401
"4721",17.2865656845796,16.5223810865784,15.8172747080142,14.9976400777348,15.6157458967076,17.1096039289504,13.1597144233984
"4722",3.66022951589842,3.66022951589842,3.66022951589842,3.9180869974258,3.66022951589842,3.66022951589842,3.66022951589842
"4723",4.27432605144762,3.55424804029268,4.27432605144762,4.27432605144762,3.85609097643003,4.12915443792958,3.51617619132729
"4724",13.2952426005875,10.1162889649272,15.54516691929,13.5562504965932,24.5740594445368,34.4008497647568,29.2866933225154
"4725",7.18293852779298,6.98774581538931,7.18293852779298,7.18293852779298,10.6961639061763,24.1219677466779,20.0054946765918
"4726",17.4896480048528,14.3885389166956,17.4896480048528,17.2467271450194,29.7374919288187,36.5160018297295,33.7701591872263
"4727",9.55142231502394,6.78791531042305,9.61115740488862,9.55140496680092,19.8773702904864,28.4064552857113,21.5090057455464
"4728",16.7851876993793,16.6199677963926,17.1681063570998,17.0949724198648,40.6089449033605,52.4300886491996,49.8587439289905
"4729",9.76792273148382,9.76792273148382,9.76792273148382,9.76792273148382,23.8475070535395,36.7998253348319,41.142380318283
"4730",13.8172537447454,13.8172537447454,13.8172537447454,13.8172537447454,35.731731461761,39.7636229268072,40.2159611989206
"4731",11.9785025766428,11.9785025766428,12.4832209298209,11.9785025766428,28.1403860421143,36.2503966982483,37.1313406215822
"4732",17.514967887418,17.6299903643159,17.514967887418,17.514967887418,25.1389764319747,42.4423847894459,42.4423847894459
"4733",15.2155799886368,13.6794696199463,15.2155799886368,14.6272623349966,27.6920081942845,32.8245595644061,29.6203413557644
"4734",9.77592982402146,9.77592982402146,9.77592982402146,9.77592982402146,22.4060052398076,26.9954442383184,25.121714134729
"4735",14.5336555682749,14.5336555682749,14.7481814134102,14.5798056440845,28.9622321484993,39.1130651379792,44.7071317085981
"4736",11.056562612196,10.0179326852668,10.393596548008,15.9574221116939,27.7611547330208,32.5334447248647,30.0419059252562
"4737",8.16043265321275,8.16043265321275,9.39353011527368,8.18177404081083,22.4372126191617,38.1441703648774,42.7294238651206
"4738",11.886840546624,10.8414003392978,12.0009190596975,12.0009190596975,32.3091560878454,37.1108901323641,32.569510047992
"4739",8.40933222089552,8.00933631319628,8.40933222089552,8.40933222089552,23.8550607682662,27.6473622354966,27.1792672868176
"4740",9.26305556330292,9.26305556330292,11.3426931811692,9.26626132927446,30.8520137388302,35.068250080822,34.3126099163372
"4741",7.70030978808359,6.42557743672548,10.6075212970848,8.02413448997481,25.5694965457753,30.9754948938603,21.697665901266
"4742",10.1321353609592,8.68414436409638,10.063489642795,10.063489642795,17.6751805068825,28.052022740674,24.4019460605949
"4743",11.0669879162975,11.0669879162975,11.0669879162975,11.0669879162975,24.9340129170437,43.4364509085846,43.4364509085846
"4744",11.184836651535,10.8771856298344,11.131917959561,11.184836651535,11.3088151904324,11.184836651535,10.8903778386372
"4745",9.78728976029087,6.4073973809923,10.4129046407819,10.7330801594312,10.2114511346011,8.0135340728605,7.93929080156706
"4746",3.11657666904917,3.41627098573845,3.11657666904917,3.11657666904917,3.11657666904917,3.11657666904917,3.11657666904917
"4747",4.39197923217194,4.45828880148475,4.45758460884681,4.41993114491192,4.22782895777981,4.44620499177168,4.32448239986888
"4748",2.29352795513751,2.64444869288579,3.0004740039862,2.26391647168327,2.57680625462822,2.97482790829883,2.63812176295504
"4749",3.19150426162547,3.2560924939944,3.19150426162547,3.19150426162547,3.19150426162547,3.19150426162547,3.08675608225566
"4750",7.58134531792316,11.5176610005602,6.57251180129872,10.4042633106575,7.91886965107976,9.47624211278998,11.6809362103064
"4751",10.7826314946978,10.7930979119117,7.30017146747961,9.36045055613937,8.58755399329083,8.66170579810892,10.1106909299207
"4752",26.4715950562866,25.9421772549622,25.3112353354986,23.6054372049223,22.0924484024575,28.1905357948135,27.2757986730831
"4753",8.91908641060038,10.0473471960407,10.5421590256783,10.2743295726595,10.2743295726595,9.98569397774687,10.379350163121
"4754",4.56284881081079,5.66950908400146,4.81154821107797,3.96074113939454,2.90068485697314,4.06363643016649,5.18621786453947
"4755",28.8728906390072,33.9457586020117,28.6173402724831,28.3353041312026,28.6166273391065,28.5118337784698,33.7734889903176
"4756",5.85123889219105,5.85123889219105,5.85123889219105,5.85123889219105,5.85123889219105,5.85123889219105,5.85123889219105
"4757",5.46099144732401,5.46099144732401,5.82125780284569,5.87184721690618,6.05729465160267,5.46099144732401,5.82125780284569
"4758",5.94909934963889,5.94909934963889,5.95018284331032,5.94909934963889,5.93352791294212,5.92474372074665,5.94304797461218
"4759",4.46327314131787,5.41045889098145,5.01136939255834,7.16537973113778,4.78845146373289,7.34151267642755,4.76914328161262
"4760",4.68107060808815,4.02942535216644,4.5772889236665,4.5772889236665,4.25001655998441,4.30264934952382,4.5772889236665
"4761",4.24537608088823,4.77978511794542,4.32075396539654,3.51238364046417,2.79545826560059,3.8342395130512,4.45395874134533
"4762",6.69576792629734,6.69576792629734,6.69576792629734,6.71685924670578,6.69576792629734,6.69576792629734,6.69576792629734
"4763",9.00506406075843,9.00506406075843,9.00506406075843,9.00506406075843,9.00506406075843,9.00506406075843,9.09980007638606
"4764",7.75640277117674,7.75640277117674,7.75640277117674,7.75640277117674,7.75640277117674,8.02776101256974,7.75640277117674
"4765",14.5550956091399,17.9950194929857,15.9501745089787,10.6056874058651,10.3629544062291,10.3629544062291,7.78002085190999
"4766",45.4995361640628,36.9600506736024,14.9349278157816,17.4390234489788,21.8586674279258,24.9097464168966,18.7790190264647
"4767",28.251076552112,43.2286046937418,26.6013679512033,11.2140428749225,11.318966169443,11.318966169443,11.318966169443
"4768",30.3232803293452,41.4824834713215,28.6676008130696,13.134416611073,15.4319725471411,14.5459691962443,11.670470008623
"4769",33.1806403226142,41.6745638987594,33.2393610728052,13.5832201534081,13.6611042961458,13.2870937526934,13.121619074858
"4770",19.1763819660435,38.8107464581828,23.1629391024878,8.79572061305693,8.58041067044865,8.28406738074082,6.35380318917811
"4771",5.87039744752382,5.87039744752382,5.87039744752382,5.87039744752382,5.89218746757778,5.87039744752382,5.87039744752382
"4772",4.30254647450929,4.30254647450929,4.30254647450929,4.30254647450929,4.30254647450929,4.30254647450929,4.30254647450929
"4773",17.791218844009,18.6184345094921,15.9961851616489,13.8259047871984,15.1515756870002,18.4406249813685,14.2543286505516
"4774",5.2595873007935,6.76004536508519,5.75661523521469,5.60882428612487,5.2595873007935,5.2595873007935,7.69238300011627
"4775",22.3981855513749,27.2811018432802,23.8235526043581,10.6021403161655,10.6021403161655,10.6021403161655,10.4364083801586
"4776",18.6613406706955,26.9086237058108,23.2294742838081,10.0834768105484,10.1007563149695,10.0834768105484,10.0834768105484
"4777",41.6948435480198,51.30611262326,34.4012484763836,18.1857636296865,18.447277935184,18.447277935184,18.9837771664706
"4778",36.4672136218487,42.9030984288636,44.1941163783112,15.6189534642556,15.6189534642556,15.6189534642556,16.5468577910013
"4779",44.6930959401153,44.3390586991368,43.5837051228162,17.3472326058645,17.4504216240462,17.4504216240462,17.0436864442999
"4780",16.1220016018207,26.6815273981604,16.5357871269126,11.5333570775494,11.5333570775494,11.6789562136231,11.0691461818198
"4781",54.9828764836602,65.2739640640154,50.7204563523378,16.5827145110534,14.7100120907,14.2247177885173,18.8056120832123
"4782",14.7445697591338,34.2875117871812,32.4449869219263,10.9835720151317,11.0116090256881,11.0217756148297,10.1445050532623
"4783",16.8298353313378,35.24385214801,24.6189346401073,12.1162502575288,12.1162502575288,12.1162502575288,12.1162502575288
"4784",4.8365111840465,4.47969939390003,5.2165568497098,4.47969939390003,4.47969939390003,4.47969939390003,4.47969939390003
"4785",5.2995912575408,6.72623295837386,0,4.58830689042804,18,35.0585787963353,7.68244925654615
"4786",10.3598327733853,9.55519380438607,10.0940585303433,8.27079558117503,9.43113197765558,9.51945159559778,9.69387885196035
"4787",6.41411263897382,6.37212575681686,6.71544173316544,9.92410466131543,13.3097735499607,26.3388404288259,6.25853111260089
"4788",36.7127545345386,36.7127545345386,36.7127545345386,37.6280031508654,37.6280031508654,36.7127545345386,36.7127545345386
"4789",19.3889813396602,15.4329425849109,19.1870052939169,22.1111183151971,21.8519231887986,19.4212615155506,16.6679311280987
"4790",18.2640950499357,18.2640950499357,18.2640950499357,18.2640950499357,18.2640950499357,18.2640950499357,18.2640950499357
"4791",34.4999027480399,31.3900186676633,33.6538657384587,36.4860163455683,35.1443368673655,31.4912637138669,31.0186365345257
"4792",42.1378774390066,40.8863612381679,32.7296665491936,33.2637150234025,47.4626475076233,41.5955189103458,38.1132346871641
"4793",29.3593243803915,21.7360685208807,23.170342973017,28.2452248694379,29.1788478494886,23.3751704732151,20.255302760035
"4794",28.2585972729607,28.2400239564895,28.2400239564895,33.2783215863611,34.1642567563268,28.2400239564895,26.9913502021601
"4795",51.2361520661146,42.4288677749102,50.4921401912938,45.7426371374712,54.6729234073401,54.5915488456016,36.6756570132071
"4796",22.668742326932,18.6736904807531,22.4625436578595,22.5030633812178,22.0260931025911,22.1121376926634,18.8055378240315
"4797",34.3380729078931,33.3094892943644,32.9680692149851,42.9725184155703,41.5646008405771,33.3499226032492,33.6393178338292
"4798",28.1320233233242,28.664236356755,28.664236356755,28.5098199165825,28.664236356755,28.664236356755,27.4994184107733
"4799",35.5814708859552,25.880678978671,35.9968278525842,34.8830828239084,37.1493358320431,35.9968278525842,29.5237232631681
"4800",33.7344394544196,45.2573515973616,28.5772682984987,20.4371328211737,30.6200581838959,24.8469418622261,21.348353399812
"4801",9.04861632546781,9.04861632546781,9.04861632546781,9.04861632546781,9.04861632546781,9.04861632546781,9.04861632546781
"4802",16.3842638258858,13.7864405490787,16.2308977719483,15.3772307803779,16.4478550319847,16.3842638258858,15.2273493051064
"4803",18.2570170715213,16.2261508611623,18.482189885746,24.7267236029267,25.7525524383995,19.2605654130455,16.1887683452725
"4804",33.7698962416885,22.7694251105995,33.819648508683,31.9700406996074,28.751571370312,29.2298653904632,21.8326173120258
"4805",31.0078175155143,32.4556103000441,29.9889020880458,29.7492441843567,28.3443505170373,31.7241604520094,27.3605057686092
"4806",6.18554885083345,3.85914599522711,4.61444091008259,4.56487351282963,4.81682486942319,4.14714112127302,3.60137443142012
"4807",67.3447611739717,42.1632519925736,39.5100772294469,44.4313527432477,52.3377630144421,54.4240893283089,37.8459060746432
"4808",27.7602287498051,17.6239457737857,27.7602287498051,28.3523112327072,27.7602287498051,27.7602287498051,18.4425955140776
"4809",20.6835509964847,19.4822870026881,19.4822870026881,22.7105110051873,22.7063943879604,19.3909102052617,19.4822870026881
"4810",32.5829397492313,24.7900092739014,30.5268908084706,33.2366215085057,31.5893751468836,32.4818134577679,24.0537893860891
"4811",14.7033771715427,14.7497034982567,14.7497034982567,14.7497034982567,14.7497034982567,14.7497034982567,14.7497034982567
"4812",25.1129321622661,25.0827711452999,25.1129321622661,25.1129321622661,25.1129321622661,25.1129321622661,25.1129321622661
"4813",145.320475206546,146.293748742038,150.440955125897,147.357456375801,154.059280305115,153.340148187574,145.659423559694
"4814",235.085450687881,220.833703466059,233.668632802652,220.998810570129,234.416276147158,235.11904557056,221.950579057655
"4815",164.496997308395,161.262936026878,164.496997308395,164.496997308395,164.496997308395,164.496997308395,161.262936026878
"4816",87.3409776561236,88.9057607190787,88.8900826964591,91.6701299174645,92.1886104742394,91.5757828744294,90.2775843375384
"4817",263.603974660297,250.784152256473,248.816542707131,265.238480488897,266.304856698622,261.871115448763,250.434136682778
"4818",26.3794826902495,17.417333985914,24.0461789599118,21.9630575118276,24.4157566114614,26.6734768150365,18.7726534973474
"4819",24.0763018108977,24.0763018108977,24.0206164804488,24.0763018108977,24.0763018108977,24.0763018108977,24.0763018108977
"4820",136.366774710936,126.78928245166,148.169677193345,143.768709227649,150.679199763205,144.045233116583,122.290287833
"4821",17.5405782464286,16.9368118805863,17.5405782464286,17.0572376370844,17.5405782464286,17.5405782464286,17.5405782464286
"4822",20.2797234045412,20.2797234045412,20.2797234045412,20.4945555735525,20.3160089081205,20.2797234045412,20.2797234045412
"4823",108.120420143827,109.985069765049,109.985069765049,109.985069765049,109.985069765049,109.985069765049,109.985069765049
"4824",247.469217159647,239.34034786445,224.106799585421,247.11715954344,247.20494659631,249.043734714673,238.566877364611
"4825",11.9837620193966,9.07693019882594,12.5554347581873,12.076598294056,12.3378814080867,12.390122702143,9.51766710532615
"4826",10.6577013125378,10.6424337036002,10.0895189115091,10.6435070041822,8.41736147361032,10.0762954944684,10.0569665273723
"4827",7.74983141942662,7.75033571849248,7.74983141942662,7.69371099239904,7.74983141942662,7.74983141942662,7.74983141942662
"4828",7.75233470155021,9.82029785308454,7.75233470155021,7.75233470155021,7.75137364960023,7.75233470155021,9.82029785308454
"4829",5.32823051407975,5.81452819251761,5.49812582910805,5.32823051407975,5.32823051407975,5.32823051407975,5.81452819251761
"4830",31.4096251474328,31.9295630065199,31.4096251474328,31.4096251474328,31.5706879120534,31.4096251474328,31.7090039556011
"4831",8.56340913750786,8.56340913750786,8.56340913750786,8.57352578813727,8.56340913750786,8.56340913750786,8.56340913750786
"4832",177.691185451958,174.764356902796,164.232751676597,158.443682038569,157.538669683352,120.900041129647,169.388170300116
"4833",26.2942010318916,22.5259556488431,19.350491788314,17.8998230482948,16.3951273442223,16.2756257978753,16.1011341090573
"4834",18.3456174316155,14.3973140804588,13.0694656848783,11.8772564839543,19.8217224234649,19.2920886708376,19.0497693098116
"4835",7.88879434006247,7.88879434006247,7.88879434006247,7.88879434006247,8.06832836641259,7.98037882448525,5.91790386421915
"4836",23.5570612882494,23.438896448927,23.8288971412601,24.9993575486674,23.5850709759172,21.3799147297674,13.3123730727595
"4837",8.89652120619793,10.4808331103738,8.45110320719174,8.97043185572243,8.6216330439375,8.55107370033663,10.1527472440783
"4838",4.74183482697333,4.63035382469707,4.74183482697333,4.68222113110156,4.928881689363,5.65065153657235,5.65065153657235
"4839",15.846604713786,15.846604713786,16.1347424804483,15.846604713786,15.846604713786,15.8625726419098,15.8427333577394
"4840",15.9224005950832,12.9826054924952,13.6757373799119,13.9142637594256,14.0084303357943,13.9142637594256,14.1089953800961
"4841",8.54797696541515,7.81324945366717,8.50510042854591,8.54797696541515,8.54797696541515,8.54797696541515,8.97457842286326
"4842",11.8005198256586,13.2428126804008,11.8005198256586,11.8005198256586,13.081686855216,11.8005198256586,12.4729910080098
"4843",29.3898760481649,50.6504042907619,29.3830902020711,29.2090269627526,29.3898760481649,40.7090246176615,37.4419592325541
"4844",12.7659700179755,12.7659700179755,12.7659700179755,12.7659700179755,12.7659700179755,12.7659700179755,12.7659700179755
"4845",7.79785475602498,7.4237619526201,8.7277570881262,9.13202510150609,9.5421184348289,8.69859281022904,7.40099756869289
"4846",6.76932892365778,6.79932663515145,6.39432136002494,6.60404488909689,6.7569808451509,6.56314419057705,6.18120936438492
"4847",22.4422378638412,22.5409936108505,23.0826614372797,21.7424227158259,23.0599022534001,22.4422378638412,21.631629933637
"4848",13.5712108187651,13.5712108187651,11.9442131155007,13.1391317989587,13.5712108187651,12.706030133358,13.3319193646705
"4849",28.9986030910559,21.4328786311179,16.0736003169176,33.6011634143689,18.9565473414855,18.6931475850273,43.3616343427639
"4850",31.0560064706425,12.028023233702,15.5246783444865,15.7376948431718,14.6896349452572,14.2896835522299,13.5641499575787
"4851",11.8888878614669,11.9149684568541,15.1760325482402,13.4221711718711,11.8968988357663,11.9002825698016,11.9002825698016
"4852",9.02969904010642,12.0892151487551,8.91654128150209,8.37594671656429,18.0464373756187,10.4522621228137,14.8615591590894
"4853",45.1487802663672,27.1154727389476,27.8952861082939,27.8952861082939,32.4456393403054,27.8952861082939,27.8952859575672
"4854",19.8856199677181,24.3463338012095,28.0076527386994,19.3077775763543,19.8856199677181,19.8856199677181,24.6728793976587
"4855",19.8357523023024,25.3384504595862,19.8357512812313,19.7531755251695,44.2412753172864,16.0377384488965,26.7450629029015
"4856",15.8301121399998,47.2134700217221,20.8012366270811,33.7168015062649,18.0221935585742,33.3030446268529,21.6364987566987
"4857",5.26426503630467,5.26426503630467,5.26426503630467,5.22327362998806,5.26426503630467,5.26426503630467,5.26426503630467
"4858",9.19768463325964,9.19768463325964,9.19768463325964,9.19768463325964,9.19768463325964,9.19768463325964,9.19768463325964
"4859",9.74543030983213,6.58818323411646,9.62160473287408,10.391448764812,8.77820708151521,9.82298752289114,6.86181554827463
"4860",32.2569723698466,38.2374543229476,40.2723645358427,28.3586133525916,40.2723645358428,32.2569723698466,32.2569723698466
"4861",29.8618403837463,6.72933666169939,9.02699362809337,10.8251831353782,10.6752640349962,9.93835859047515,6.90359152180462
"4862",4.44216443494244,4.84523551275127,4.45439924623412,4.44216443494244,4.44216443494244,4.47119421627225,5.045292420255
"4863",9.48845446790475,9.48845446790475,9.48845446790475,9.48845446790475,9.48845446790475,9.48845446790475,9.48845446790475
"4864",131.093348827136,45.8869933021693,45.9040997417752,45.8869933021693,45.8869933021693,145.271091069804,46.8178255513163
"4865",53.3847252153855,18.5248638283932,16.5443517842136,13.4395772154478,16.06394947323,14.9926531333709,13.6845361201168
"4866",72.478438856127,42.8273238666737,40.5466104918686,67.1114091980582,38.3534468740192,69.4385187131007,38.3534468740192
"4867",75.8590043871157,21.5171815261573,24.2331416952813,24.1761430031648,24.4267055981046,94.1687670183461,21.5171815261573
"4868",7.69788167870042,7.69788167870042,7.69788167870042,7.69788167870042,7.69788167870042,7.69788167870042,7.69788167870042
"4869",12.2131789298738,12.2131789298738,12.2131789298738,12.2131789298648,12.2131789298738,12.299855730922,12.2131789298738
"4870",10.2995581912965,10.7635022956529,9.91041087437755,9.94404890815046,9.58614942867909,9.18968931104873,9.57317763301101
"4871",11.7990407380081,11.8607320528468,11.9980926989402,12.2531590183168,16.8033062500623,16.625212296888,16.3443671052674
"4872",27.8765543010203,27.8765543010203,27.8765543010203,27.8765543010203,27.8765543010203,27.8765543010203,27.3999817588914
"4873",23.9420470019259,26.7481136760771,26.7481136760771,23.6753498158451,21.1800206702477,22.3856148484937,21.1800144425738
"4874",73.0995966069082,73.0995966069082,73.4898543899166,73.0995966069082,73.0995966069082,73.0995966069082,73.5072235402205
"4875",15.6429002339688,15.6429002339688,15.6429002339688,15.6429002339688,15.6429002339688,15.6429002339688,15.6429002339688
"4876",8.33710614844867,10.8118269516948,7.84465522816031,8.33710614844867,8.1696109647429,8.33710614844867,10.8118269516948
"4877",6.59662389624932,6.59662389624932,6.59662389624932,6.59662389624932,6.59662389624932,6.82394924883863,6.59662389624932
"4878",5.42972053204463,5.47700475131215,5.42972053204463,5.42972053204463,5.42972053204463,5.4026713986354,5.42972053204463
"4879",8.41936989892868,10.7424346843065,11.2848608703932,8.28761684070474,8.73847588152346,10.7982140898611,12.6302679343806
"4880",2.67273912314758,3.26286333945356,3.14272118356127,3.11730830447846,3.1427211840176,2.98396222845496,3.66560518799107
"4881",23.0613833245174,22.3996943760139,22.9738561531287,23.4448769813645,23.3157526713741,23.0613833245174,22.6211869028302
"4882",14.6697259772981,11.7383404012258,11.7383404012258,11.7383404012258,11.8078856831869,11.7383404012258,11.7383404012258
"4883",38.7498556465129,24.0363630744351,56.255906013146,24.0363630744351,26.5798511088223,38.3192014365769,24.4698680997438
"4884",7.25797410738085,15.9305998470819,32.4258848781043,6.47529569523009,7.25797410738085,7.25797410738085,6.86643960081096
"4885",10.8112479472156,11.8245958192352,10.8043404805478,13.7942943744862,30.706783862938,13.082438228406,11.7012940577168
"4886",6.05597665972079,6.05597665972079,6.05597665972079,6.06236774119933,6.05597665972079,6.05597665972079,6.05597665972079
"4887",30.7480533835351,23.5218672540234,19.6050817834154,18.9659464870844,19.8762522415494,19.1097596735472,18.8631721554534
"4888",5.87923541689541,5.18947466029917,5.378349122958,5.47460262759226,4.90370505622171,5.24389239285148,5.52163061388935
"4889",6.79286009068408,7.29551090933546,6.81465925888431,6.72737966136194,6.42224871598886,7.29551090933546,7.29551090933546
"4890",7.45000008848952,7.45000008848952,7.45000008848952,7.45000008848952,7.45000008848952,7.45000008848952,7.45000008848952
"4891",5.36775018287433,5.12644402242183,13.3277992966638,3.52832724638032,5.13725594080851,5.0054416354773,5.16403971370633
"4892",4.33500834466714,4.34365008487105,4.35984649263184,4.35810230297643,4.30541630418486,4.29730793431652,4.33500834466714
"4893",4.99710682007543,5.4375088504972,4.87442565232036,4.80047751370097,4.86053063179343,4.91657898074828,5.33396342211679
"4894",11.6974646467368,11.6974646467368,14.7113161637893,12.0686229972482,11.6974646467368,11.6974646467368,11.6974646467368
"4895",15.0267336304363,15.0819274942381,15.4301249106065,15.4301249106065,15.4301309710942,15.4578749338085,16.2061052375703
"4896",39.6050550702544,39.6050550702544,39.6050550702544,39.6050550702544,39.6050550702544,39.6050550702544,39.6050550702544
"4897",22.1091381520488,22.1091381520488,22.1091381520488,22.1091381520488,21.8931768786463,21.8216910285552,22.1091381520488
"4898",13.360515307431,11.7220933903854,13.1977100543688,13.1977100543688,13.1977100543688,13.1977100543688,11.7157681730893
"4899",7.70117695336024,7.73622680928372,7.675078870133,7.70117695336024,7.70249114935694,7.7000363478531,7.68173209908316
"4900",7.80907944898838,8.42851269378544,7.76174691910375,7.85076502182385,7.98955115530541,7.76174692030026,9.18958902941728
"4901",20.0996348836432,20.0996348836432,20.0996348836432,20.0996348836432,20.5461127637845,20.0996348836432,20.0996348836432
"4902",15.3652705325757,15.3652705325757,15.3652705325757,15.3652705325757,15.3652705325757,15.3652705325757,15.3652705325757
"4903",41.2201536454843,42.8856471018724,54.3345397505906,54.3345397505906,50.8228035866596,41.2181246005339,44.0790063875471
"4904",25.6996937777222,31.5053791454017,28.0273409824008,28.2161311714725,30.4092606552821,26.5580948486492,28.6698223231625
"4905",31.8813235793418,31.8813235793418,31.8813235793418,31.8813235793418,32.6494743171828,31.7776147389737,31.0757752323724
"4906",18.1319058425521,14.1134944001532,15.5430289661749,16.4951000011889,15.9085014011931,16.7584445134902,14.2027939064065
"4907",7.28509763709172,7.28509763709172,7.14916339942325,7.3298296844101,7.46836132106986,7.28509763709172,7.19833470797132
"4908",18.0587379699396,20.447237987874,21.9687574743661,21.9687574743661,19.4108114269323,17.9387896072388,20.447237987874
"4909",21.9060810074634,21.9060810074634,22.2395974519613,22.3364068269928,22.6594960525084,21.9060810074634,21.7213303783636
"4910",5.78725885796209,6.41111504168593,5.78725885796209,5.79526750961181,5.78725885796209,5.88547737606113,6.41649015797383
"4911",10.7220828597808,10.7220828597808,10.6739234096061,10.7220828597808,10.7220828597808,10.7220828597808,10.7220828597808
"4912",7.09851841234199,5.83026735763571,5.72376263305462,7.31403563269306,5.13141404835185,5.21354813098499,7.85241159533396
"4913",4.0418665838857,4.05258421024522,4.0418665838857,4.0418665838857,4.0418665838857,4.0418665838857,3.98385317543717
"4914",16.6245313441694,16.6245313441694,16.6869844577112,16.7730785902697,16.866361531769,16.7200193311835,16.7382544395257
"4915",7.52516923286194,7.80245352215967,7.52516923286194,7.52516923286194,7.52516923286194,7.52516923286194,7.52516923286194
"4916",4.38828255460137,4.38828255460137,4.38828255460137,4.38828255460137,4.38828255460137,4.38828255460137,4.38828255460137
"4917",6.70176902046718,9.38799720041357,7.05720087635874,6.62585362347035,8.13396162755129,6.52135488000109,9.79551564571918
"4918",15.4191865608608,15.4191865608608,15.4191865608608,15.8044644374696,15.4191865608608,15.4191865608608,15.4191865608608
"4919",9.4749646598076,9.0331869835901,9.4749646598076,9.74519255357081,9.51764909002402,9.4749646598076,9.93268961340123
"4920",5.323173803411,5.19780677971147,5.47649567660433,6.27855666011056,5.98419907857805,5.67482907979873,4.97842781280888
"4921",10.9003875459546,9.40807537994048,10.3719284092605,10.5046896837707,10.5101274415748,10.4797012640676,9.861840888568
"4922",88.5286724129243,97.4138484508608,105.277359199082,283.487927415305,55.6169741781072,59.6967956714236,58.9175331638657
"4923",19.3983595298294,21.3158210259892,22.8426684828363,47.3096033406391,12.5186002213107,12.5186002213107,11.6577261293418
"4924",21.811391303577,17.1312301978495,29.7401618159905,116.010688449749,22.0682618775482,10.0258001766307,7.32522681773083
"4925",25.8376991171695,30.9350723869481,34.3004293930839,93.52763607237,27.4093985964997,12.0163189276852,9.33766673467338
"4926",28.9381347735876,33.1931327945618,41.2780791680996,93.9070707979037,19.7191034868265,13.8306986105426,13.3207599237661
"4927",45.1211144736396,55.9183594411487,56.1475365835132,139.143031117135,28.9170314602228,25.6290540299726,26.1627521598666
"4928",23.3622613640213,22.9995880591883,24.0376662041632,68.4072994287273,12.1416074839299,16.8334299661154,15.4360650052483
"4929",18.6416265434244,22.3170349245538,22.8917259896736,53.5450189180047,10.357690663904,11.3268450748243,10.6388612185881
"4930",38.8465746560288,53.6257857198523,46.3170229791074,122.581129827615,16.5176577282381,16.3326045909983,16.822004520825
"4931",16.8527597174489,27.0087824781466,20.1319711487889,39.3918761219138,14.0925663088784,7.8003316422241,7.75644376625787
"4932",7.17410971627329,5.65132020707192,7.17410971627329,7.17410971627329,7.17410971627329,7.17410971627329,5.36208512517208
"4933",6.75760172628926,6.75760172628926,6.75760172628926,6.51295610832525,6.75760172628926,6.75760172628926,7.21453887369195
"4934",6.63539979786006,6.93915229953905,6.56112996579677,6.63539979786006,6.63539979786006,6.29668990973835,6.63539979786006
"4935",10.3751480972875,7.78030558290941,9.71576586094238,9.71576586094238,9.635331524655,19.0816416257706,7.59625716050726
"4936",23.1313074001041,24.1722376653174,24.1708329364817,34.0038747680604,20.5938718756528,20.5938718756528,20.5938718756528
"4937",21.8769795006314,30.6063241021715,27.9936551856787,73.1287185196969,18.8595612488834,10.6803012974013,11.8721913528899
"4938",8.1283479723784,7.85540486261683,7.85540486261683,7.24807395389648,7.85540486261683,7.89598650822327,11.1791292613687
"4939",8.57634575618417,8.57634575618417,8.57634575618417,8.57634575618417,8.57634575618417,8.57634575618417,8.57634575618417
"4940",8.69676407515199,9.26563351139587,10.0923613669571,10.0923613669571,8.70132628007818,9.26563351139587,12.9713491089905
"4941",9.90504198985303,9.90504198985303,9.90504198985303,9.90504198985303,9.90504198985303,9.90504198985303,9.90504198985303
"4942",7.66093976860617,7.32377617998257,7.17361833835244,7.17365956548564,7.17191146491996,7.19389131513179,7.08659702985143
"4943",15.126687469937,19.092772239546,14.1835197898158,40.4298757408152,16.5667492374718,40.5822850788476,14.5526231579464
"4944",10.1567586782532,10.0749181418786,10.1567586782532,10.1567586782532,10.1567586782532,10.1567586782532,10.1567586782532
"4945",5.08135439468646,5.08135439468646,5.08135439468646,5.08135439468646,5.08135439468646,5.08135439468646,5.08135439468646
"4946",47.3294009849618,13.38514819184,12.1517579790012,12.2478583569314,12.2478583569314,12.2478583569314,13.38514819184
"4947",7.04859871206676,7.04859871206676,6.95327027047407,7.04859871206676,6.9628260804346,6.85551645445132,7.04859871206676
"4948",20.6996091326303,20.6996091326303,20.6996091326303,20.780480953642,20.6996091326303,20.6996091326303,20.6996091326303
"4949",66.0595072019959,52.1714936299168,42.9331126475117,41.2283343585539,66.0595072019959,81.1138116858876,75.7650754795653
"4950",7.54843864606185,9.15457592464485,6.51085453348819,6.71936484615741,7.27694412469123,8.94651111959319,9.93042512972557
"4951",8.87089531854785,8.79984638941955,8.45686359528671,8.50010179192293,8.48127611738563,8.50624217851312,11.0805655176266
"4952",716.8471480447,776.579040227884,745.366650339492,731.464331010161,693.934850094427,702.30075373071,759.675352832098
"4953",17.8933696881756,17.8588790131944,17.7558453258372,17.820727509792,17.7886853803711,17.520309687787,17.9084231234782
"4954",210.085205063312,207.766960843273,210.085205063312,210.085205063312,210.085205063312,210.085205063312,207.766960843273
"4955",41.9520303775565,32.0560442900464,31.5965464029291,31.5485615227535,31.5481976020626,31.5965900419768,41.0024085859465
"4956",5.90096633576441,7.32803687890252,8.08355800511569,9.61714025339438,9.72974112859677,8.8096610184503,9.43848232757273
"4957",36.4295205314933,35.6342684713251,36.4295205314933,35.8338463959643,36.3506632833269,36.4295205314933,36.4927168151824
"4958",7.15851326845063,5.86636711596281,5.4771169646413,5.47226481976286,5.30091726984959,5.51738780240662,5.41732199742819
"4959",7.43156053926872,5.5098116639784,6.86789774438986,7.00878201805074,7.34490808646451,6.70993375345986,3.95084391048532
"4960",7.16494595192274,7.47771006864609,16.6583213311338,7.94148277819995,5.82020834459106,6.51941499328725,6.51941499328725
"4961",9.20225625610408,9.27862980659546,9.20225625610408,9.31255390993824,9.20225625610408,9.20225625610408,9.20225625610408
"4962",19.9349341912765,21.2556170583424,24.0990165772901,57.395614787499,16.6991376910884,12.1510430433185,11.3646302724902
"4963",11.0026191279194,11.0026191279194,11.0026191279194,11.0026191279194,11.0026191279194,11.0026191279194,11.0026191279194
"4964",10.4341683745255,11.5217226430429,10.4341683745255,9.83804985776346,10.7436557119392,11.306231801227,10.4341683745255
"4965",18.2463837541434,17.4487605445531,19.9623283369397,19.6951965237445,18.9287807229887,19.1529194482784,17.2172531139566
"4966",11.0565917703049,11.3565819803658,21.5286279102999,24.5601546458327,24.5263578605942,24.5601546458327,24.5653975037599
"4967",9.62028932849154,9.5615569216573,9.62028932849153,25.3267158230223,9.62028932849154,7.18940018943493,7.06253359434216
"4968",8.64984119500912,8.64984119500912,8.64984119500912,8.64984119500912,8.64984119500912,8.64984119500912,7.0590112764321
"4969",104.466090589365,99.0749702727237,93.2497708146437,93.2496901742632,93.2497708146437,93.2497708146437,111.022489015189
"4970",6.31052531082593,6.31052531082593,6.31052531082593,6.31052531082594,6.31052531082593,6.31052531082593,6.3101151009417
"4971",13.234780146376,13.234780146376,13.2474322577989,13.2307463805198,13.2573680189213,13.2072289511439,13.2746096351385
"4972",6.58452199421048,8.02731072244003,6.57762357929405,6.39466503642032,6.43018158248786,6.33360345194122,7.90740654162685
"4973",6.0495516428461,6.02165133300516,5.0157419739427,5.88900189785959,6.02152979612817,5.66191343296849,7.35390646888028
"4974",7.94299964215151,11.9071123030605,16.6277378268476,19.0994011643854,16.5505159248368,19.38114370318,25.6653189452776
"4975",76.4330275305426,60.9589588210793,49.0842070863643,76.4330275305426,48.6360133615183,48.7750448928286,95.0396509913077
"4976",2.8479067186608,4.89404404320273,6.48408024399281,6.36889190110519,5.83051327650954,4.22728134134152,3.41223692150778
"4977",15.1358144079304,17.220331668061,18.950413272309,17.3675340416317,23.424876456678,20.8447719277044,23.424876456678
"4978",4.03307211259724,9.61328128657194,5.64593870374551,3.94883297988552,4.48052414471398,4.48288342047934,4.3743206751403
"4979",5.37479140536823,4.3796409235387,5.655485116664,6.00445998555701,6.06067651205821,6.01242782391062,5.19378167055634
"4980",7.95760115828341,7.95760115828341,7.95760115828341,7.95760115828341,7.95760115828341,7.95760115828341,7.95760115828341
"4981",18.006664712734,18.006664712734,18.006664712734,17.1433499915385,18.006664712734,18.006664712734,18.006664712734
"4982",59.6753358633139,73.467881132235,66.1148462742611,64.276271263089,65.1331390234906,63.9445413505006,73.467881132235
"4983",29.4176045069392,29.4176045069392,29.4176045069392,27.8221980478503,26.8044676742992,29.2359184976132,29.4176045069392
"4984",70.3378321661027,82.5257984371119,74.7649701052046,70.3378322461208,70.3378349588497,70.3378418973924,77.8705201313964
"4985",19.455209750166,19.455209750166,19.455209750166,19.455209750166,19.455209750166,19.455209750166,19.455209750166
"4986",10.0329062072972,10.2960206743989,22,10.0329062072972,0,22,10.3424068928633
"4987",17.5013757016275,17.5013757016275,17.5013757016275,17.5013757016275,17.5013757016275,17.5013757016275,17.5013757016275
"4988",7.29048530021222,8.09228994639279,7.17605774990385,7.01596067774592,6.88042536840097,6.97421507687191,7.17671743459916
"4989",93.2352031871523,93.2334947647991,92.6696297355317,92.6696297355317,94.0030866706596,93.2679725183935,93.9263612877202
"4990",11.5606052411136,12.3368869318617,11.2546687378973,11.5606052411136,11.5606052411136,10.4372790210175,12.3368869318617
"4991",192.373572534845,192.373572534845,0,186.408256537389,186.408256537389,0,189.249191664711
"4992",16.7896000876925,16.7896000876925,16.7896000876925,16.7896000876925,16.6912219504809,16.7896000876925,16.7896000876925
"4993",31.2370691598737,31.2370691598737,31.2370691598737,31.2370691598737,31.2057522972013,31.2370691598737,31.2370691598737
"4994",767.369236387399,781.899563197646,0,0,0,0,0
"4995",264.065737819304,264.065737819304,264.065737819304,261.453679955952,258.925002064201,264.065737819304,264.850045278664
"4996",5.96028560228919,5.8363543331815,5.86489145765006,5.94761107024788,9.47299168408013,5.97744825447137,5.96028560228919
"4997",2.94942711456345,2.91698577832732,2.96531537292588,2.73835690824005,2.75542245722696,3.06432193474126,3.0904888343042
"4998",6.30300449221124,6.30300449221124,6.30300449221124,6.30300449221124,6.30300449221124,6.30300449221124,6.30300449221124
"4999",5.04486462547614,4.63056169455561,4.88697716925144,4.79498380563113,4.72519866183694,4.89997674662745,4.63056169455561
"5000",5.66456033033582,5.66456033033582,5.66456033033582,5.66456033033582,5.66456033033582,5.66456033033582,5.66456033033582
"5001",12.9560800318595,13.1523513854839,13.8097239769526,12.7523405096056,12.5134008510482,12.3383018837264,13.5527280198174
"5002",25.6795856723825,25.6795856723825,25.6795856723825,25.6795856723825,25.6795856723825,25.6795856723825,25.6795856723825
"5003",7.85948057874829,8.00329428980372,3.79610489282235,3.54013256524387,5.31157032301871,8.43226106034007,9.04266387424365
"5004",19.8401768491011,19.3012078218593,19.8401768491011,17.956869923854,19.8401768491011,19.225943005518,19.8401768491011
"5005",16.2080464481833,12.3170839521709,12.6453001648128,12.6453001648128,12.6453001648128,12.6453001648128,12.6453001648128
"5006",93.0959316627067,96.9004701392846,91.789798170542,95.4791803495199,92.2575547513985,92.4809111027211,94.1778044880047
"5007",10.479387519617,10.479387519617,10.479387519617,10.5426009622752,10.479387519617,10.479387519617,10.479387519617
"5008",10.8339775483223,15.2255177295864,10.8627912137436,10.8291439617992,10.9957242330892,11.0470693079121,14.9546543500203
"5009",3.7924129434397,3.48879002033897,3.7924129434397,3.7924129434397,3.7924129434397,3.21932429706723,3.7924129434397
"5010",33.2371692594189,33.2371692594189,33.2371692594189,33.1518372343152,33.2371692594189,33.2371692594189,33.2371692594189
"5011",378.131457509868,665.461056684154,391.424547837672,243.852025177149,379.391110117173,241.271911349169,222.597243657796
"5012",12.6672893270792,19.136245757511,12.4716826314598,12.2114861223917,12.4716826314598,12.4716826314598,12.4912721630265
"5013",6.91158598669134,6.91158598669134,6.91158598669134,4.37507730426477,3.53906148975747,6.39850131833951,6.6992589376099
"5014",30.5381193705468,26.7271521378848,30.5381193705468,30.5381193705468,30.5381193705468,30.5381193705468,26.7271521378848
"5015",74.3543516566448,67.0768791770816,58.5583874589204,73.1180081063907,61.9006517934605,69.088141221562,67.3893369788245
"5016",12.0709217719937,12.0709217719937,11.8127372182372,12.0709217719937,12.0709217719937,12.0709217719937,12.0709217719937
"5017",16.5541864263903,12.9580602692275,16.5537934614541,15.7189966462229,15.6109512808606,16.8167632384055,12.7305383158302
"5018",47.7516004600059,44.5440992737993,47.7516004600059,47.5901748566374,46.9595579938719,45.6203714386264,43.8041674486633
"5019",19.1631875384625,19.1631875384625,19.1631875384625,19.1631875384625,19.1631875384625,19.1631875384625,19.1631875384625
"5020",14.9820716205223,10.9899683544395,10.9731510313857,10.9920185495377,10.9183545200311,10.8723448677096,12.2383259853055
"5021",10.6637413922867,10.5111414673604,10.6637413922867,10.4586476030712,10.6267178436817,10.6637413922867,10.6637413922867
"5022",8.92646385193225,8.98098566554898,9.29119829458925,9.35420428784678,9.34035074624421,9.42273443848621,9.74744745546103
"5023",6.07472291183237,6.07472291183237,6.07472291183237,6.07472291183237,6.07472291183237,5.67132618215097,6.07472291183237
"5024",6.28131611298923,6.43259712189021,6.2353984441469,6.22924475551678,8.07156756437681,25.252195502146,16.8257431428588
"5025",3.9573545358375,4.14133447430495,6.14971720044,11.1521199139189,11.1521199139189,2.95898690796552,1.48619891822619
"5026",8.00827990457844,8.00355043871364,8.00827990457844,8.00827990457844,8.04229776077137,7.89647274010345,8.00827990457844
"5027",6.70776534923762,6.70776534923762,6.70776534923762,6.70776534923762,6.70776534923762,6.70776534923762,6.84618539924858
"5028",7.46317468714358,7.46317468714358,7.46317468714358,7.46317468714358,7.46317468714358,7.56914665966012,14.8534304546201
"5029",4.31305184135701,4.26838762157006,4.35770149415929,4.31305184135701,4.33979605309401,4.31305184135701,4.31305184135701
"5030",14.3167947521887,15.2885446305029,15.4029494350384,15.4084701418733,15.4029494350384,15.4029494350384,16.1270267547427
"5031",5.50255197143855,5.50255197143855,5.33194636983773,5.50255197143855,5.78822004079227,5.50255197143855,5.50255197143855
"5032",15.3828609842134,13.878781393129,15.3828609842134,15.3828704990787,15.6606634576463,15.452345210685,22.6159785101937
"5033",6.05633244881189,38.686901626559,16.3764502105554,10.5880346155536,11.0014715580777,7.96504311899887,7.14919084269264
"5034",3.34085770970308,3.36465888947099,3.34142242237389,3.33856303234908,3.34497658092359,3.35324425604434,3.3311329219122
"5035",10.4327637525715,22.1505685634134,9.42360157317496,10.072764554174,8.88050417729638,9.65167994961226,9.65167994961226
"5036",3.54952740336426,4.10131940344993,3.52425809305188,3.49563834551983,3.58037597247281,3.49563834551983,3.49563834551983
"5037",8.19547443579058,7.40841930406943,5.26664914044886,5.26664914044886,5.33001309178063,5.9948688857329,7.40841930406943
"5038",7.7723088195462,7.7723088195462,7.36238137520933,7.78798761816585,7.7723088195462,7.2299233598871,7.7723088195462
"5039",36.6127652509997,49.4116122212413,2.70110667331419,9.85441551374362,7.51033718832073,9.91020120652271,6.07258482275143
"5040",5.43836034163508,6.37826346139692,6.43644393715727,6.43644393715727,6.43644393715727,6.36049533933253,6.3604026735087
"5041",11.901931423019,15.9156878024711,0,4.07879231947548,4.10094190555637,4.09729273995585,4.27251989816431
"5042",11.3077152032825,11.3077152032825,11.3077152032825,11.3077152032825,11.3077152032825,11.3077152032825,11.3077152032825
"5043",17.7136118633556,17.7136118633556,17.3504933152474,17.7136118633556,17.7136118633556,17.7136118633556,17.7136118633556
"5044",16.1597520824049,16.1597520824049,16.1597520824049,16.1597520824049,16.1597520824049,16.1597520824049,16.1597520824049
"5045",22.4934229134446,22.4934229134446,22.4934229134446,22.4934229134446,22.8993073452486,22.4934229134446,22.4934229134446
"5046",24.7332099796178,24.5973474048202,24.7332099796178,24.7332099796178,24.7332099796178,26.4860489475906,23.7026659001668
"5047",17.7207600788595,20.0112890788919,21.1240154005478,19.3123361568392,20.0112890788919,20.0112890788919,20.0112890788919
"5048",16.6660427260767,16.0678243061855,15.7547725714627,15.521476480229,15.6625218344454,15.6123800848586,15.9999001715259
"5049",24.4772454602289,23.5598106654829,23.0444744550685,23.8824609901489,24.246982083697,23.067867717195,23.6734075558205
"5050",4.25555909269027,2.53591148279059,9.45307487970177,17.7350501329794,9.49631157920725,3.55648919439153,2.82781473772437
"5051",29.9262078785152,29.9262078785152,29.9262078785152,29.7781891679248,29.9262078785152,29.9262078785152,29.9262078785152
"5052",11.9843258976911,11.9843258976911,11.9843258976911,9.12626802536411,9.12626802536411,8.40477303958686,7.67571566273256
"5053",40.1899360221952,40.319048976243,42.4234838879948,45.3214423200531,33.4015280859068,35.2046158812971,40.1899360221952
"5054",24.4350269059997,24.3212077074841,32.2750654910827,32.2750654910827,32.2750654910827,24.4350269059997,24.3212077074841
"5055",28.247977941239,16.6081375714628,42.4437599645055,35.7430901391241,35.7279423654017,20.7380385746302,19.5641256750593
"5056",35.129998709459,19.5509252784938,36.9896911346404,33.9282372626083,33.0690773124167,25.5378053805038,22.8406517277974
"5057",51.0902526294323,36.0738570208849,54.0238641599456,52.4557965869155,37.6108113488072,38.9767993221375,36.0891221852282
"5058",42.8171948391844,28.2961303177412,42.8418719164642,48.9499937957581,36.6618950364474,28.863229736616,27.0961373486491
"5059",50.5276540810486,38.7935167083104,38.8939515980733,40.5352757169566,40.6805692924854,36.9048042744004,33.0062064406833
"5060",40.8065559392562,35.1749702410785,38.3615697904211,42.8676476822395,43.2421964031818,28.3955668945783,33.8017955095989
"5061",24.5936393226474,24.4832743956727,24.4832743956727,25.0230185366115,25.8324954638028,20.7430160785173,24.4832743956727
"5062",26.7467287618275,26.7467287618275,26.7467287618275,26.7467287618275,26.7467287618275,22.903422158086,26.7467287618275
"5063",38.3696081679504,38.5808771027325,38.7113485636211,38.7987767973955,38.7891469202076,27.7942285082688,37.7705756148106
"5064",36.8508684572089,36.9277417200507,36.8809979622652,37.0095349659781,37.2719094794166,29.9618465378711,34.9160280800803
"5065",66.7042081092229,65.0094554181017,69.8685200335656,68.3574804548704,76.3873027192344,63.1344644032844,66.3682310590441
"5066",28.9772317294698,21.3986595951617,31.976951314726,31.8479964333353,32.4963540546779,28.5196549485458,27.3239372038459
"5067",42.4869450568642,42.1333378142206,42.1333378142206,42.1333378142206,44.0394950869497,39.630959238371,42.1333378142206
"5068",93.1699680881416,67.630169227639,62.4471351791924,67.8137829313324,74.8853918598677,58.7820818590589,49.5096011741443
"5069",54.5184367853838,45.0135746379932,45.2904980640659,51.0719618847718,55.7294914366667,39.8778620679679,45.3487528103015
"5070",38.8849440344594,40.5510083944676,37.3756566397529,43.4930325909592,38.8849440344594,37.2957721793247,37.9721479109662
"5071",51.4106976794992,51.4106976794992,51.4106976794992,53.4944448203463,61.8352294720449,49.824592959646,51.4811542287663
"5072",9.00337163649526,7.24049277935672,9.45114176850854,9.33504969768891,9.39796138759278,9.55145273115403,7.56128421254665
"5073",8.88284345684617,6.27629642550288,8.86713402189185,8.83086970253413,8.80237158416259,8.86487684845428,6.48742125898733
"5074",21.1704420949255,22.6624428128015,22.0069590570945,21.1892091269771,22.0069582939126,22.0069590570945,22.0291579032474
"5075",23.8654425467823,23.8111540843093,23.8111540843093,23.958728554251,23.9558216567296,23.8111540843093,23.8111540843093
"5076",24.7799122542755,23.3850382714155,23.3850382714155,24.6561418163555,24.7678096676476,23.3850382714155,23.3850382714155
"5077",8.8519518877379,8.24859606631035,6.33504635566028,5.8637999480359,5.99319006385214,6.11955012566362,7.79438089794138
"5078",5.55099937893903,5.55099937893903,5.55099937893903,5.55099937893903,5.14239901783375,5.55099937893903,5.55099937893903
"5079",39.0014114487649,39.0014114487649,39.0014114487649,39.0014114487649,39.0260745516416,39.0014114487649,39.0014114487649
"5080",7.16596723168904,6.92773721222305,6.715254166791,6.57321905912309,6.11017514218997,7.3258828271895,7.01971288294217
"5081",7.61402951629298,7.61402951629298,7.61402951629298,7.61402951629298,7.61402951629298,7.61402951629298,7.61402951629298
"5082",7.02936232491673,7.02936232491673,7.02936232491673,7.02936232491673,7.02936232491673,7.02936232491673,7.02936232491673
"5083",9.08885254426918,9.09839325793076,5.69955912562615,4.06335915508883,3.9587533008819,6.79421348712421,9.09526388362647
"5084",19.5211650630136,11.6637223316721,15.8615412738978,16.1581794138761,17.6830850870254,17.9756130126457,8.500951258694
"5085",38.7259577469456,30.0384703924826,38.1336673343343,39.6888619525511,43.7425949573546,34.4380621592525,14.2605044232827
"5086",14.4237989298684,13.4239085610673,14.4237989298684,14.4237989298684,14.2640339118292,14.4237989298684,13.4239085610673
"5087",4.90809581024327,4.17019403342135,4.90809581024327,4.90809581024327,4.90809581024327,4.90809581024327,4.90809581024327
"5088",6.82922378635085,5.41640899178558,6.81273372060239,8.87862050563358,7.89566695038347,7.74357526389959,5.59885602420363
"5089",10.7761639620014,10.7761639620014,10.7761639620014,10.7761639620014,10.7761639620014,10.7761639620014,10.7761639620014
"5090",6.80161168222381,7.81439340357725,6.80161168222381,6.78892879603554,6.49537732848896,6.45492811747745,7.87285262155602
"5091",10.7819441103951,6.38731885740368,18.0081781570559,52.052911379934,42.6012236770347,7.56021276957362,6.33029046452425
"5092",4.93100648205749,3.61052891927732,7.72453712097153,23.1212998707246,25.4646668099737,8.28451848518079,3.61052891927732
"5093",9.74455431040984,10.2275957788798,10.5289678948762,10.2275957788798,10.2275957788798,10.2275957788798,9.79646186806653
"5094",30.7810266975717,30.7810266975717,33.3737700913461,33.3737700913461,33.3737700913461,26.9379899037466,25.4926476379435
"5095",59.2621624353505,52.9149674502244,95.8934165363753,96.1359852229458,96.1359852229458,53.9175067844991,52.9383015494584
"5096",90.6703694122461,45.7478796225577,145.072796468393,147.233137174309,147.865733250684,88.2076156425784,63.7120888510735
"5097",35.3968963382172,30.1250925662131,41.6105464335716,56.3471108382814,33.1498549263762,21.7548095066354,29.2155880387314
"5098",35.4158449017683,35.4158449017683,36.4221829104539,35.4158449017683,35.4158449017683,35.4158449017683,35.4158449017683
"5099",28.7046235662299,28.7046235662299,28.7046235662299,28.7046235662299,28.7046235662299,28.7046235662299,28.7046235662299
"5100",23.954554876187,23.954554876187,40.4491684374707,40.4491684374707,40.4491684374707,23.954554876187,23.954554876187
"5101",27.9610795378446,25.7786504842612,27.9610795378446,27.9610795378446,27.9610795378446,27.9610795378446,25.7786504842612
"5102",103.42210188635,87.4617582152709,164.633973972869,143.568735739302,137.195472161618,92.1379135341301,88.6256424550646
"5103",22.1898437233006,19.4741540245626,19.1813436494253,19.4625705292022,17.349962517653,19.1996796884101,22.2947221513571
"5104",11.1157695951759,11.1157695951759,11.1157695951759,11.1157695951759,11.1157695951759,11.1157695951759,11.1157695951759
"5105",9.58575397061441,6.72862950066142,6.65007700594153,6.6062997457564,6.65007700594153,6.65007700594153,10.3253719980324
"5106",11.6389248433366,11.6389248433366,11.6389248433366,11.6389248433366,11.6389248433366,10.5207793793229,7.17692486206804
"5107",31.0231986190414,21.9955203736498,32.0649894577531,32.0649894577531,32.0649894577531,31.3227027282282,14.5768242521287
"5108",29.8088969027939,29.8088969027939,29.8088969027939,29.8088969027939,29.8088969027939,29.8088969027939,19.7293073319715
"5109",18.5345952223617,17.3619491946837,18.8223590919865,18.5345952223617,18.5345952223617,18.5345952223617,13.1562790297279
"5110",4.48430495350062,5.2578249297516,4.76299425819523,4.77270189144474,5.04591508280088,4.40934084410107,5.40200716915578
"5111",13.8081891986911,15.2351515740536,13.8399988950586,13.8081891986911,13.5784562221936,13.9312726052797,19.6294237399655
"5112",18.9010665439201,18.9010665439201,18.9010665439201,18.9010665439201,18.8889294133846,18.9010665439201,18.3251675409591
"5113",50.4446601748643,42.0980136223666,75.2984216211212,76.809004068206,76.8090040682059,48.3135980055101,43.5792432059032
"5114",109.729043705018,76.3372214143782,148.030178789196,146.417617854453,141.138887880563,94.2211200676553,76.3372214143782
"5115",17.0160821206213,14.4084192334871,13.2092132000691,11.6027138477749,11.8666653490066,12.0732027152761,13.5110795880344
"5116",32.981880826074,30.8580858025473,31.0445208310355,31.2324401297329,31.0453542525789,31.1439151711202,31.0391496719239
"5117",33.2402682245463,35.2946275350201,35.6212606104592,35.6163331442632,35.4900624221853,35.4423420684273,34.9536054108822
"5118",16.0644932067057,16.0644932067057,16.0644932067057,16.0644932067057,16.0644932067057,16.0644932067057,16.0644932067057
"5119",6.22745732968981,6.22745732968981,6.26702121049604,6.37148788682701,6.22745732968981,6.22745732968981,6.22745732968981
"5120",8.46503539401907,5.248577077974,7.65550155751641,7.28341117238919,7.51957329937449,7.78829087674034,5.37420094165005
"5121",25.7424238657695,23.7824105742921,23.8937749262637,23.8185184800149,23.8069692333608,23.8322670029164,23.8322670029164
"5122",10.5320551699519,10.9207108440217,11.1845723527589,11.1845723527589,11.0857191508253,11.1845723527589,11.1845723527589
"5123",34.3302494344555,34.3302494344555,34.3302494344555,34.3302494344555,34.3302494344555,34.3302494344555,34.3302494344555
"5124",45.5595980500752,39.2269884772297,45.0734293400361,45.8483066586621,46.6975832141401,45.5024364265503,38.9547190082918
"5125",61.475036438157,61.475036438157,61.475036438157,61.475036438157,63.6084253032558,61.475036438157,61.4375149783682
"5126",26.0453657514626,24.4386779342567,25.1133305702157,23.7940080685243,23.7940080685243,23.7940080685243,23.7940080685243
"5127",15.2048920987065,13.7566883155841,16.2480922778767,15.9174760310518,16.2583323984508,16.8818914190687,14.3675620684549
"5128",4.29081068378946,4.5980612199399,4.16492974155519,4.16492974155519,4.16492974155519,4.16492974155519,4.17282416895538
"5129",8.05042797473081,9.04557527086754,9.05883332858889,9.16371676583717,9.07528439801678,9.15555104285032,8.96411483028774
"5130",62.3283316311102,59.908759258616,59.908759258616,59.908759258616,59.908759258616,59.908759258616,59.908759258616
"5131",26.6470573991138,26.126179077031,27.7040716918567,27.7160554279238,27.8002049580002,27.7160554279238,28.2297278049054
"5132",21.6474638973314,18.7979947787012,24.3080320559771,24.3864681044324,24.9156292937551,25.7119459562713,18.7979947787012
"5133",6.49445482780813,6.49445482780813,6.36303637028482,6.54774897660591,6.49445482780813,6.49445482780813,6.49445482780813
"5134",5.37046966815511,5.37046966815511,5.58370403052669,5.37046966815511,5.37022933132074,5.78627412455442,5.37046966815511
"5135",9.35786007855693,9.35786007855693,9.35786007855693,9.35786007855693,9.35786007855693,9.35786007855693,9.72026058692737
"5136",15.5752491970443,12.6085617934224,16.0280144959173,15.3021680251626,13.8903853119202,15.2865086004522,13.7075626827968
"5137",10.6610476950734,10.6610476950734,10.531551235086,10.8295107227259,10.6610476950734,10.6610476950734,10.6610476950734
"5138",2.54169118945605,2.54169118945605,2.62481509667022,2.54169118945605,2.54169118945605,2.54169118945605,2.54169118945605
"5139",3.35173456783453,3.42205348934389,3.41576531106173,3.41356857860729,3.41736989482727,3.41874551422174,3.42207641207872
"5140",6.77133844999677,4.75499250466443,6.77133844999677,5.8792619736305,6.77133844999677,5.73433113477562,6.77133844999677
"5141",5.51553325283119,6.72923762873369,5.20088906700155,5.20088906700155,5.20088906700155,5.09653739165638,5.50665718767465
"5142",8.766274874387,9.89050830343746,8.59638562251084,8.28244015310623,8.18151937687138,8.03477052577735,9.95630838631048
"5143",40.8261913388625,50.1040182702536,42.9073876047436,41.6366554003956,44.150239890968,42.1889340006649,49.7461687226141
"5144",30.2363007469017,33.9757586002687,31.2487619168825,30.8709189390479,31.0714353910656,31.1510866508845,33.8990502102974
"5145",12.8107394927564,16.0189883093381,12.8200033688005,12.5218609722085,12.8107394927564,12.8107394927564,17.3131400981719
"5146",38.2529705312161,34.7265878992787,38.2529705312161,38.2291695291298,38.2529705312161,39.5004861809218,34.7265878992787
"5147",39.7241836580649,39.7241836580649,39.7241836580649,39.7241836580649,39.7241836580649,39.7241836580649,39.7241836580649
"5148",747.661428223577,747.661428223577,747.661428223577,747.661428223577,747.661428223577,747.661428223577,747.661428223577
"5149",112.343245657322,112.492057993407,113.970539578844,109.994746650386,109.998242527732,109.141761595529,105.442821519157
"5150",55.6718100716437,53.0199182277565,53.4758715996266,51.8806183456913,53.0199182277565,53.0199182277565,53.0199182277565
"5151",93.540917079064,93.3690961802433,93.0550058390153,93.3605175948168,93.2195947316135,93.5736980636657,102.222897392209
"5152",110.63584567921,110.509593649365,111.132518089654,110.63584567921,111.306253192736,110.63584567921,109.929610132837
"5153",625.700944173575,626.313848170255,622.276541546185,625.769740777678,625.623929916729,625.130075484721,626.302238081443
"5154",24.9951158715213,25.4733325005531,23.4755426702455,20.5123101767691,25.2019777927807,23.7374837654744,25.2934826314692
"5155",25.5973363403261,25.5973364726287,25.5973363403261,25.5973363403261,25.5973363403261,25.5973363403261,27.7534486289283
"5156",435.752692530302,435.752692530302,435.752692530302,435.752692530302,435.752692530302,435.752692530302,435.752692530302
"5157",16.2127866448454,20.388903450012,15.8713411391258,16.2860840062112,16.1941922504442,15.8270402801552,21.4196236003478
"5158",646.084726366457,647.382572368926,650.299027651642,653.151086610124,656.225092011929,658.771322847289,663.846025421931
"5159",42.6403007085696,42.6403007085696,42.6403007085696,42.6403007085696,42.6403007085696,42.6403007085696,42.6403007085696
"5160",126.076493415089,121.429215046613,125.519108656705,121.091127437636,123.663070886554,123.450944002717,120.938317890141
"5161",52.2071260383018,53.1327368057019,52.0856550273267,52.7947571258973,52.2071260383018,52.8068085064858,52.2071260383018
"5162",687.727860397068,687.727860397068,687.727860397068,689.286356466415,688.101144889338,687.727860397068,687.727860397068
"5163",12.935972667431,12.4634331985811,12.0721986413696,12.3149163500638,12.0721986413696,12.0993271374852,11.9743256838829
"5164",15.9180384103042,15.9180384103042,15.9180384103042,15.9180384103042,15.9568808339842,15.945514093107,15.9180384103042
"5165",11.0216686459036,10.1682676925835,9.56856768750549,10.1922488451165,11.0216686459036,11.0216686459036,11.0216686459036
"5166",8.30924897820238,8.17113309986402,9.32389854664244,7.90670606799155,8.13131792647872,8.08058764536742,8.15030335381041
"5167",8.87390200209444,8.91973376134727,9.16407711142429,8.71082209082975,8.87390200209444,8.60581776191982,8.87390200209444
"5168",17.8262058495267,20.1196041989685,17.8262058495267,16.9729496832961,17.6661942896954,17.8262058495267,20.1196041989685
"5169",5.49057867226994,5.46886897811533,5.49057867226994,5.45981214329933,5.48398093591669,5.49057867226994,5.49057867226994
"5170",5.58841446109106,4.90996162028537,5.75225687968384,5.64883948477841,5.65611608865806,5.96959723101621,5.03234761472485
"5171",5.86809803495848,5.86809803495848,5.53256307095032,6.15895866464273,6.46675315335826,5.86809803495848,5.86809803495848
"5172",16.0933101489005,15.9931443040776,14.0209269824239,14.1076325023964,13.649245520975,15.902294122271,18.411469940496
"5173",28.8942938241701,27.3574907400207,27.6076017504392,25.7348081365687,25.8049704249333,28.9724539687155,29.8261545465219
"5174",35.9441791572159,78.4995313314099,35.9441791572159,35.7361829215146,55.2008726853341,38.5204666969024,44.4707246385391
"5175",7.42748455055452,15.8536258784989,7.42748455055452,6.5711410278768,12.0417020990933,7.34691690568295,8.15237680333003
"5176",8.0309971781463,8.29529558940713,7.89418325280847,8.0309971781463,8.13562813514015,8.32276560235517,8.40684387412517
"5177",13.7467691954295,13.7467691954295,13.7467691954295,13.7467691954295,13.7467691954295,13.7467691954295,13.7467691954295
"5178",3.18803975949656,2.99033706228871,4.4247628455086,5.09200598325451,5.09200598325451,5.09200598325451,5.09200598325451
"5179",5.81779441700032,9.8161327355408,9.81613273554079,9.81613273554079,11.6940456352754,9.81613273554079,9.81613273554079
"5180",3.33154814711931,3.33154814711931,3.33154814711931,3.33154814711931,3.33154814711931,3.33154814711931,3.33154814711931
"5181",15.9644417304643,20.7918244031208,22.9870321134348,22.9870321134348,22.9870321134348,20.7304107185056,22.9870321134348
"5182",18.6396344204841,13.9775225625636,8.01798404528396,7.1842197217545,13.5826712274013,18.171129512705,22.5530957982038
"5183",8.95135306229812,8.95135306229812,8.95135306229812,8.48089065744845,9.1452124860625,8.95135306229812,8.87619340172033
"5184",14.7098050400999,6.10923653577128,5.77100779813358,8.74229398229728,5.88544343958221,14.8727218897839,6.13150804956104
"5185",6.28515070085043,12.3596384955536,13.7542891287338,13.7542891287338,15.6622579767147,13.7542891287338,13.7542891287338
"5186",57.3389872086886,25.2465023911717,25.2465023911717,32.7715345932144,25.2568276531145,59.2303685622527,25.2465023911717
"5187",11.0830816881224,12.5221876983177,12.2976152316768,12.9913841167237,14.3326236813547,11.8301442792821,16.2578480761572
"5188",9.49965374698714,10.4744953342421,30.4061597974034,11.6119763248571,11.6119763248571,12.953007759544,30.4061597974034
"5189",13.7416067537335,13.6941649575284,13.7416067537335,13.7416067537335,13.6944413205527,13.7252072381013,13.7422827143318
"5190",14.951932780372,14.951932780372,14.951932780372,14.951932780372,14.951932780372,14.951932780372,14.951932780372
"5191",7.30122077743117,7.30122077743117,7.30122077743117,7.30122077743117,7.31715759680144,7.29654116505536,7.30122077743117
"5192",8.94608374783643,8.4270919159322,8.4270919159322,8.4270919159322,8.4270919159322,8.4270919159322,9.101097897903
"5193",10.9031019837341,10.9031019837341,10.9031019837341,10.9031019837341,10.9031019837341,10.9031019837341,10.9031019837341
"5194",11.402607699641,11.793723629467,11.402607699641,11.402607699641,12.012282832044,10.4361133912212,11.7887690883649
"5195",6.50012845156298,6.50012117759588,6.52257297134058,6.4106093199682,6.50012845156298,6.50339754917274,6.52531609313709
"5196",6.71325436908424,8.55678987711707,7.24211328771155,6.71325436908424,6.08254086264808,6.68285527774875,8.3087975530545
"5197",6.22448177427378,6.22448331107763,6.21995428252683,6.22448331107763,6.22448331107763,6.15477278306467,6.22448331107763
"5198",54.9335101746786,8.90648126307627,9.27543634768132,18.895272871423,17.8244843286756,41.6012804458599,21.2046038203155
"5199",7.39672199347939,7.52603865658851,7.74459361293341,7.34049184840452,7.60684507425751,8.28792885768368,7.91734169283317
"5200",8.02336609635443,8.02336609635443,8.02336609635443,8.02336609635443,8.02336609635443,8.02336609635443,8.02336609635443
"5201",13.534013040586,5.93646096072552,6.06005010670999,6.28960970319034,9.17180635409069,9.03545915719432,8.77432484301755
"5202",31.133168705856,27.2584731880227,28.1904412901522,28.2519111697653,28.0834487568644,28.4668873553963,28.1904412901522
"5203",17.602278174858,11.6303061388606,12.94510037984,12.9415736307033,13.0326211025011,12.9425021536053,11.6302087854286
"5204",33.0393713635378,30.6853511174013,30.9521661853641,32.5516857187075,32.9000984114416,31.4458123965403,32.1812592355534
"5205",7.86490240995275,7.880656988483,7.880656988483,7.88953297007315,7.3780149904951,7.09612446238465,7.14309136138506
"5206",7.6860141970577,7.6860141970577,7.6860141970577,7.6860141970577,7.6860141970577,7.6860141970577,7.6860141970577
"5207",17.2220547333053,17.052939014522,16.7663067164474,16.7663067164474,16.7663067164474,16.7663067164474,16.7663067164474
"5208",8.94951729186065,11.3993484633031,10.1698880870553,46.786865915481,29.3288641659762,11.2501239767077,40.5019990522559
"5209",20.2293025849132,20.3464769488042,20.2293025849132,20.2293025849132,20.2293025849132,20.2293025849132,20.2293025849132
"5210",15.9979451210582,14.7595744429801,4.46218967086389,4.27978990907396,10.4603416018813,16.8239730854147,15.2878563024983
"5211",9.75048458507308,9.75048458507308,9.75048458507308,9.75048458507308,9.75048458507308,9.75048458507308,9.64149595223935
"5212",16.1329523722242,16.1329523722243,16.1329523722243,16.1329523722242,15.9770159700135,16.2522740558651,16.1329523722243
"5213",6.80327006972986,8.31146137050157,8.62242752174032,4.25658202066956,4.73075735334563,3.28669073436966,15.1665313185335
"5214",7.76986874867014,8.05063790959914,7.76986874867014,8.04305210829663,7.76986874867014,7.71999274884877,8.12783860592947
"5215",11.0985468981078,26.5376193028894,11.0985413022333,9.59064996449918,17.4512948977552,13.9791784269637,14.607590487303
"5216",5.03900997205067,5.61874354652433,4.60492616678012,4.7335650313372,4.62898457108655,6.31074536564497,7.5709988917094
"5217",12.3794651464449,13.1136447641389,9.71190859764073,13.2183051222696,9.2416615274392,13.4474274585906,11.5757403185291
"5218",7.18978183268237,8.28748041206341,9.48799884216923,7.18978183268237,7.51144859047022,12.2670271903425,8.76022706543651
"5219",8.26578075839,10.8325335472403,14.5552303061887,8.26578075839,8.8918688577847,14.5552303061887,12.5152751886028
"5220",7.44066126812094,10.6722524705385,8.41458442308244,6.79936545689487,7.44066126812094,16.4463469393279,9.74068744279514
"5221",7.835360666956,9.7262280368193,9.21823559833526,7.91285205164407,7.80937330901396,17.0752748995446,17.6134375102751
"5222",6.16404073573569,8.80546260350749,6.37792876093566,6.16404073573569,6.16404073573569,9.48671874708397,10.3514499870598
"5223",7.18345603955238,8.31340209766787,7.43108002606817,7.18345603955238,7.18345603955238,10.7441643770137,13.4880223597093
"5224",12.5949827431098,8.39212456807088,7.08794130909454,7.49286586242631,8.18244254846341,7.31770193649262,6.68113840278319
"5225",5.48038940265529,5.48038940265529,5.51896236410088,5.68818714851455,5.68818714851455,5.48038940265529,5.48038940265529
"5226",5.77944674808252,6.16415594669215,5.10587865784552,5.0951642213358,5.0951642213358,5.10675844958672,6.21271641347704
"5227",7.06908789668055,7.27622353912308,5.74721927973744,5.78072051831028,5.75638341596192,5.81061233654944,5.78256803535575
"5228",13.4771251923428,13.4771251923428,13.4771251923428,13.4771251923428,13.4771251923428,14.2288937840295,14.4573010970725
"5229",22.6114211240447,19.7930846682447,22.4208278067767,23.061766230122,21.8396673177847,23.3205053609308,20.0105136517058
"5230",18.9090008432649,19.0734770094264,19.1571560471181,19.1363895627988,19.2664572112526,19.4533596887644,19.8603711299661
"5231",14.9064541655704,16.7810121456842,14.9785851846849,14.869917368589,14.4822581338569,14.8930291764317,16.6094718770026
"5232",14.1033751660018,14.1033751660018,14.1033751660018,14.1033751660018,14.1033751660018,14.1033751660018,14.1033751660018
"5233",11.1329696328062,11.2363981570549,11.1329696328062,11.1329696328062,10.8000957355111,11.1329696328062,11.1329696328062
"5234",3.4413301078907,3.19145111870668,2.87728358377087,2.7952914226359,2.7952914226359,2.67405054393281,2.7952914226359
"5235",13.1399929916243,12.8010754133259,31.9061201445679,12.6813055600345,13.1399929916243,13.1399929916243,29.5534945084094
"5236",79.2970119582191,67.0241946492389,158.575116589019,90.5414266542952,79.7725113401772,79.2970119582191,132.396574225385
"5237",28.544265350137,29.4797501448777,50.9748150381578,25.3109565559324,28.3945810778921,29.4797477227173,53.3357880909548
"5238",54.6717676448547,44.3444001371524,112.627898660511,46.0270606173971,46.18434915679,51.5430363056869,93.1111872660762
"5239",47.926305502263,40.4156587544005,93.9714075888134,59.5785690323186,48.0914492712032,48.0914492712032,79.5929729481037
"5240",27.6391218792069,23.2095682927292,62.7426514760539,30.3366312605228,27.6391218792069,27.6391218792069,53.6653411147935
"5241",60.1972128155887,52.7933125906971,143.43836201336,83.6858335211668,63.4185980850014,63.4542713304634,114.49904651953
"5242",28.6292914423629,28.6292914423629,43.3675250976844,28.6292914423629,28.5333089512125,28.6292914423629,46.9197471238642
"5243",46.419573351973,42.2850351978515,84.2315240304308,43.3415816053067,46.5215923179709,46.6726145505694,82.7552328625871
"5244",29.475388049913,29.475388049913,77.3899991135054,33.8836152621318,29.475388049913,29.475388049913,71.6947737018335
"5245",19.5649948483152,19.5649948483152,63.1903244960034,24.3177147572581,19.5649948483152,19.5649948483152,59.394667509504
"5246",24.5166648424386,16.8266113195344,55.8385729843835,24.1025897966404,24.5945630356631,25.120759796731,37.8833997017838
"5247",25.8032536983354,25.8032536983354,67.7742100357546,30.8708960762748,25.8032536983354,25.8032536983354,63.9942556467554
"5248",31.2432381913682,25.761432533175,52.9853026406016,30.1277079847249,31.2432381913682,31.2432381913682,43.8070521395495
"5249",15.0502158716772,10.5488452942007,53.8993600506757,15.4301842313997,14.7577369864867,14.7791741371805,38.6992463814953
"5250",24.172115159846,23.6776148782443,53.1917965465314,26.0554658757111,27.9595987127837,27.1519716469282,45.3639007045925
"5251",13.4191215711561,12.018119206811,32.5861984091093,14.4682220711756,12.5839059924909,12.4383327186762,32.0905177149522
"5252",4.53622925752104,3.78458133237626,4.58053369326756,4.53622925752104,5.20231047871033,5.73397852708936,7.11218112008875
"5253",6.61263566524307,6.50464434263172,6.61263566524307,6.61263566524307,7.50129344856225,7.90192450699734,12.5160021212255
"5254",43.9399429593571,45.1502811505467,108.927917905404,54.285550233829,40.2094438087945,45.7345992975902,105.860175637468
"5255",41.172053296122,44.7091341603563,80.8372870398532,31.0159256748756,39.4817400923441,44.8360264027169,84.0449487854237
"5256",49.7055132121165,47.3724870195679,93.2233874293387,60.6392123180666,49.5409816449847,50.1431449686392,90.4429367629081
"5257",44.1566486224213,42.178609780141,101.83570021641,43.9673545997039,43.8066910403767,48.9012261506494,89.7806640775004
"5258",21.5153963040664,25.4754185367709,82.7019199709015,31.5523801316834,31.9049209563056,32.5204902062802,66.8934948780504
"5259",86.0042161036697,72.3205030716847,179.861499876992,93.0621209126189,86.0042161036697,86.0029886663852,152.809483560093
"5260",40.5320114357907,37.4021015611625,107.094549630094,50.8753083564503,42.8057042542339,44.1902664008904,91.8461702795544
"5261",86.3044208129355,79.2093970379515,183.185501506271,95.1673566414455,86.8113928158954,94.0753862483791,147.212625176278
"5262",67.7141795565105,58.1249703447076,112.939470372866,74.697770912958,68.0350213054336,67.9522470705736,94.8155025306377
"5263",40.3304044112072,40.3304044112072,103.494072046272,47.1723110234658,39.7712886600204,40.3304044112072,105.88842485501
"5264",86.8793039645743,86.8793039645743,171.122568037325,93.0019768548566,86.8793039645743,86.8793039645743,171.578750116794
"5265",24.8583129982212,22.7104229155708,73.0046385894849,35.0647142433574,25.7912888207059,29.038326784241,59.2128477137919
"5266",33.9340011759556,29.34374875871,80.0128103577771,45.5035102105786,33.7200317397399,33.7157449931873,69.3679017857638
"5267",32.6948335892448,32.6948335892448,70.3602757308073,38.170391409572,32.6948335892448,32.5776505599316,68.5575154580138
"5268",52.4077978480497,44.9732075881548,113.545756780838,60.8451988361046,52.4077978480497,52.4077978480497,105.200970886361
"5269",30.5888441966824,32.8347534515298,100.26340599769,33.7365255961958,35.1700830096346,41.3784887608319,76.7283210882954
"5270",6.78428419264849,7.55774662891291,8.16822833422693,8.27514467978837,6.66565593846677,7.39676124977331,19.1998335078674
"5271",4.21308736398446,6.1284785948574,5.77794058316406,5.67563501646256,5.47583160349164,6.16290744327629,9.5575571618503
"5272",4.00840756536284,5.0438024962097,5.79685726295756,5.31350938075294,5.33699822067815,5.96380732492544,9.3401195673514
"5273",15.2600788910612,27.0682982117964,17.7652854555824,20.8862897073719,20.6516335092786,21.3946555224411,16.9998603747929
"5274",17.655125139615,31.5533289045091,24.7841513883754,24.7866905351726,24.7866905351726,24.7866905351726,24.7866905351726
"5275",18.6597764883671,25.1617184531487,14.0290084420143,27.5936498110449,27.5936498110449,27.5936498110449,24.5256927831684
"5276",22.6642124705305,24.7628368266594,24.3807170913074,23.4419382876133,23.4523543202445,25.0563657502118,25.7144374203469
"5277",10.0149223509105,13.0719751587873,10.0913242604716,9.8016528395402,9.91259001063263,9.86986762492027,13.0830607590313
"5278",6.33387982347848,7.71101451417129,17.8479797410222,6.86153150836985,6.01984270371615,8.18320010288733,22.0706023890662
"5279",20.9404651095002,10.855697900784,9.26878107346383,12.0491526656668,9.6261455062051,21.155244973278,10.9071420560198
"5280",13.9777049606836,28.9268977928558,13.9777049606836,14.3978137399631,21.5732577055641,14.7771583252341,19.2229466582587
"5281",4.991712058146,4.991712058146,4.991712058146,4.98929296535834,4.991712058146,5.0914374174744,5.14169673919744
"5282",4.69171012141459,4.69171012141459,4.69171012141459,4.69171012141459,4.69171012141459,4.69171012141459,4.69171012141459
"5283",3.52270540184445,3.52270540184445,3.52270540184445,3.52270540184445,3.52270540184445,3.52270540184445,3.52270540184445
"5284",2.31433631885339,3.36165205622177,2.43599571691792,2.08452872316538,2.31433631885339,2.31433631885339,4.69007052188668
"5285",4.76175066053018,4.76175066053018,4.76175066053018,4.76175066053018,4.76175066053018,4.76175066053018,9.08393088260482
"5286",23.3422115652896,20.9262788287442,17.6707345954901,19.2406536970997,23.3422115652896,21.0374600158204,11.8519162801609
"5287",16.4157230952143,14.5435971910441,12.7460831582319,12.7460831582319,15.7004300058208,15.1298100459398,7.24953614782849
"5288",13.3912953179454,14.193436989077,14.4517527434152,14.4517527434152,14.4517527434152,14.4517527434152,6.58798375559901
"5289",347.855638120168,93.3822166669077,166.967736673353,92.4960381193809,91.287112335405,350.178485314559,92.071708238594
"5290",155.558607021348,155.558607021348,155.558607021348,155.558607021348,155.558607021348,155.558607021348,155.558607021348
"5291",60.0483539481129,60.0483539481129,60.0483539481129,60.0483539481129,60.0483539481129,60.0483539481129,60.0483539481129
"5292",551.525383696526,183.657848411887,155.129655531947,164.174307038497,159.195117158578,555.926169987616,181.339449689252
"5293",276.549287692618,79.2928909426971,78.3364508790782,81.1391236849645,79.6522428748811,220.15412631819,76.9819667022479
"5294",12.0777728448162,12.0777728448162,12.0777728448162,11.7980923275045,12.0777728448162,12.0777728448162,12.0777728448162
"5295",31.6346531066772,33.9862200988636,31.8762604525617,31.964830605862,31.0266406095417,30.5000726132043,34.2410573992908
"5296",10.605674582782,8.60605530267612,9.99452498814157,10.6665861093445,10.3356415498308,10.8307096313708,9.25178620923289
"5297",27.9589484877318,30.6850382452517,28.4584122773341,27.4092182173637,27.4092182173637,27.4042250727005,27.4497540014146
"5298",4.61998814744382,4.73475472741524,4.61998814744382,4.83855429165885,4.71947191982367,4.61998814744382,4.96570757726841
"5299",5.11509856732173,5.11509856732173,5.11509856732173,5.07712777281242,5.11509856732173,5.11509856732173,5.11509856732173
"5300",6.44059743082922,22.8215428492054,6.22544340077333,14.933396517449,13.9173143848465,12.3487156959375,16.4792414430324
"5301",13.1855667928434,19.169992239534,21.7222204849572,25.7212391689893,23.9114679123136,25.352898085814,12.3669654694995
"5302",22.5573417066466,22.6301754787516,22.6717087622962,22.6717087622962,22.6717087622962,22.6717087622962,22.6717087622962
"5303",27.2898915964442,39.7371324440128,27.9485660972726,27.9847862546592,27.9798373389188,27.9423607293006,40.3721878267787
"5304",20.0969456290569,19.552154045256,19.5790225899604,19.5901364727462,19.3954283179405,19.762240939689,17.8942193352293
"5305",20.0780747867961,18.0049986738363,9.64895908119,9.09745637192825,8.3163915878543,8.32220954393925,8.30862969085642
"5306",2.9575185498545,2.9575185498545,2.9575185498545,2.67898576001407,2.9575185498545,2.9575185498545,2.9575185498545
"5307",9.91282069390006,9.91282069390006,9.98365716450768,9.91282069390006,10.0031072201132,9.91282069390006,9.91282069390006
"5308",12.2981975076687,12.2981975076687,12.2981975076687,12.2981975076687,12.2981975076687,12.2981975076687,12.2981975076687
"5309",13.9506871419744,18.6896651168756,14.5939392194361,14.3855324981783,14.5939392194361,14.3164718139009,17.2507966846796
"5310",9.51478170162736,19.3528165305437,9.57293770251098,9.59638533807199,9.560084959747,9.560084959747,9.55361857392059
"5311",14.5694250286239,14.4668331160424,14.1396140901517,14.4668331160424,14.4265303596579,14.1398533298373,14.4668331160424
"5312",11.8233731740999,11.7615889670176,11.7492314148062,11.5886252665609,11.6535136577257,11.5458980950722,11.4921624993961
"5313",13.3002355638856,14.9134382033071,13.3002355638856,18.3198005524397,15.3359685145291,18.3198005524397,19.3166190467452
"5314",8.6128382265141,8.6128382265141,6.60773113214887,15.2720543703765,5.71913287443499,15.2720543703765,14.8030843888909
"5315",12.5898790942551,13.9709985545792,14.8531322412107,12.0228706592234,13.8384555684289,18.6438657221225,12.6158201965779
"5316",8.15069469627178,8.1974298763891,11.694394203293,8.10337361596824,8.1974298763891,14.2363679314209,12.5419117761111
"5317",8.99681672435828,11.3443532441174,14.7234250926155,8.99681672435828,9.83041092441592,15.1933652421129,14.0301860237817
"5318",56.5643884681843,57.8253432711207,57.8370985590869,57.8370985590869,57.8370985590869,57.8370985590869,57.8370985590869
"5319",92.6900091086834,36.6077765034858,43.4615485911691,32.664397060105,33.4956977944368,93.034784365513,37.3022194879388
"5320",95.3491940829994,103.42886922895,103.566164427794,103.566164427794,101.782268598509,103.566164427794,103.599720605166
"5321",8.94567775656045,6.71644979932946,4.41468120370406,3.92434321666709,3.63603080698829,16.37654596332,22.3435474366868
"5322",13.7038028082648,12.9907547930346,13.4040512941058,13.4040522446242,13.5992197381153,13.0098871203346,13.4040522446242
"5323",21.8516587099606,19.9460877536433,5.52214492025428,5.09571492412175,7.61562863515566,18.0568010800524,14.0897671690491
"5324",36.4695080469489,32.8384778230133,13.7308995181989,13.1457831843029,19.2455864302869,34.5487256546332,22.3755847424782
"5325",9.2178457301654,9.62818432938669,6.57128336943882,18.0666166261512,5.81893904249038,17.5503942047966,17.2351354295733
"5326",9.92892593283627,17.4292668492784,8.50432856492005,10.230026390799,10.1963999157052,9.69875818203709,9.02798504525457
"5327",6.88001909687006,10.1788696553985,10.6328724919967,10.6328724919967,10.3477158864186,9.23991424283702,9.4551204060084
"5328",9.49277448382036,9.9008600809556,11.726155068423,11.9850854713196,11.726155068423,13.3170882236663,8.18655542097243
"5329",26.776627700755,18.3274610620153,18.3207638346817,18.6511834555205,26.776627700755,26.776627700755,18.3274610620153
"5330",92.4310564807704,50.459393336298,44.4321079690866,45.7475011082788,84.456625995261,92.4207501462589,51.0755270660917
"5331",41.3323455615326,29.2339741632982,32.5751794461706,33.6685576302852,46.2627721143414,42.0991636086081,29.6879237481014
"5332",54.8155049344738,25.1505173657626,21.7145678420264,24.5649715595417,46.1742360899708,52.1156613480357,22.8244397836869
"5333",57.0383842722385,30.3126340351447,30.3126340351447,30.3126340351447,58.0274771332024,57.0383842722385,30.3126340351447
"5334",20.8465775470766,17.0540653449838,12.9506412262394,18.018182629769,20.9571720190376,20.740672799148,16.8795650286736
"5335",29.2043023979685,12.9314085252954,21.5629399442811,22.2183107645482,37.8803984434135,30.6552718558928,12.931403110859
"5336",15.7091901163434,17.1706774708144,15.4539004436902,15.4539004436902,16.0618356464062,15.4539004436902,15.4539004436902
"5337",105.632732203917,60.5287911573408,54.7352342964643,63.990657386243,105.758506337753,114.568619673478,61.9707092609921
"5338",45.5583347699984,23.8023973142228,26.9748672908197,28.5679498397671,50.542207931255,45.5583347699984,23.8023973142228
"5339",54.6646473597314,21.1272891106795,21.1268885137051,23.7820873602853,54.5661453717732,53.0020258067209,21.1268885137051
"5340",55.6850609398922,48.3147153533337,48.3147153533337,49.0325038064533,55.5423076393854,56.0087499833222,48.3147153533337
"5341",21.3297080420577,23.9529524837898,20.5208510672143,21.631018197998,21.8102324508648,22.7169255979449,21.3906556803212
"5342",30.0612574083405,20.7366682751802,20.7366682751803,22.0159185522294,30.3712827537217,30.3712827537217,20.7366682751803
"5343",41.2932880590035,18.1729296368641,24.9809096448339,23.739731447113,57.3083191047465,37.5091236474251,18.1945672691343
"5344",14.5517765558804,14.5517765558804,14.5517765558804,14.5517765558804,14.5517765558804,14.5517765558804,14.5517765558804
"5345",84.5210465925218,42.4022602199035,45.0995145224826,48.3519805087076,98.0732190517647,75.4261646111073,36.2031015982647
"5346",35.6609929883441,10.5888659342814,13.1858586401387,14.7713122194675,37.2400923809382,36.6090812874391,10.7226921388078
"5347",35.6023060075004,11.9167152378393,13.8654236910251,15.0042760864638,36.2674367335724,36.1021893073951,11.8097189255013
"5348",72.6464143255332,37.5292177056119,37.1741199679443,37.8833687345175,72.7636006712217,72.6464143255332,37.2603447555113
"5349",24.9892092067787,15.3548233330173,15.3548233330173,15.503777284867,24.8360567966012,24.9892092067787,15.3548233330173
"5350",30.4950451543326,30.4950451543326,30.4950451543326,30.4950451543326,30.4950451543326,30.4950451543326,30.4950451543326
"5351",31.9264336696551,24.3759469748115,24.4902153885531,24.3759469748115,31.9264336696551,31.9264336696551,24.3759469748115
"5352",5.49585906985892,5.49585906985892,5.49585906985892,5.76466103806694,5.742074549287,5.49585906985892,5.49585906985892
"5353",12.8400711991719,14.8144927997739,15.0295112690644,21.056484825999,26.2589133847037,26.1219970042232,26.1219970042232
"5354",15.4410344203591,16.4798359493736,15.2698577106276,14.9225947702677,16.4798359493736,15.4410344203591,15.4410344203591
"5355",8.09255870850955,8.28813143028755,7.17743881086234,7.8010948263409,7.3499258647119,7.81458412273123,8.37873910267448
"5356",141.6904172383,884.272097483254,140.989102319985,132.395471681631,897.13436639736,140.069197503701,136.674099185949
"5357",238.66103975285,229.937178557926,622.547447155793,179.768630607505,225.387152145162,235.101844970896,637.401615506704
"5358",117.131408606779,115.23832576803,375.828752888544,113.920047395319,174.348286911224,117.391852039887,369.136907590099
"5359",532.417788033461,515.444321387531,2111.00838665672,418.591153572632,506.440740090213,513.076183753577,2340.66775027459
"5360",8.95168868044509,8.77178391648618,8.95168868044509,8.95168868044509,8.85997046246216,8.0050359503746,8.77208139383067
"5361",17.2496842830629,17.2997729410139,17.2023774363573,17.2023774363573,17.2989482565013,17.2023774363573,17.2023774363573
"5362",200.256062518548,3087.6309099972,194.48214843855,241.570075657167,2697.07343249122,197.720542513701,241.023008593963
"5363",23.3625028256218,23.3625028256218,23.3625028256218,23.3625028256218,23.3625028256218,23.3625028256218,23.3625028256218
"5364",142.7092158473,2383.41154559862,152.608972902801,155.01528923701,2172.60140470507,214.159739169253,424.123528091948
"5365",325.937576763238,312.091536905889,1517.47387053036,292.002900575918,305.912615758207,313.245996357593,1538.78489071213
"5366",7.37944011114711,6.33389308443848,7.37944011114711,7.37944011114711,7.37944011114711,7.37944011114711,6.33389308443848
"5367",5.94153981584405,8.67508566540294,6.18944495229819,6.14031588054496,5.95029898884609,6.12828394019706,8.28444380560568
"5368",15.5998430028556,15.3939215640886,17.574634684893,31.4789906468131,30.9061668923217,15.3055763248625,17.4904244329902
"5369",17.9831762640021,17.6592791055184,22.4326838991272,11.8486154764253,11.8486154764253,11.8486154764253,11.6846868933608
"5370",17.7219736465802,17.7219736465802,17.7219736465802,17.7219736465802,17.7219736465802,17.7219736465802,17.7219736465802
"5371",5.79220345411703,6.49388408310599,5.79220345411703,8.63889721886092,6.82882426342343,7.48726803244221,6.82882426342343
"5372",5.42606207108147,7.90198772212043,20,20,20,20,20
"5373",4.98826814880759,12.6836657545872,7.42026514400547,5.08691562519616,4.97115069795463,7.44620491733741,8.14277742398273
"5374",8.12490279338613,11.6482726050137,6.25759515802082,7.54944768677869,9.01085628166153,9.29524516055278,10.9229699831078
"5375",17.0696447103696,17.0696447103696,17.0696447103696,17.0696447103696,17.0696447103696,17.0696447103696,17.0696447103696
"5376",8.52856793080781,8.50651015017603,8.50651015017603,8.50651015017603,8.50651015017603,8.50651015017603,8.50651015017603
"5377",27.4275866070866,27.4275866070866,27.4275866070866,27.4275866070866,27.4275866070866,27.4275866070866,27.4275866070866
"5378",15.3260477957724,15.3260477957724,15.3260477957724,15.6754085034058,15.3260477957724,15.3260477957724,15.3260477957724
"5379",238.950817750407,258.956877052956,94.4460250769921,94.4459115004347,94.4460250769921,260.856620871708,258.877748911244
"5380",3.3525275395245,9.87827390539457,3.59191159422781,3.14419525749517,3.12081815257152,6.55998624485663,5.09223165562564
"5381",14.9578179273058,10.2034274289896,14.7386885740732,14.7765106904785,12.1591735953231,14.6451106911706,11.6185277016514
"5382",8.56934585607499,8.56934585607499,8.56934585607499,8.6235991125069,8.56934585607499,8.55083529676758,8.57331121258099
"5383",164.719360709605,96.319388548186,52.2901051850816,32.762357053301,52.3343663248737,104.345602011928,96.2528079441584
"5384",15.4095208783166,16.6416276261284,15.2729236569027,15.1932562891448,12.8868774967644,15.4095208783166,16.4953972437769
"5385",4.85567025861089,4.87142781605968,4.85567025861089,4.85567025861089,4.85567025861089,4.85567025861089,4.85567025861089
"5386",13.9105683226747,12.3317217931554,13.3625896723404,14.1153550241133,13.3399818866858,13.4746219205652,12.7298587730086
"5387",7.08446146880105,7.35706028275459,7.15213794797782,6.81468626421384,7.09719733192936,7.37477984127605,6.54854156286348
"5388",9.69420301458984,9.57885746393046,9.75813683129576,9.59379588185607,9.67722325961551,9.67722325961551,9.67722325961551
"5389",6.50947258723352,7.91234596461698,6.12253210472151,6.07730654662524,6.19513553515569,6.07985008478334,6.89871018279959
"5390",4.86400789318393,4.82410748356594,4.86402805924182,4.92799824120454,4.9185931719486,4.81785363118348,4.95789864772854
"5391",14.4597433449507,15.5233587519321,15.4308480342594,15.2068916410386,14.5294394737138,15.0767310748869,15.0998364336669
"5392",6.00677579638632,6.85055909193714,5.96275476798031,5.92309938299771,6.18761451800093,5.63845034630474,7.52696956197721
"5393",6.24412375745644,6.24412375745644,6.05999087121347,6.24412375745644,6.24412375745644,6.24412375745644,6.24412375745644
"5394",8.65019787660594,8.65019787660594,8.65019787660594,8.65019787660594,8.65019787660594,8.71554054995786,8.65019787660594
"5395",4.82973480962838,4.82973480962838,4.82973480962838,4.82973480962838,4.88736548550295,4.82973480962838,4.82973480962838
"5396",25.9354923784444,25.9494528843726,25.4446944544999,25.4446944544999,25.2269676356393,25.4446944544999,25.4446944544999
"5397",24.5634211567503,37.5283441796599,38.1433340908111,38.9587903367916,39.3378351062406,58.1835770005446,48.2590841646562
"5398",5.37655355167225,6.38264260652506,5.14978887506464,5.64300764650187,5.49856373415198,4.71734918964582,6.41266766674524
"5399",6.28801616700595,6.28801616700595,6.28801616700595,6.28801616700595,6.28801616700595,6.28801616700595,6.67100469935489
"5400",7.1065772592999,7.1065772592999,7.07558987317759,6.89015013549988,7.1065772592999,7.1065772592999,7.1065772592999
"5401",12.2815319130374,11.1935586295627,12.7575319465859,12.8838260633654,12.8078343769403,13.0606512847952,11.9097373070202
"5402",7.17294977893477,5.18067535490747,7.15675947266554,7.15675947266554,6.62884591538266,7.15675947266554,5.17223002893865
"5403",5.88747837183743,5.86504766513525,5.85330818613633,5.83878661271296,5.85452515161333,5.80471538688495,5.84292001988414
"5404",4.28178214489111,4.28178214489111,4.28396743023977,4.28178214489111,4.37981022347403,4.28178214489111,4.27604112787166
"5405",3.29868524026593,3.40733800713768,3.40733800713768,3.40733800713768,3.40733800713768,3.40733800713768,3.40733800713768
"5406",4.25699552672596,5.35490989983941,3.30848927146373,3.30848927143721,3.30848927146373,3.31461642413605,3.30848927146373
"5407",7.03920168541368,2.86085767947772,4.67510891625252,4.72361039955693,4.69102570387912,4.69192903261767,4.16360716708873
"5408",7.86924954733898,7.31432874905819,8.10186228110681,7.962504768761,7.54302193355567,7.86924954733898,7.48348991043874
"5409",4.22680540752259,4.22680540752259,4.22680540752259,4.22680540752259,4.22680540752259,4.22680540752259,4.22680540752259
"5410",6.05109619737377,4.72536266895509,5.20877893147659,9.45758173251028,6.05109619737377,6.10747222374778,5.18949319398242
"5411",4.82630343055835,4.82630343055835,4.82630343055835,4.82630343055835,4.82630343055835,4.82630343055835,4.82630343055835
"5412",11.8215049885311,4.21886310535231,5.31881161689059,11.4008410901408,6.96161578004394,6.14036858806099,4.4389827459705
"5413",4.18434884952479,4.60988489932933,4.10912544081487,4.09784552739212,4.10912544081487,4.18656784590775,4.59489260886372
"5414",5.59366725161008,7.75465840753751,4.93068785466308,6.02014321038727,6.08265006916994,6.71404061318677,6.51493860898401
"5415",4.82986916807228,4.39644216605442,4.78830860670391,14.0980234864617,4.82986916807228,4.78830860670391,4.53178831637732
"5416",5.39229713311102,4.16958325409898,5.39229713311102,5.39229713311102,5.39229713311102,5.39229713311102,3.98630413846027
"5417",5.09031975262732,6.98479880305413,5.67602325922059,5.63334579861601,5.65294139949151,5.6281947916369,7.88952303055739
"5418",9.15187320312188,8.34923951798547,9.15187320312188,21.6252614966071,9.66446969757397,9.15187320312188,7.4606517890539
"5419",10.5877018380583,9.28708970481586,9.46861061148636,19.5409959131671,10.6125362315671,7.52503585915982,6.24106559864145
"5420",10.7237979728665,8.9146630315828,9.14236368659927,18.6354530384141,10.7237979728665,10.0897196563319,8.16113680678503
"5421",35.5980688936539,22.4225255755894,7.90629892151389,7.90631536171636,7.90642539239065,7.90642539239065,8.82644036385885
"5422",8.57838302410536,10.5775960774161,8.49287162183191,8.69077985139543,8.50472491416082,8.38788292914439,10.1327852029898
"5423",12.2782773260357,12.2956292594604,12.2958401389909,12.3111501742791,12.3181976206155,12.4729857974409,12.3381253037215
"5424",8.08414154089857,8.08414154089857,8.13269391164085,8.08414154089857,8.08414154089857,8.16894488861296,8.08414154089857
"5425",11.3694920015814,13.4430353032908,11.1699718838263,11.7461480351866,11.3723474038003,11.3694920015814,13.0191254886711
"5426",3.80002656484437,3.11632344478658,2.31411834993438,2.343936446254,2.46808072028133,2.07766913064147,2.64567710087336
"5427",11.4450148412922,11.4450148412922,11.6369395869662,11.4450148412922,11.4450148412922,11.4450148412922,11.3755218944859
"5428",8.94883234241105,8.94883234241105,8.96308714918386,8.94883234241105,8.94883234241105,8.94883234241105,8.94883234241105
"5429",36.9950877474181,36.9950877474181,36.9950877474181,36.9950877474181,38.2381205342517,48.0690982204375,36.9950877474181
"5430",167.975108030955,168.420277453645,162.730551873848,292.661123161424,273.238423071381,174.71158905152,145.913497685701
"5431",8.15398473921767,8.62137650641003,8.15398473921767,7.98840644296707,13,7.65570407281817,8.61927972217678
"5432",7.55504621887308,7.550756484341,7.47130146732791,7.55504621887308,8.93543927178395,9.7906293470343,7.55504621887308
"5433",8.4086259440866,8.4086259440866,8.4086259440866,8.4086259440866,10.4016756154867,8.4086259440866,8.4086259440866
"5434",17.7294325723405,17.1037254104805,17.0859271862174,17.5760207898716,21.4106145712191,17.9167263148237,18.3822543600026
"5435",14.2153014619813,14.2153014619813,14.2864810980875,14.4337463089363,15.6607386276663,14.4337463089363,14.7916605777495
"5436",22.7978884112739,20.0027968319827,20.4980551918707,22.8085875237996,30.6704973061913,23.1747470696696,23.1080977231552
"5437",25.3940417699614,18.3601327433356,22.9272672718632,22.7519087674989,29.6356475257105,31.1882270880069,20.7464831564788
"5438",24.989075258715,24.989075258715,24.989075258715,24.989075258715,19.155868631286,24.989075258715,24.989075258715
"5439",23.8060930712309,23.8060930712309,23.8060930712309,23.8060930712309,23.8060930712309,23.8060930712309,23.8060930712309
"5440",42.9286278022172,48.1967138566497,44.1799576732178,43.5689636304963,49.0474961822785,47.6884178110874,48.1967138566497
"5441",82.9393131213867,82.9920520138057,82.9393131213867,82.9393131213867,82.9393131213867,82.9393131213867,82.9393131213867
"5442",46.4663169346518,46.4663169346518,46.4663169346518,46.4663169346518,46.4663169346518,46.4663169346519,46.4663169346518
"5443",78.621354793839,81.255072043472,81.255072043472,81.255072043472,82.7742692943808,82.0185700584483,81.255072043472
"5444",128.464076778766,125.913485000125,128.464076778766,128.464076778766,128.464076778766,128.464076778766,128.464076778766
"5445",198.903534573976,238.495818727975,201.66284285247,198.903550758423,234.560795014728,233.089527926739,242.280008167837
"5446",152.452686290907,170.459173572561,150.737021539581,150.07232445257,175.120248160479,189.492545653276,168.082349665866
"5447",169.473368859645,210.699676614777,169.324295815754,168.826744087356,194.620546076926,208.633160136139,205.913831551045
"5448",34.6386379616132,42.2900872793292,34.8427363706552,34.5577734335474,34.4013754840285,34.4013754840285,40.0537765072139
"5449",111.97677422047,124.029062835828,112.80107879729,113.006669196946,114.720509458419,115.090372991219,126.653402270303
"5450",144.969455536894,145.172085483313,144.969455536894,144.969455536894,144.969455536894,144.969455536894,144.969455536894
"5451",186.283431890833,186.702521412267,186.587431264768,185.910496409651,186.803239604342,185.901406658334,189.330717925927
"5452",3.39279197786578,3.39279197750824,3.39279197786578,3.39279197786578,3.46634789940977,3.39279197786578,3.39279197786578
"5453",3.83519543399251,4.50646102044577,3.72069316800824,4.22275428746348,4.54188102895296,3.72069316800824,4.60947350151603
"5454",4.82342618014695,4.82342618014695,4.81740179551207,4.97978665883336,4.82342618014695,4.82342618014695,4.82342618014695
"5455",6.14463369666076,6.75216532482416,6.84624208352932,6.75216532482416,6.75216532482416,6.75216532482416,6.75216532482416
"5456",4.33515743259967,8.44070614089074,7.89103726190469,4.68332026494134,5.29569812267191,7.85346472175415,7.06616868546365
"5457",13.7031550557936,13.7031550557936,13.7031550557936,13.7031550557936,13.7031550557936,13.7031550557936,13.7031550557936
"5458",8.58770805667691,8.60578372332161,8.58770805667691,8.58770805667691,8.58770805667691,8.58770805667691,8.71007734891551
"5459",9.78809331224795,9.78809331224795,9.78809331224795,9.78809331224795,9.78809331224795,9.78809331224795,9.78809331224795
"5460",5.76843937378551,5.76843937378551,5.76843937378551,5.76843937378551,5.78609927530028,5.76843937378551,5.76843937378551
"5461",6.63573806431914,6.63573806431914,6.63573806431914,6.63573806431914,6.63573806431914,6.63573806431914,6.63573806431914
"5462",15.34891287396,14.0668583943821,13.6721391141922,8.57696356241986,8.64062835612102,9.67921236029749,9.4468876084742
"5463",22.6411046006687,19.9070291790353,21.5935337563951,21.1856035526963,22.9888080045274,22.7525329651842,21.3632106758344
"5464",22.5975037493491,19.3430810215857,22.852576407703,30.3734881059113,31.0408744610322,31.5850484284413,32.4062054798215
"5465",20.4964884781551,20.4964884781551,20.4964884781551,20.4964884781551,20.4964884781551,20.4964884781551,20.4964884781551
"5466",6.53093242901987,5.90026919525198,6.53093242901987,6.53093242901987,6.53093242901987,6.53093242901987,5.90026919525198
"5467",6.20401178742381,6.20401178742381,6.20401178742381,6.20401178742381,6.20401178742381,6.20401178742381,6.20401178742381
"5468",5.35936004488496,5.35936004488496,5.38265931266654,5.73116632358745,5.35936004488496,5.36226240208802,5.4772953743156
"5469",4.68571152665895,4.73222322906542,4.66694508871607,4.80649331044509,4.7946041583821,4.68571152665895,4.68571152665895
"5470",15.4541237448032,15.4541237448032,15.5158228302712,15.6125974705316,15.4541237448032,15.4541237448032,15.7631861431492
"5471",13.6861923300192,13.6861923300192,14.24752730077,13.6861923300192,13.6861923300192,13.6861923300192,13.6861923300192
"5472",16.623112468641,16.623112468641,16.623112468641,16.623112468641,16.623112468641,16.6318130763767,16.623112468641
"5473",46.1249928952532,39.8214201979465,39.4802985716342,39.7714723365214,106.335691662504,72.677913108979,40.0243778683409
"5474",36.0835256880263,26.1736964552261,29.1625688075072,27.1407988696774,60.7601454346101,44.5604911413386,24.6715113946719
"5475",28.2681234565045,20.3803783870937,26.892104202092,27.1001189212452,27.5005465247934,27.5005465275195,21.1439884301755
"5476",21.4745683980096,16.4859955593017,21.735248965844,22.0605835394758,44.4663469817307,35.3466557731892,15.9945776928668
"5477",33.4855683728053,25.5666572400045,33.4855683728053,33.4855683728053,66.330615214818,56.734901673349,26.215759728181
"5478",34.387122602933,28.7764773747751,116.429848907229,122.450018858188,34.3073431367856,33.7316311594645,65.3646967481463
"5479",39.7525864651173,34.7830714380841,37.1784644513206,37.7270494228052,37.8222849034594,37.6994731473821,35.0629099610343
"5480",25.433330520079,17.5878251408103,24.5755702909963,24.9817821034604,24.9492221471627,25.4854606481856,17.9377055479158
"5481",36.9005860525991,36.9005860525991,36.9005860525991,36.9005860525991,36.9005860525991,36.9005860525991,39.124449824151
"5482",34.9217286780609,27.4536141711621,78.2788173156544,87.3378897107213,35.3219800252484,33.9843638249655,50.6236135623158
"5483",30.7108165638752,29.2637366293909,83.6757063150464,119.580014678004,49.8124437564813,30.7110834232747,72.0232345152173
"5484",32.0275067734377,23.72594197785,93.9746168206957,121.408749082306,57.9981400097779,32.4998616579598,59.6007233656683
"5485",37.6464152508626,26.2149782970065,30.5841540553874,30.2296909771539,31.0443370760915,32.8097607165798,25.3467191399386
"5486",21.5380656666309,19.7038687802763,58.5181301893275,74.531081331588,48.3799177773101,21.5380656666309,42.4538048459713
"5487",183.602978883285,171.793725659933,179.536502167974,138.2316525918,264.155599676213,191.379150184323,139.91107900096
"5488",86.1649931894446,95.9786341569345,96.3092887984422,75.170831984539,116.267561961552,93.0037218076374,68.2182010802444
"5489",100.403673431409,90.0552989279911,96.181669541372,80.4647121710816,143.519091945128,114.286889652881,80.4647121710816
"5490",148.589687099047,150.842877582534,144.755621826416,104.083022001005,161.694369177857,163.476358852813,105.584576041102
"5491",24.4619463547143,24.8721249057242,24.3160598716365,15.3831905078053,24.8721249057242,25.3769283602214,15.558007416381
"5492",72.9101204500877,52.7405134094858,61.2003780658914,49.0631166743701,57.2640238467546,64.0268710306323,48.5677410742592
"5493",79.3212466039798,99.616032250456,80.7602455258613,66.7876259294066,106.298606886986,84.8316330358998,67.9632765055194
"5494",30.2183228474068,36.2286487132627,30.218414147365,22.7321382681976,37.1872892716055,31.3886693088089,23.5825764120964
"5495",57.7260682785538,58.6276581469384,54.955089623572,40.0746194055169,58.6276581469384,59.1685759817934,40.3285083596493
"5496",55.0103756904785,38.097690961756,49.0668519176073,37.8949639332094,49.1001768160431,54.3834307994766,33.2365074372795
"5497",126.27502734031,106.021781458499,122.259612401971,87.73418116803,117.225127499611,124.855251114802,92.3982171936111
"5498",40.8618362107602,37.9969741529598,33.6265556364213,28.5878920106962,42.1468536737478,39.7116408716733,29.1958552306379
"5499",65.6713989979696,63.2848364805841,65.8731108176275,51.9100465833559,76.582391305103,83.9703047292522,53.3183369623798
"5500",83.0844978580373,77.4841277196433,83.0261008152632,65.6510995178128,87.6482750943114,91.5172954021352,66.2873124769081
"5501",42.9104734681419,41.692230672428,43.1498689393251,29.8560597372622,47.3208600756179,50.6287102337284,28.2666432739932
"5502",81.3642302432964,72.25526391801,74.4126917496758,57.6049225530521,131.52997907463,82.2433312388592,54.2499791677583
"5503",47.0096197076586,50.6673010781059,47.0883836309983,34.5031630563324,62.0187185532901,59.746078274205,34.5208136568301
"5504",23.5337403248609,26.2675557060154,23.1664527406216,15.8791159855338,27.0683802899664,27.4850191774568,16.7960700698791
"5505",65.5913787909907,61.2084642599863,62.8098406133608,50.9725904534557,72.4680625792062,64.0474989813113,50.9725904534557
"5506",24.8912356889463,28.7189968132854,25.3695717302016,14.9837719004454,29.5908726875335,28.9543497930482,15.1227141840872
"5507",23.6533118774369,17.7856503422811,18.1100576677701,10.3930275844485,20.2539459925611,20.4782465136256,11.6089813158157
"5508",18.3185950987189,10.9980274734475,11.2052961230409,11.2052961230409,11.2052961230409,11.2052961230409,10.9980274734475
"5509",17.0407355939583,8.15179921932007,10.8556278852076,11.3612750922769,10.2919857431831,9.80617378660877,8.62829064834957
"5510",19.2405971859721,11.987985729869,10.9489193799754,9.91440425393452,10.657072079133,10.657072079133,10.2502212656304
"5511",64.8652472180748,58.20705532152,179.388473299571,250.037134620016,83.0989039393489,65.0274645045124,148.362025578622
"5512",27.5389582751415,19.5474518738913,105.965314872578,90.7242172402306,8.35802719581767,25.7333268395872,43.5195021234803
"5513",9.2310823544375,9.8147823648271,9.2310823544375,9.2310823544375,9.23965176028014,9.23135205417256,9.78013799050037
"5514",51.3659962070681,46.1604366328924,167.272313847976,296.15614617175,63.3215776753977,51.3659286629566,123.58185650399
"5515",69.3174328266661,51.585440160753,209.503542222828,150.204969012692,69.6135406704984,69.9259250049205,101.328222582297
"5516",33.3750449475924,30.9138361010159,107.297989018983,196.594891341613,46.42799881736,33.3750449475924,88.5430991276039
"5517",45.674158307538,40.9754168123296,140.921136771171,140.064671574741,45.674158307538,46.1299857142027,81.9160075415267
"5518",91.2306191650776,73.101712158968,391.140484717538,456.584353126569,99.8516152886341,93.2616875119462,195.586804268379
"5519",75.2184528079812,61.95574932023,232.452386336924,335.755755262496,107.868371410187,74.1474842373368,168.923538151324
"5520",70.779526692484,56.8709346821881,270.25605229718,432.200988287895,115.141918221691,72.4568226438399,180.06534287613
"5521",81.630474734663,69.2484451316032,254.929035076506,267.21690335054,139.090713446369,81.7342278877767,166.746847105214
"5522",46.2676745659413,33.322701860945,172.378594098308,199.478300993306,47.9061782504395,47.2590646450689,80.6724130662579
"5523",67.9157013758097,67.9157013758097,205.896040625318,233.699712485498,67.9157013758097,69.053835096635,146.682582406239
"5524",41.7211263349065,36.5332692354085,118.620818269495,184.900415257841,73.3160971083389,42.3934065031197,88.1561248716128
"5525",34.2362552802871,34.3870763289399,100.848498348242,218.098621159621,59.0321610101269,36.7234514336733,91.6466375510711
"5526",37.1575150435194,31.7024171907172,105.623739227274,178.082441571907,37.2580202372438,37.1575146513989,78.6225753290385
"5527",45.7451556234415,38.0713936719477,139.395763482324,172.932164912971,66.9906024853412,47.253434341736,83.4305293379577
"5528",59.264189852694,40.4135142210976,157.481664508999,342.893113189166,92.4401645007434,60.4208778412046,101.102338187684
"5529",38.4120592356125,28.9321758739515,117.01459285986,149.735698692661,38.1256030767048,38.1256030767048,62.6119131683835
"5530",7.41208737065247,4.45374684449001,8.27432935443449,8.19145139301048,8.56846376997968,8.81098205265317,4.75570696890345
"5531",9.51335628278555,9.4856553882272,9.46920636347998,9.486133702394,9.52931016552088,9.51222862296161,9.41630488539576
"5532",10.6459414505128,10.6459414505128,10.6371609177831,10.6508403794736,10.6451386847681,10.6306414308168,10.6113001736203
"5533",7.35047343625799,8.27064719311759,7.37034975420394,7.43371818341608,7.49546258140019,7.31404388273123,8.18010485503963
"5534",5.19328674606992,3.84912869224533,4.91361729320711,4.88644587019819,4.91451158624781,4.88902291960289,3.86658628933369
"5535",23.926025236902,17.9120717532669,23.4760203755131,23.5870780149928,23.8277320869878,24.1595404172411,18.1850209268003
"5536",9.45447337137362,5.27087172414869,5.35586359298218,5.35586359298218,5.35586359298218,5.35586359298218,5.27087172414869
"5537",2.92915059725204,2.92915059725204,2.92915059725204,2.92915059725204,2.92915059725204,2.92915059725204,2.92915059725204
"5538",9.04878605998806,8.19500967267819,6.83856079671433,6.24752646003378,6.04506978086193,6.37589356177435,16.6743487209784
"5539",20.5045904614409,17.7175615735584,54.5763801183637,65.8631154994884,20.874914198578,20.2864579211819,37.2611205079288
"5540",19.8706237833959,17.7337794748196,55.057279636024,64.4275903808164,19.5265771722458,20.6241447966932,37.4458726544171
"5541",19.5062517434897,19.5651017309188,44.1274379888048,36.7642620024282,19.5062517434897,19.5062517249784,30.9128231763815
"5542",5.98146396700385,5.58969823463987,6.19960406904703,5.94336924853446,6.24900767043735,6.24900767043735,5.98955840855757
"5543",5.33224154351717,7.44352225849102,5.43806634152847,5.48709555175308,0,3.3734675491063,7.27927491591388
"5544",4.86696972291857,4.17662082816122,4.7125432566614,0,0,4.76042489065426,4.30630262693678
"5545",43.9642394262148,50.304201217779,50.5380831640888,86.2013395971079,59.7993148541966,157.974423424088,106.378187172944
"5546",31.7196713381785,27.3872491077502,35.4145403747134,69.2135257198416,35.4144886297602,52.1456893631539,24.261465837787
"5547",42.1023226927624,37.2893408339538,39.9174772216688,105.902128808597,53.8629219227218,52.4172515609959,37.0294845409398
"5548",35.2106522446635,46.4449201384571,37.126709811243,53.6893829727337,34.6558736240436,57.7247916161038,35.246543893033
"5549",32.0117158520435,29.461013312068,31.8795770259616,55.2090535549375,41.0892501890523,53.888242209146,40.2930702296162
"5550",41.4472057127539,33.2907519167991,42.4955976686998,74.2137439872938,48.9184387465362,75.5242891812923,29.7994593664573
"5551",35.0448134283114,23.3148399202379,34.6076608158624,103.356158993839,50.8878737195574,41.9237573532685,25.5779177682968
"5552",35.1971712846261,42.157000218917,38.8526701118494,48.9125525069566,50.3955445618757,47.0562837174122,41.3711479286731
"5553",42.3701594250084,44.0071780319943,42.3701594250084,66.4496077442105,43.8349665972645,66.4496077442105,43.2073230919631
"5554",37.6562683892818,37.9215416127506,41.3550445793648,60.0576440165117,42.6512082634241,60.0576437069578,36.9103647863535
"5555",39.827038674051,41.0897987000522,40.512057053697,47.3096020616829,44.2460153520135,45.2406943410691,35.4756084308622
"5556",32.8228868225781,18.7410258939578,34.0692859519543,43.2585646155883,34.0692890108202,43.2584751486543,17.2110745403058
"5557",31.5102421581268,23.6808666497868,31.7044547771977,56.0538721025896,41.2736728463657,44.6510753999729,19.9448606721544
"5558",34.6868762685654,21.7400348093364,36.3575158315229,43.5225883544738,45.2367709370191,43.8272059457505,26.0657567630456
"5559",53.1639624202312,62.7041835115157,53.1639624202312,65.4877112548811,44.8826707306756,59.9490042295829,53.7481997752461
"5560",26.2481101370857,23.4272755627733,28.3420661799543,46.7750156676953,36.2729650448148,28.296378876673,27.0402840375019
"5561",7.23932912528489,7.91486158743823,7.23932912528489,7.54063827985167,7.4962095019424,7.75161463662393,7.45108201421582
"5562",9.5789335408448,9.9755199860479,8.26681271296389,15.6358895465897,13.2913494524341,7.93469823969059,9.62686065061541
"5563",7.73086971912749,8.34172672531933,8.498198077326,18.2027395721717,14.3169228285043,8.36138783388392,9.6545742238805
"5564",8.57885810453115,8.57885810453115,8.57885810453115,10.8071618005311,8.57887438196779,8.57885810453115,8.57885810453115
"5565",9.5815078179112,9.3546931775478,8.05791492168302,10.3524031094391,16.6851469667286,7.81365407263951,8.89660455266285
"5566",5.54863768095919,5.89105585038155,6.13267895334471,6.0176760644739,25.1085238090547,24.1798885958274,5.73993135295369
"5567",11.3395876629575,11.3395876629575,11.3395876629575,10.9552166493168,11.2719833125451,10.9713742484384,10.5475593979112
"5568",16.3952092561123,16.8558327019733,16.3997248882768,16.5613195532988,17.1105637104145,16.6925118451341,16.855988069956
"5569",7.82297430927235,10.8044122737175,7.96582680776812,8.1128517813293,8.11285169019217,8.11285179133366,10.8216846280469
"5570",21.6880495257854,21.6880495257854,21.6880495257854,21.6880495257854,21.6880495257854,21.6880495257854,21.6880495257854
"5571",12.6431156073786,13.010344606901,12.877067247722,13.242412575727,12.6431156073786,12.7613084625334,13.0219472533019
"5572",5.11837564089547,5.52845624665153,4.97171244841794,4.99510789582026,5.26854670523172,5.43689191503927,5.26842906683104
"5573",16.4011326207329,16.6207816664779,16.4347098841169,16.6207816664779,16.6207816664779,16.7052702175852,16.6207816664779
"5574",15.4215124682057,16.8090777865993,13.8032841554633,9.10148624422097,12.7225740927854,13.4302840282857,14.369304668998
"5575",16.1510082128538,17.4462185068849,13.9821006760422,13.982100611374,16.3339701645963,13.982100611374,19.8832876973761
"5576",97.432639573453,52.9547952035337,24.6399533462557,22.5133609838153,23.4918593422495,33.4649356406231,33.0842412565734
"5577",94.2449548868646,90.1379019158275,34.6661841919626,29.0743656008829,31.6890237519215,35.8351400855579,61.7337905634728
"5578",29.2602891484712,35.2906725907229,15.5755947976873,15.5755889950768,16.1526521800567,17.9780224024327,20.1003407636295
"5579",104.430011223951,14.4000434386576,9.64038595474188,9.22147925707842,8.8381987659269,9.81078015136052,13.2924839841175
"5580",45.8948592384388,54.7194186797758,22.5457627111284,20.3832866790991,20.5108811298569,24.6866332900313,32.8123822962069
"5581",50.5404687537686,49.4280565875217,20.0493831357282,17.902957732078,20.0493831357282,24.0517746025092,28.5604355993915
"5582",50.8051646088886,50.0463147866039,22.5515425170367,20.7739195118229,22.5515425170367,25.6166663715206,33.9727654896842
"5583",20.7339931819545,20.3145723525258,20.3145723525258,20.3145723525258,20.3145723525258,20.3145723525258,20.3145723525258
"5584",11.5638433580996,12.0480104562765,12.4832439299373,12.5569751552661,12.9420632089423,12.4832439299373,12.0360284351727
"5585",9.13669221934281,9.06253623512941,5.35021627801608,4.35662364154768,4.71654155264521,4.5173709721183,4.13047898034183
"5586",30.2762062879916,23.90889953774,30.2762062879916,30.2762062879916,30.2762062879916,30.2762062879916,23.90889953774
"5587",38.25494753299,38.25494753299,38.25494753299,38.25494753299,38.25494753299,38.25494753299,38.25494753299
"5588",38.7971809188676,36.3621638986468,38.7971809188676,38.7971809188676,38.7971809188676,38.7971809188676,36.3621638986468
"5589",4.62284490663088,4.68756893182995,4.62284490663088,4.62284490663088,4.62284490663088,4.63662619980301,4.62284490663088
"5590",17.7758908322442,22.135117037092,17.9287692857362,18.1454949567834,18.0179256810618,18.1612227444612,21.9014549628629
"5591",14.6340768435482,8.98061861514665,8.59052986310968,17.1110219036112,68.5655011177876,74.3471893298987,46.1367558352497
"5592",23.8662504360056,18.0760977718711,17.460646824394,15.2078084653906,13.4947788004693,14.3868591210013,17.8518123401663
"5593",29.478811941715,28.5327952680733,28.5327952680733,27.9361156961227,28.5327952680733,28.5327952680733,28.152492562134
"5594",22.4483772637121,27.5239336971264,27.5715419072606,34.4961301942425,29.6647287625254,29.2759428448554,28.2002557246681
"5595",15.6334738278753,14.9125621495073,15.5107865866848,15.5107865866848,15.5107865866848,14.3573674703265,15.5107865866848
"5596",9.48096088148585,10.2336218811021,9.56312288293146,9.48096088148585,9.48096088148585,9.48096088148585,10.2837578249685
"5597",29.6307372420242,27.9181240964177,80.1045224207173,121.842471462521,52.0852882199512,29.6306588045937,68.5547388506996
"5598",28.9643827534144,26.6802014024994,27.8777092968073,22.7746738557044,47.3774634663001,33.7079893180769,22.7746738557044
"5599",21.8700204398493,20.9030155588233,16.6790431924822,14.5811980488049,23.4490822979674,19.5822662279733,14.5811980488049
"5600",5.02314181235686,5.5825511496463,5.07314011603274,4.81352213756562,5.52756511899788,5.04803162150582,6.07237373496212
"5601",4.59656304116266,6.32908295000352,3.57902313775076,4.47551617011453,5.30909082633665,4.8722442215017,7.26513262429925
"5602",8.19715053343625,8.19715053343625,8.20842051134076,8.19715053343625,8.19715053343625,8.19715053343625,8.19715053343625
"5603",6.19042345486724,6.19042345486724,6.25436678273377,6.19042345486724,6.19042345486724,6.18585076072095,6.19042345486724
"5604",14.5012953863697,14.5012953863697,14.5766797010816,14.5012953863697,14.9636527397748,14.5012953863697,14.5012953863697
"5605",55.0203377272386,73.1417112535571,20.4364899011259,18.4783915148506,20.0657353323537,22.4173822442968,29.5940394984555
"5606",67.7334444921436,84.0043926946123,30.7491098224264,26.1405076840819,28.5109641493965,31.1543873294593,42.6601661138301
"5607",44.4483434147951,34.9192644911062,16.4709123450544,15.1465245931407,15.3012711713045,18.2931087831587,24.1837083495123
"5608",58.1869947747999,32.181297075415,15.3139631689186,15.3139631689186,16.1029706548866,15.8666800920765,22.2294019682621
"5609",76.5132817666088,65.8485951685126,22.2342485341196,20.791139796931,21.9389234088958,23.5062513278708,32.0399826185302
"5610",51.5014672154261,28.6543326653521,16.2050608498009,15.6991712652656,15.4779923638469,16.7952456617082,21.7115338771571
"5611",77.9981569189614,49.3631233421205,19.0350362829621,18.9589211871978,19.0350362829621,20.4342607611598,20.5736988868808
"5612",58.5356118449749,34.9300744237852,15.9011338229033,15.7335787213279,15.8252470633483,27.8065188531871,46.4502227536911
"5613",48.0765661193807,42.9240900232373,25.4174810235837,24.5484423251514,25.3646236704948,28.2484197336243,28.984429568757
"5614",40.5230311119052,33.1163847105239,13.987493614496,13.987493614496,13.904529798299,14.1886719752616,19.8070527139925
"5615",46.3441558486891,31.7588104166085,13.4055491107635,12.7976093146934,12.8068251608186,14.398059060264,17.2404817541476
"5616",6.92244189811611,7.82760815642098,6.95032818855756,6.95032818855756,7.06232741029252,7.1720731402247,7.90749509639891
"5617",8.024983396667,8.18063129565664,8.07237004820264,8.00327589615593,8.07400840534372,8.07775040883697,8.08489369679959
"5618",45.271900087592,31.4279956528683,10.7162142682384,10.4922925888794,10.3903404347426,11.2234187017579,17.112070839584
"5619",28.0136135144043,24.0680725521261,73.6998257432819,65.6162641581011,29.2599884619288,28.2822717250182,50.3521846236041
"5620",7.60695808562768,7.51832848435174,7.50893980780921,7.51602748109485,7.51433581375253,7.54341483405289,7.51433581375253
"5621",7.90911486490467,7.90911486490467,7.90911486490467,7.90911486490467,7.90911486490467,7.90911486490467,7.90911486490467
"5622",6.42525483062268,6.42525483062268,6.42525483062268,6.42525483062268,6.42525483062268,6.42525483062268,6.42525483062268
"5623",3.20393564822132,3.19128617931665,3.0904928454178,3.20393564822132,3.20393564822132,3.20393564822132,3.06584436773094
"5624",11.6360769386717,19.2261916208502,13.6140656097952,11.6360769386717,11.7308961906993,11.6360769386717,11.6360769386717
"5625",9.81438366855608,10.6631524471011,9.34505409778427,9.1344615019082,9.19251943049663,9.13593264229039,10.8001799784404
"5626",1363.82044210359,1445.05430358082,1203.64726972579,1348.34638898835,1334.72074415061,1349.47101456217,1584.57768695474
"5627",969.818395644212,1053.95683633326,836.874949125167,936.638097001657,941.268478006758,975.689204305476,1150.7461253734
"5628",1080.76754934056,1175.62583678142,946.320285191493,1043.77533876224,1060.42543579388,1082.40437503303,1269.77841741338
"5629",263.566263517021,279.043639928509,229.748274119741,244.471844652638,243.492356561881,261.919220679721,306.950155751618
"5630",10.4066300048846,25.9421203523113,11.1272529519113,9.07078173713665,9.84239023260253,9.71371331430499,11.0987287241553
"5631",3.95483520512721,10.7197987376555,2.71120155461799,3.95484041506765,4.09774936938039,3.9272326813148,2.17363418786388
"5632",14.8350513708298,14.8350513708298,14.8350513708298,14.8350513708298,14.8350513708298,14.8350513708298,72.134546606561
"5633",7.44212712161377,7.44212712161377,7.44212712161377,7.3517308114317,7.36662622461704,7.44212712161377,65.595703681037
"5634",9.50593807012862,7.25435729711112,7.46765675587177,6.62469092764306,6.62469092764306,6.62469092764306,6.62469092764306
"5635",10.285845648893,9.24881465740747,9.66552657013467,9.83984779992808,9.93563853298152,10.369869141131,10.369869141131
"5636",5.59953427817377,5.43163309130976,5.47891748446409,5.36968034599937,5.38413206655967,5.06492779118809,5.56789425769639
"5637",11.3652166718252,11.9745519701451,10.6331851929769,10.6332220939567,10.0801095999913,10.3273502160812,12.8806639485071
"5638",9.3050750402536,9.00968237066765,6.88432134028085,9.59342877487255,9.3050750402536,6.72119462500158,10.4903803624533
"5639",2.55154420740474,10.5545999191127,11.9863777811591,10.9133953124558,11.9863770497779,12.1043852270556,12.6736610279469
"5640",4.71548087015501,5.81905740801028,4.74638934256685,56.656871550101,4.91924262953586,4.72576043392966,6.3425140294441
"5641",8.62069071566627,8.0125044282371,8.7301347130173,56.3357916487661,9.67226584694792,10.0604483935623,9.16165547717238
"5642",12.3592752467316,6.65785860764763,8.28483794081557,17.1686083745765,7.34470244099784,23.473455284253,5.95569545371765
"5643",9.23001345244955,4.89447643408245,5.34733493658808,11.6525798191895,7.50826464429789,16.4085030277719,7.14653753706302
"5644",5.87804886176565,9.3334611248188,5.87804886176565,9.90996939441505,5.87680523160887,11.9833329645033,5.28234538173086
"5645",4.37725843504032,10.0846937497274,3.82779497625933,12.3678937101882,3.94974740087982,13.0924887503516,3.58090307841031
"5646",7.32066282828044,12.1449629176401,7.32066282828044,12.1449629176401,7.32066282828044,12.1449629176401,7.32066282828044
"5647",5.97886374670355,5.97886374670355,5.97886374670355,43.9685385623796,43.9685385623796,5.97886374670355,45.4011232179248
"5648",2.80747429820977,2.80747429820977,2.80747429820977,10.3690946230514,2.89766560522104,2.80747429820977,12.3961325894331
"5649",2.10651915661287,2.0976152734584,2.10651915661287,5.69227920404947,3.08864552897113,2.10651915661287,6.25212704160013
"5650",5.64974850402223,5.64974850402223,5.68127908797583,11.62081898703,5.60302346826541,11.6427191950365,5.65186422203041
"5651",7.71450107220228,7.64969093345217,7.71450107220228,22.3723633205769,7.71450107220228,22.4477266709165,7.71450107220228
"5652",6.19478296778048,6.0577842677722,6.19478296778048,14.872517123331,4.32564653223379,6.45153662895347,4.45089453640382
"5653",2.51115902023743,1.54040074993293,2.45072917467658,2.84217712097382,2.51115902023743,2.51115902023743,1.47168128112145
"5654",4.60688718795432,4.60688718795432,4.60688718795432,4.30162329867761,4.57027519568623,4.60688718795432,4.73202638404533
"5655",2.92192381555313,2.85905803189936,2.92192381555313,2.918976317043,2.92192381555313,2.92192381555313,2.92192381555313
"5656",45.0641400855463,44.7732102563506,80.9216728120871,44.8410539095554,28.8840248007516,28.8840248007516,44.4531597204467
"5657",7.85335546572458,7.09774995470993,8.8642008754323,8.9342007191239,8.01925033081015,8.97463690767621,6.456595684529
"5658",9.89476543984807,9.89476543984807,9.89476543984807,9.89476543984807,9.89476543984807,9.89476543984807,9.89476543984807
"5659",14.0582122651826,14.2885586028145,14.6810763689979,14.5959406318595,14.6433826966779,14.6861183616129,14.2833753858331
"5660",6.1093855567755,6.1093855567755,6.1093855567755,6.1093855567755,6.1093855567755,6.1093855567755,6.17482682302298
"5661",3.89150977014898,5.15481323591125,3.56275784879656,4.2588050428067,4.02620803632258,4.01810598471987,5.2552774685939
"5662",10.5948293854454,8.6457646461542,10.9846272219162,10.3557756380823,8.86533244723654,10.8606475039272,9.50541897370227
"5663",19.1160269993987,16.6001653302444,19.1891297509387,18.3995961872633,31.5935982821389,19.1161801098263,17.5398904678128
"5664",17.45884281758,15.9655547636785,16.2677278104262,15.2633884928832,29.2278246878194,15.1286515223238,15.5065587196777
"5665",4.49442898314738,4.2091069576337,3.64872381679437,4.63508708858503,5.84850937655555,3.45968980928012,4.53456575250289
"5666",6.59276647164473,6.63221195878097,5.58307016677111,5.57306384383796,5.2564153378789,5.34786682167346,5.71877997748318
"5667",5.52178248983327,5.52178248983327,5.52178248983327,5.52178248983327,5.52178248983327,5.52178248983327,5.52178248983327
"5668",3.0270230996739,3.0270230996739,2.97704308718629,3.0270230996739,3.0270230996739,3.0270230996739,3.0270230996739
"5669",6.09251894788828,5.24909566275223,5.90082287933078,5.75205179792163,5.99776510187461,5.70111625491414,4.8056462518969
"5670",7.34594948766142,11.2689633674976,7.77620448095014,7.79427055820367,7.19183107433952,7.2601149369458,12.1355290811644
"5671",0,0,0,0,0,0,0
"5672",117.721919993472,121.686214068361,115.227301754375,120.604517456899,120.604517456899,120.711622816126,124.733731197334
"5673",119.692310637608,119.692310637608,119.126973333128,119.692310637608,119.692310637608,119.824140646576,119.692310637608
"5674",100.428764961039,100.428764961039,100.428764961039,100.428764961039,100.428764961039,100.69084203517,100.428764961039
"5675",28.6704993419438,45.8869869709327,37.8008078581658,157.717707799548,35.4740850513247,38.8032347496213,47.0806512376336
"5676",46.0977532048064,63.084854674262,51.4562060233072,148.520750852847,58.8230227840493,53.5825833697969,64.9599655902903
"5677",84.1601975998389,79.8922675417271,83.2793696440966,83.8934813027228,83.8847048333917,83.8985352364262,79.9349025757126
"5678",31.5746299114798,29.5494060763562,31.8165636434054,31.3226850713719,31.5746299114798,31.2265225703714,28.9054825998577
"5679",26.7158189225085,23.8881649034866,26.8502601754422,26.7158189225085,26.7158189225085,26.7158189225085,23.8881649034866
"5680",35.8108012679646,35.7760006120032,35.7760006120032,35.7558417233462,35.7760006120032,35.7760006120032,81.3760822490072
"5681",48.9826745097886,51.2427745358859,52.6550862094344,50.4337388956332,50.9021693286946,51.3455892465304,103.522022163921
"5682",134.249131827072,10.5598168856484,6.78943501263774,6.77453770650339,97.3264100813526,7.71931764744888,6.73058097162306
"5683",22.2413490881166,21.2040030705582,57.8793154495621,21.4722560220003,21.3951886970429,20.8697489985213,21.3288665398168
"5684",15.5895246027892,18.8108411570301,63.9319236519111,19.8214605198407,19.7661477127418,19.6778855798435,17.9434252724879
"5685",18.0934380756325,16.66146056172,67.8561574303143,20.2260710249165,18.4507247209358,18.9810622983652,16.0849194233532
"5686",17.701729123142,17.7017359222139,52.9321758034915,16.5761714382067,15.5777630831525,15.5777630831525,15.5777630831525
"5687",27.8708723982509,24.5334058812167,78.2649938491799,26.0494466428645,25.8552382395134,24.1229975935937,21.5667305614254
"5688",11.2209881732883,26.5655730269521,6.74179829451165,33,40.5175503723468,17.6630384371841,17.4551889526704
"5689",12.4352869653024,13.8047110193398,12.2070975976677,12.2930234541528,12.6225738303321,13.0634386086715,13.852581474229
"5690",6.23199865431237,7.18837125578759,6.21430715385345,6.18461345209273,6.2252993613381,6.23199865431237,7.46196103406438
"5691",12.4940131518769,12.4489414903422,12.3450411274147,12.2195669773823,12.2195669773823,12.2195669773823,12.1754119997835
"5692",10.5943312976478,10.5943312976478,10.5943312976478,9.00794801712302,10.2469776896401,9.7725173686509,10.2469776896401
"5693",10.1350923102159,8.80964137185143,10.164365896616,9.87339806013658,9.8077255626297,9.79553922574297,8.61834544275326
"5694",3.78554102327323,3.24220233125723,3.21715113179669,3.03641455084205,3.02123831645085,3.30062252698372,3.24508355177159
"5695",7.44670808988706,6.88421131866408,7.08944082695199,49.3605691888888,7.06053472355608,6.74078257211748,6.74078257211748
"5696",9.86158678517589,9.86158678517589,9.73777533678446,9.66668514861966,9.66668514861966,9.66668514861966,9.66668514861966
"5697",6.23243755341581,6.44576494816438,6.5050116335222,6.5050116335222,6.63696224990341,6.5050116335222,6.44576494816438
"5698",5.02601493544244,5.02601493544244,5.02601493544244,5.02601493544244,5.02601493544244,5.02601493544244,5.02601493544244
"5699",6.84195682818768,4.45960098289284,5.31651088975429,5.21034959881988,5.18348740937421,6.67615522060902,6.84177432095168
"5700",16.3955583133959,87.0633644295815,16.3955583133959,16.3955583133959,106.177783074024,18.4133179344063,24.4148307725177
"5701",15.695331151156,68.8481472965983,13.6563100885958,15.0722936799435,93.2841763119275,16.3227932401014,21.0699572045319
"5702",10.2365874526903,64.2457199732552,10.228797222797,10.2365874526903,68.7992020867252,12.0332111576708,16.741228725073
"5703",12.6741006105175,27.1616844517604,12.9322229955541,12.6806404260723,75.8237884855955,14.012227785913,5.66360519594908
"5704",22.2051118547253,105.247824545232,18.7821515134621,22.2754657009395,115.115903985827,19.9061193244349,27.5360699097033
"5705",33.9403054842824,120.025981023043,39.4740681937954,34.1520662737591,155.443255963494,58.3641557824076,54.3965620835089
"5706",16.5621376237768,77.7022816017557,16.5621376237768,16.5621376237768,82.8451845160707,19.7803828614096,21.2679107271434
"5707",22.2614130129944,78.3126605469179,18.5635063740916,18.5635063740916,94.7139661013236,22.0010967398652,42.3728296860273
"5708",21.8113945311467,101.881631950085,19.5834893551696,25.0117779452298,112.947935491068,23.2620118829362,37.2015988449625
"5709",20.4752105372924,77.165354197358,19.4834374540743,18.8736565422687,79.58582398384,20.0407758946088,22.9042002328426
"5710",74.1356591382096,207.502550349977,74.1356591382096,74.1356591382096,305.863025941353,82.4676552701639,140.705829687306
"5711",47.984530957788,151.637689966288,47.3439316498342,48.6291210210885,204.289940048828,61.7601032700231,88.6710130319117
"5712",52.7660400202201,162.64002756962,52.7660400202201,52.7660400202201,283.782695792817,58.0427158051413,125.845103946841
"5713",49.868944550031,145.937109554413,45.7053110820556,50.9069725086222,220.205872074561,52.1608512364667,119.502898393975
"5714",23.3913773123943,80.3094422023604,19.5678751608509,23.3913773123943,106.087152035046,21.2022396429055,41.7212113915152
"5715",52.0768815275284,144.644833956314,52.0768815275284,52.0768815275284,176.252929386449,67.0399155118908,118.044798037891
"5716",54.3592727465484,176.085204569619,53.8259723919577,53.1487856020411,244.421017477895,68.5408127696843,93.2641810035011
"5717",26.3078624111313,90.5095596706873,20.7745020634117,27.3317949193242,187.69474168124,24.2870393452355,51.2777626965275
"5718",33.3900187520769,116.496457423476,30.909343708463,35.2816583742953,333.84857617758,45.6527888173637,118.215172980708
"5719",33.011346898924,95.0750842964681,30.0227719133078,32.9776538073171,118.641728212468,33.0560545936523,61.8960853510317
"5720",54.3572028728071,142.944683439195,54.3572028728071,54.3572028728071,205.205378277611,62.1422256980067,101.05204521175
"5721",49.0631660410287,129.596358809409,49.0631660410287,49.6908959443608,192.652525008456,53.4975608841468,88.0657680124611
"5722",24.0601602874427,75.6060113948245,24.0601602874428,24.0601602874427,79.5891576214037,27.7453542171164,47.7829209044793
"5723",17.3994972473338,6.34021879795186,14.1565223488356,6.99012867534723,6.94788118943294,6.94788118943294,6.27987088273127
"5724",23.2895190670799,10.4165354085086,22.5121741998945,9.93578996453341,9.33138895565391,9.70510069908112,9.68840598683581
"5725",16.8536281260539,5.57107321919473,14.9892244152868,5.52473423563312,5.52473423563312,5.52473423563312,5.53997306809609
"5726",4.48731971275884,4.23198791918884,18.379060738995,4.57785069717013,4.48122335428245,4.48122335428245,4.23198791918884
"5727",36.6347672786432,182.896505642771,33.9209025591024,33.8935206675174,192.260608787103,40.1070819084679,91.2456040186123
"5728",27.6624843216016,145.321897601029,24.2057908436631,26.8397091404404,164.504640508804,28.1982621846059,65.6939930501913
"5729",35.3132035136646,174.260607695984,27.2528646172052,35.6798665929012,210.926677934757,35.1370959340621,91.7741831769308
"5730",27.3429881449001,149.045918869432,26.6289818922377,27.4795341524151,198.306457711143,34.0929990766005,135.057783645588
"5731",6.09433007911212,6.2510547413143,24.9946534759521,7.12081831836686,6.2510547413143,6.2510547413143,6.13172598130007
"5732",6.04527454398401,6.04947243478136,32.560273360819,6.04947243478136,6.05194877540466,6.04947243478136,6.04947243478136
"5733",6.72593459111248,4.60177472568166,28.0335854056608,5.71713308204958,5.55609571573537,5.59388774307409,4.64873084828574
"5734",11.5352952950936,6.93417191086024,7.01416739670761,6.09027105412388,5.82954637298999,5.85761368705401,5.6514381567749
"5735",5.31545671879729,2.46626978012776,2.79321849011859,2.52989057595603,4.13313070315373,4.36100955164994,3.74301459832858
"5736",4.74366293771182,4.74366293771182,4.74366293771182,4.74366293771182,4.74366293771182,4.74366293771182,4.74366293771182
"5737",3.7447796404857,4.47722753941918,3.7447796404857,3.7447796404857,3.7447796404857,5.20774629797348,5.90584559613976
"5738",73.6264280754462,73.9920796766901,73.9920796766901,73.9920796766901,73.6419924400138,73.3812967860783,73.463188310737
"5739",107.374966633499,107.374966633499,107.374966633499,107.374966633499,107.374966633499,107.374966633499,107.374966633499
"5740",32.5780465393466,34.7694733615232,166.705559607548,32.5780465393466,34.484282341353,32.7674448572884,32.0687502820222
"5741",80.3721432595374,80.34998552336,80.3721432595374,80.7540537513405,80.1889266474598,80.5723371953107,80.168293922551
"5742",34.6829989800565,35.8634462424063,34.5499870300519,34.2583336647653,34.3583490097264,34.6925723862975,35.9826032847083
"5743",25.9635404288205,25.9635404288205,25.9635404288205,25.9635404288205,25.9635404288205,25.4694187203046,25.9397203944905
"5744",51.3045648154297,50.97264590017,50.3618654040947,52.974021400578,51.3045648154297,50.9454376462959,52.1286785483192
"5745",94.7106828697151,101.280625247755,97.0770946511215,97.0727355623301,97.6825964497389,99.5388556845769,96.6297485373063
"5746",33.1513890437016,34.4122685209198,195.620940497089,38.6961566574134,33.8915312148253,33.4959023882656,32.1194028291093
"5747",20.9223277047682,20.9223200954409,104.126777279704,23.3886039314749,20.9223200954409,20.9223200954409,20.9223200954409
"5748",21.5036068086566,22.9047831021283,122.829572431021,24.2580500696963,22.9044845498052,22.9047831021283,22.9044594593008
"5749",12.9198902824544,13.0460360487407,12.9198902824544,12.9198902824544,15.334117770399,12.9391593955711,10.8933781964967
"5750",15.4601261192838,14.7777649008958,10.9771464708698,6.5020850029535,5.44729642118643,5.44729642118643,5.18002112758371
"5751",17.5030187894595,17.4454483329707,23.3458843567753,17.3457856727872,16.8287180810995,17.5030187894595,18.1983907865023
"5752",7.2867758978762,31.3528165009301,7.2867758978762,7.43090439250488,7.2867758978762,6.87861026484629,6.12774743663593
"5753",5.91104680022761,26.0114786291574,4.49766754813763,5.96999731107173,6.05498896217193,5.75477389579704,4.67718000513678
"5754",13.9849451655349,20.192795695315,19.5264145137183,122.769107925727,16.090073313834,18.0768156400167,12.0391526520212
"5755",8.90175567951253,15.0141976597726,19.1735622092426,97.3619756154113,10.0954554253079,22.1052100294245,9.14870406984515
"5756",7.17903304292682,10.933564660686,16.0658860983489,142.698583073092,9.0198534731914,12.9410034047716,4.76698856217885
"5757",8.99855609164485,8.99855609164485,8.89183588739552,8.69546653179064,8.99855609164485,8.99855609164485,8.99855609164485
"5758",11.5008398498836,11.5008398498836,11.5008398498836,11.5008398498836,11.5008398498836,11.2255648088938,11.5008398498836
"5759",4.91166810695435,4.94861896741957,4.91166810695435,4.91166810695435,4.91166810695435,4.91166810695435,4.91166810695435
"5760",8.11632319567484,7.0756151942431,7.58699083832271,7.58853292404833,7.67094538940914,7.6373069438307,7.03005415444501
"5761",9.08384069911047,9.22621284302157,9.08384069911047,9.18282605092048,9.08384069911047,9.27323664248397,9.25347335278506
"5762",4.10394256991911,3.49888630195883,4.10394256991911,3.58947506799082,4.10394256991911,3.93316243839098,4.10394256991911
"5763",4.22642746066711,4.22642746066711,4.22642746066711,4.22642746066711,4.22642746066711,4.22642746066711,4.22642746066711
"5764",8.98301869095295,9.01721503255714,8.76928769281319,8.11800638728027,7.34806881375593,8.17223395352591,7.31433666357709
"5765",12.8947716129399,12.6325356067866,12.2217234262546,26.7512784897221,9.26675460909949,12.6325356067866,12.6322753634009
"5766",3.50372456200268,3.50378011568544,3.86901359524382,15.2965088772846,4.31535114822648,3.62890038658268,4.78705034506614
"5767",24.2479242678832,20.4611849167129,15.3486115761986,67.0697536805447,24.5633867577346,18.938391931466,19.7197671880348
"5768",36.9500278525178,25.3057333067719,41.7466243057899,80.7228062620197,21.6160825234278,34.0070464555276,25.534755153917
"5769",19.2257229402946,11.4805025783108,13.2279596885171,71.6534190887433,9.42011424220207,22.0322492828262,11.6920988067594
"5770",13.2843760937641,13.2843760937641,13.2843760937641,76.324941603355,13.2843760937641,13.2843760937641,13.2843760937641
"5771",28.7115573519055,28.7115573519055,28.7115573519055,28.7115573519055,28.7115573519055,28.7115573519055,28.7115573519055
"5772",17.9104776221872,9.83643159644975,12.9548913101709,31.3798382129026,11.8611585459913,33.3948740356542,10.3371335267876
"5773",4.68795365730822,4.71653920429955,4.68795365730822,13.1044417084917,4.76880013245721,4.68795365730822,13.5180830966956
"5774",54.2981337215504,46.8473496818761,127.793879013675,54.2981337215504,30.0318748221022,31.2005171093486,45.4187626226531
"5775",52.7066908286176,50.1492627855337,119.564520567398,58.7098359544347,31.9420531959311,30.5045692072218,43.0014986593572
"5776",28.3428328422963,27.5079339715889,28.4360367433654,28.2744300842864,20.7325438438118,23.1702068447537,28.1874546376927
"5777",8.49032403292246,7.04220185122137,8.65016876581153,8.06120562317265,13.761413303504,8.09055467552273,7.13449356967003
"5778",20.0768549579307,20.7910374724256,18.8797516570477,19.7851682162689,19.7851682162689,221.38733593118,17.9358642897532
"5779",5.06016400719729,4.20360946393713,5.13087943635391,4.96048027170757,5.27895514661136,104.623608135167,3.0814092068229
"5780",10.4336120152157,8.88441455394309,10.8398044077898,10.5722930469135,10.3062685773551,164.14784664068,7.16321575255997
"5781",27.3387407856417,44.6454035707829,38.3389039515852,132.758845961979,31.1436682420292,41.9492559973989,46.1100174226257
"5782",28.9049862529433,43.7356655535546,35.2243064455435,98.4381412868443,34.3019464254323,35.1333846400355,41.3244713401344
"5783",20.7331339564851,16.3669129706535,20.7331339586673,27.2122435694057,24.1283625042457,19.5479570084203,23.22475013984
"5784",31.7590026102973,24.0499106475184,30.880706239885,30.6232482441322,30.7070725547723,30.8988461062391,24.576915631657
"5785",19.6595170796435,12.9223210406678,19.9114966161147,19.5918869429869,19.5918869429869,20.1781907044375,14.2552644764218
"5786",17.5389808580162,14.3634861068307,17.5389808580162,17.5389936602094,16.2173468141082,17.08877102074,14.3634861068307
"5787",4.29102480589849,4.04795894149999,4.04795894149999,4.23552975920596,4.04795894149999,4.04795894149999,4.04795894149999
"5788",20.244118379469,81.5508952830526,20.244118379469,20.244118379469,91.1012628836612,28.4223233772372,44.1622057036224
"5789",71.3539847679259,71.3539847679259,71.3539847679259,66.3553383255257,71.3539847679259,71.5385977862137,71.3539847679259
"5790",18.1565552073134,18.0244191266431,18.8766607451458,16.9593792845938,18.3675069974722,18.0244191266431,18.3444998135686
"5791",8.58339151691897,8.58339151691897,8.58339151691897,8.58339151691897,8.58339151691897,8.58339151691897,8.58339151691897
"5792",14.0946602575252,13.9964574426352,14.0946602575252,14.0946602575252,14.196711936376,14.072159802043,14.0946602575252
"5793",13.2230079368501,10.0879060420554,10.0680436035748,103.384772381495,17.7761633284925,12.1411543651243,12.159401048858
"5794",12.3379358851578,12.3379358851578,16.1227860319523,62.2918169641966,12.3379358851578,22.2790811658761,12.3379358851578
"5795",23.2485507246668,17.3950394001147,22.6687111478468,103.677483521057,23.6322555775943,145.64483820361,14.8275496350007
"5796",19.007113397621,14.2997334637561,21.1129054934587,108.338959746607,17.7357770243701,132.412017886802,11.5719569036868
"5797",30.0403652882501,27.5257317862911,30.0403652882501,111.681390015689,25.8404423300209,201.102570213188,22.1909896345969
"5798",22.4652253066021,18.4618731664315,22.2893502393636,75.4444553010716,23.6390807471173,144.474017274997,21.3405270537424
"5799",39.644238350903,33.6174696816466,39.6443444863805,155.237026472022,34.9667446566059,213.962051242235,27.926715474435
"5800",16.5632922228925,16.5632922228925,16.5632922228925,68.7643829891481,16.3452105321533,113.124105942071,16.5632922228925
"5801",37.7706289151575,29.3747890279236,37.9713388711479,126.564116280089,29.7807426094057,206.155213682379,22.3452355338972
"5802",21.0382334271041,12.6320425056031,19.5187121409429,74.1888597535509,17.7057480243264,123.814938692998,12.3431021978383
"5803",17.9921466069334,14.1514867951999,17.9921462830198,81.0487340000099,17.8409743299832,137.840352233543,14.5332653726825
"5804",15.9827913434746,15.9827913434746,15.9827913434746,79.4147587171011,15.9827913434746,102.710970709702,15.9827913434746
"5805",10.9931547198925,10.9931547198925,10.9931547198925,49.1959308951648,10.9931547198925,61.5690131777681,10.9931547198925
"5806",63.428751389326,63.2079008223942,139.161688741728,67.2558162297457,36.2432157411024,34.9655563008355,63.5254764114523
"5807",46.5416837771286,46.3867616906725,75.7263172712547,46.4094938519345,32.2041197698218,32.2041197698218,46.5416837771286
"5808",74.1561738078274,74.1561738078274,133.640943740099,74.1561738078274,48.0043568627022,49.5517308214997,74.1561738078274
"5809",78.1907732256871,78.2161227149853,148.404819726671,83.1426119370672,52.0874539571608,52.0874539571608,78.1292405762047
"5810",66.5249000638824,56.3300752422642,153.077690356305,78.5486710850511,33.2321935588439,33.5759232783124,54.7928063422938
"5811",118.725465428583,90.2034651537352,228.066322004588,106.550179183246,67.1190261178746,65.002357406866,88.3388334626138
"5812",90.2617483984717,82.0693630284142,190.595825997691,97.3970106901475,54.7200123144062,50.900399077081,82.53460719957
"5813",57.5909045914954,57.4987280647344,110.292083096094,57.5030953247732,48.3352023083586,47.7516270029291,57.590869532064
"5814",17.2471042274331,15.1741883675442,16.8397790136467,16.3318030367808,16.5290798125856,17.520438812696,15.1646700216162
"5815",23.7975764346894,23.6217358274749,22.3006772279538,23.5312999901123,17.8531364647649,17.1877894694896,22.2206076470737
"5816",15.2314409087107,15.2314409087107,15.2314409087107,15.2314409087107,15.2314409087107,15.2314409087107,15.2314409087107
"5817",6.45286262951694,6.45286262951694,17.8051876783332,6.11738872233132,6.40949675723393,6.45286262951694,6.4514637959748
"5818",5.21969163953309,5.32923738293006,20.1105155839335,6.94355351330026,6.42001655457491,6.42275125408824,5.7271840998122
"5819",46.7614755458157,45.3832188533472,96.3948893626071,47.0925054263161,28.920718070309,28.920718070309,45.8438495107961
"5820",11.8227066302972,9.71921810845692,11.8599215520188,11.8599215520188,11.7454420397227,11.8599215520188,9.65825526073187
"5821",34.8947482033426,34.6928566468127,34.0537782595504,34.1136230266672,25.8800884074148,28.9327296859014,34.2296491118835
"5822",29.7515389975212,23.6852803060959,26.755487570869,26.5036211916246,19.6814117202353,22.2853394410206,25.3931607729479
"5823",44.393417251848,35.1644685688589,42.5676722738084,42.3958498857135,32.354939530013,32.3359385509697,35.8412348905499
"5824",29.8929830515992,25.9799634327942,30.1697396762838,29.3650757214682,23.0354466838457,23.6053343053915,27.4483976968372
"5825",42.8435162352948,35.8723306380642,42.4082405311835,39.4345745368758,32.6068342148826,33.787762073721,51.88785012413
"5826",34.8586900348833,24.6073823855125,34.3725817697586,33.6954519582536,24.4307017633749,24.6126927639349,28.4715324636713
"5827",48.6151601621141,47.1095128192035,48.2930722157128,48.7966524552444,38.8194887581146,38.3051338159957,46.9463775438107
"5828",8.03999586562108,8.03999586562108,8.03999586562108,8.03999586562108,8.03999586562108,8.03999586562108,8.03999586562108
"5829",7.97319307729958,5.05960237272132,5.84805820187235,5.79672000125895,5.39434070433996,6.19327544408017,4.90971130443684
"5830",13.0793856091936,13.0793856091936,13.0793856091936,13.0793856091936,13.0793856091936,13.0793856091936,13.0793856091936
"5831",6.52416322896104,5.59565370820689,5.45327032031539,5.44398432726633,5.5330175683751,6.30708404259677,5.45327032031539
"5832",10.4986105883441,8.57220549994462,8.2353087172902,8.2353087172902,8.14873561747215,8.75969604468233,8.08135834757088
"5833",6.90433776085355,6.45260807397331,6.90433776085355,6.90433776085355,6.90433776085355,6.90433776085355,7.21861296071722
"5834",6.47753338365863,6.49310222571449,6.49404991763156,6.5161721967532,6.49047040303944,6.49463095452461,6.49404991763156
"5835",10.3258748087695,10.3201542026134,12.6627704671688,12.6627704671688,12.6627704671688,11.4648991060566,11.5041626515271
"5836",11.7987939457516,28.6899806646014,70.4427692394531,101.854130272389,102.038186010696,104.344148535276,120.419477244148
"5837",17.8142205154939,15.1933299354649,18.1298319328137,18.6875840366627,17.366747231127,15.9756147604312,14.8869857930103
"5838",30.1685250497888,41.1409203644122,57.4523991878605,57.4523991878605,57.4523991878605,57.4523991878605,57.4523991878605
"5839",22.0993731480165,22.8572904488405,31.5294670466666,62.6914409588672,48.0220089533289,61.0976931347836,51.8119273774922
"5840",12.6312185279976,10.4221744770939,12.0144274200864,11.7759018321736,11.9324737494797,11.4706951045546,11.472251755773
"5841",7.01148110836321,7.10729480677985,7.35401973474519,6.16320468112447,5.14711780591394,5.28494053957909,3.97400349911292
"5842",17.9807055767958,17.2734016686145,17.9807055767958,16.5306728353905,13.8481420794228,14.1961259103083,11.5814019777983
"5843",18.1889244555423,15.5157897091341,16.2615267748508,15.1622826137042,11.5529635910214,10.9265061811831,8.37765432177709
"5844",17.6347914368555,15.8957054230866,17.4945425438979,15.8795113929903,14.10754424674,13.5075434340127,10.984682375063
"5845",18.2365101035523,18.2365101035523,18.2365101035523,12.6768191841104,12.0269731283472,11.5984484468765,8.66906979425639
"5846",9.82499439813065,9.2476368021676,9.9470132502039,7.72410186137826,7.72410186137826,7.47817865492608,5.98853737069895
"5847",17.6776188006544,15.8713581764329,17.9594020166003,16.6509511278813,14.8271255847401,14.9489746060042,11.4791313898557
"5848",25.9046091879751,25.141571712514,25.0963748375137,19.6859761997447,17.8400699383718,16.777962856971,14.5290727963432
"5849",32.8599480655552,18.7235975677287,23.6074863052771,25.5659461451387,25.5659461451387,25.5659461451387,23.5910666827986
"5850",39.6556236236324,17.8608681406568,25.5906761794401,27.6450090182615,27.1794267762244,29.0570961955443,24.3727706875592
"5851",12.5111735514801,13.222346572275,16.8802454882441,10.0639381796453,8.99829379146067,12.9031999887152,6.94022337972699
"5852",37.6120002442426,31.7748170231578,38.6705483955317,32.5692911345553,26.9249810373395,27.0383328554676,18.337687293965
"5853",6.76938409474388,8.0347521971499,7.70169356476691,8.76879793001737,8.52242555474688,8.52242555474688,10.1626233872498
"5854",13.6538291600442,10.3359102745704,13.1524165248454,11.0792383541698,9.17197904949411,8.28216272607572,5.68053100457048
"5855",37.4789500694953,10.8899177036364,21.8877335795318,22.7871657448686,22.4867964150793,22.1220057351442,16.4292686361261
"5856",34.4324984846801,34.4324984846801,34.4324984846801,29.0189942425045,26.9702813702457,25.3882654393765,22.291732111384
"5857",10.6582519666181,16.6755259472254,11.3185332215033,8.84122047193647,8.9036616875648,10.7091302157855,9.89581296426975
"5858",7.42946020358502,9.3207914399172,6.36963071354532,6.17237123966045,6.36963071354532,6.36963071354532,6.36963071354532
"5859",4.66300625644649,4.66300625644649,4.6518930653733,4.37755918021921,4.66300625644649,4.66300599773782,4.66300625644649
"5860",12.1222209399046,12.1222209399046,13.719654589785,27.24445830353,12.1222209399046,12.1222209399046,12.1222209399046
"5861",29.8638346238517,28.6239486031222,29.9666405338976,30.0324349386491,29.934056510444,29.4207370684472,28.3828034584264
"5862",75.1918220599628,70.9249512346921,73.0079950903444,74.1551609431308,73.2602208397591,74.4786983646557,70.8181371984861
"5863",183.773281816751,191.90445315791,194.830320627578,187.844938563433,177.584606040688,191.282483901502,204.314215308225
"5864",22.768807219795,22.5712327352266,22.4282355322732,22.4146925675145,22.1136668386959,22.2506662950719,21.9944583626696
"5865",58.2891722406677,54.7420430026541,55.9656824593925,57.9857386534232,57.3242432437601,58.1594476339195,54.6556839548273
"5866",17.7409385412444,15.0840594573562,17.0891759755154,18.3324196724721,17.9015895335479,17.7356354402923,16.2899580005121
"5867",46.8946719987744,44.4873115531334,48.183800043523,51.640655180829,48.3945849796287,51.7544519370206,45.4773251977345
"5868",74.664059963413,74.365545956496,74.664059963413,73.3078343689691,74.664059963413,73.6013494831049,74.664059963413
"5869",82.174881734064,75.9460729155073,80.493102158553,82.5174208699866,81.3373834942992,83.4438402133211,74.3597569838981
"5870",375.629826720266,445.399102685097,390.53008112837,395.444955070039,359.086462724324,403.573295335065,480.692811872109
"5871",5.68164762287402,5.68519557289947,5.68164762287402,5.48024115043961,4.28026246518562,4.28026246518562,6.91636279182176
"5872",5.79753433117588,5.79753433117588,5.79753433117588,5.22809056205346,4.49374020456646,4.49374020456646,6.9245331117618
"5873",6.90638281280393,8.47331146368118,8.47252796794034,8.83628116024737,8.83628116024737,8.85444415110937,9.74168073220761
"5874",5.67346001527095,5.46819646851388,5.98255028836934,5.46819646851388,5.45532155592739,5.55815267094492,5.46819646851388
"5875",15.7265057348047,24.801497902769,41.8195735357319,28.2553042683528,15.5146993050925,15.5146993050925,15.3617239220865
"5876",16.2132513517052,17.212740819264,16.5791889644805,16.6324321050172,16.6450056155014,16.6450056155014,17.2419094364026
"5877",2.97422924117706,3.15286239579327,2.97422924117706,2.97422924117706,2.97422924117706,2.97422924117706,3.12506172270141
"5878",9.81906416973381,10.3454953598586,9.71692481026106,32.0285823513246,5.79106193017677,9.67451020897852,10.1864857812862
"5879",75.2535377664901,11.0679713923858,14.2104272621699,11.5825056133024,11.5693759536932,64.2052559527272,10.9135998935382
"5880",5.36648415838218,5.28407818365647,5.28407818365647,5.28407818365647,5.28407818365647,5.28407818365647,5.28407818365647
"5881",33.3424144691055,6.43240277410027,7.6549110921465,8.59214885704471,8.83411356559428,39.3142529167957,5.82199968216815
"5882",16.0741542956456,16.1984189327206,15.8644780257398,15.8644780257398,15.8644780257398,15.8658956707912,16.4004734113596
"5883",140.181548130923,35.6843885195286,39.1033895178875,39.6803902365429,39.945830917354,185.176390543719,35.9745019242809
"5884",4.52837472767648,4.65601289364583,4.61732642346539,4.63717258635244,4.60849611472428,4.65552322694497,4.60849611472428
"5885",12.2907371254079,12.2907371254079,12.2907371254079,12.2907371254079,12.2907371254079,12.2907371254079,12.2907371254079
"5886",19.557839265232,6.39762817619095,6.42332753433825,6.41639026008085,6.41758844987037,18.8508965905537,7.15130542034267
"5887",4.48558172781504,5.83407710406865,4.46487803289476,4.48227425753548,4.46487803289476,4.45335692173969,6.00009191313537
"5888",6.77681562913381,6.77681562913381,6.77681562913381,6.77681562913381,6.74966044948853,6.77681562913381,6.77715094918244
"5889",6.65568374432195,6.65568374432195,6.65568374432195,6.56172973055735,6.47570481943931,6.40417718152021,6.65568374432195
"5890",5.08840633582933,5.08840633582933,5.08840633582933,5.08840633582933,5.08840633582933,5.08840633582933,5.08840633582933
"5891",5.17889564737453,6.82966757847834,6.2136966572169,6.26609917649169,6.3449649272252,6.86111011844284,6.67553593269584
"5892",5.93393164158001,5.93393164158001,5.93393164158001,5.93393164158001,6.13935516184009,5.93393164158001,5.93393164158001
"5893",39.4324412228349,19.298684240239,19.712185847205,21.4085223659968,19.712185847205,70.5495644316317,19.712185847205
"5894",4.06189211530993,4.06189211530993,4.08092777404656,4.09012161886664,4.06189211530993,4.09851396097037,4.0823975799482
"5895",8.75040155136196,0.810306332704071,5.72299356071271,10.5744630679875,10.3148401071409,10.7894136529857,11.3323727858516
"5896",10.6458166904501,11.7806208155322,11.3607859708417,11.1825791184504,11.1599231425158,11.2870129225739,11.5541473381898
"5897",29.1116198290455,12.4403868080258,12.7079037388842,12.9974579974155,12.7079037388842,49.0427018117135,12.2161075402334
"5898",4.61663037833254,4.01885834787811,4.20308127804833,4.25888915282809,4.39767034584571,4.39767034584571,5.58910884602175
"5899",6.29745759626724,17,17,6.08118930974591,6.08118930974595,6.08118930974591,6.08118930974591
"5900",10.5827869381654,10.1728915228038,10.5428580961913,10.5598377575558,10.5540440876157,10.5445880570455,10.0597944514025
"5901",4.32230550597528,4.32230550597528,4.32230550597528,4.32230550597528,4.32230550597528,4.32230550597528,4.32230550597528
"5902",6.22299523580818,6.19616029204782,6.22299523580818,6.21034592067044,6.22299523580818,6.23497701319619,6.22299523580818
"5903",7.03234975418558,7.17216228071826,7.0537801330636,7.0745835568219,7.03234975418558,7.43770277535095,7.11119291274036
"5904",6.57367676118792,6.83798775570118,6.57367676118791,6.57545348386749,6.57545348386749,6.57545348386749,6.57367676118792
"5905",9.92564074237064,5.45447472131038,5.45447472131038,5.45447472131038,5.45447472131038,9.72883887035399,5.45447472131038
"5906",14.8952468394002,5.82076042159269,5.70146976151153,5.83118521931495,5.82076042159269,14.7620955283757,5.82876815747303
"5907",4.76956802836999,4.82757379448823,4.6665545613958,4.63097575221569,4.6665545613958,4.6665545613958,4.93217730941679
"5908",23.3547131051168,12.9111671640865,12.9111671640865,12.9111671640865,13.102677696027,23.1349155453892,12.9728815798779
"5909",7.11975727235042,2.64815695488557,2.63135068183179,2.64815695488557,2.64815695488557,10.0535809922253,2.64815695488557
"5910",55.845691720938,21.329226152717,17.6042642573125,50.6767437454292,18.4570982356065,61.8396475098141,22.0389853056173
"5911",3.73113892475226,3.73113052241493,3.72028410130645,3.73113892475226,3.73113892475226,3.70282473010371,3.73113892475226
"5912",11.2863850269748,11.2863850269748,11.2863850269748,11.217106195061,11.2863850269748,11.2863850269748,11.2863850269748
"5913",7.17576242707399,8.78058642233184,7.17576242707399,9.13047737729208,16.207348726407,7.17576242707399,8.78058642233184
"5914",7.40831485954672,18.4953839844007,15.6443123665245,7.43436290449769,7.13035563174041,7.13055390204502,8.5230371480712
"5915",13.7571949928156,14.0566969831391,13.7571949928156,14.2328729915309,14.4251690286966,14.4161415604931,14.2815005344168
"5916",17.09577744656,14.5133224908426,17.0107730556712,17.0115390751448,17.0044488944838,16.9524844161765,14.3431183749839
"5917",11.6301849568462,11.7931414451573,11.6187563156248,11.6301849568462,11.6301849568462,11.6301849568462,11.9056998423882
"5918",6.34274611054355,6.36683233921508,6.29392582306558,6.33347577799701,6.43835970556454,6.45992186925421,6.36879803121081
"5919",5.18947086449943,5.18947086449943,5.04664938834362,9.77747091541973,3.24299435909732,5.12309831182164,5.12453811773483
"5920",7.09283162580587,7.37969843835773,8.21106962064094,8.27275014009866,8.22049559592059,8.22049559592059,8.76359427727372
"5921",5.13480483592714,5.99461485877345,5.09598837646007,5.1019381990543,5.02987515960797,5.04387412178762,6.00003650388987
"5922",4.49552315967612,4.88092379438149,4.86903073232761,5.12290702892927,4.49552315967612,4.86895500573022,4.49552315967612
"5923",25.8214009250821,5.92653007884753,7.86410425253742,7.88132684384158,7.78935210028591,8.01692218324367,6.14815485880547
"5924",6.34712527393254,4.288536092643,4.288536092643,4.30642320190007,4.288536092643,4.288536092643,4.288536092643
"5925",4.0088111096323,3.91497046825144,6.46496350056024,17.3452513957343,8.86203884705622,17.2355299291989,7.32559238678877
"5926",12.0494433176476,12.8737928308415,12.8737928308415,12.0494433176476,12.0494433176476,12.0494433176476,12.0494433176476
"5927",10.6343060687537,12.2190771355841,10.9361364047425,9.51916360490777,10.6337922105953,10.6336832182051,10.7007696017977
"5928",4.04022194895841,5.3573856396266,5.45347611993319,4.08025254856844,4.04022194895841,3.92316125941305,4.0170184606586
"5929",2.85570086505149,2.86250325808608,2.86769888854539,2.88859597802921,2.86769888854539,2.86769888854539,2.83210796783118
"5930",6.18975390150709,9.64481631670849,7.96596330222122,27.3770669143035,8.72399212217236,18.8342707243274,10.8475400312051
"5931",7.06661040563707,6.88381647498687,14.4073042253243,45.1631409042306,19.7890131347117,29.0198297061806,16.0406820982184
"5932",7.66516159065936,10.1994553857883,7.68061924980061,7.80011222852013,9.47448550228655,9.73146855455057,10.1183357307517
"5933",9.20277779161352,9.66716880926612,9.66634172671704,9.66534945564047,9.68417863771746,9.71425026488305,9.66612907626647
"5934",12.5003789719197,13.7421865388473,13.7421865388473,12.5003789719197,12.5003789719197,12.5003789719197,12.5003789719197
"5935",9.02319751432713,8.80700803503663,9.02319751432713,9.02319751432713,9.02319751432713,9.02319751432713,9.02319751432713
"5936",12.1375052612921,12.349643035887,11.1322260114024,12.7067544436412,11.1322260114024,11.630422391979,12.1380952477066
"5937",9.42628298430261,8.57144978300077,6.58621121536488,6.52732252070934,6.55043247528815,6.57582997953838,9.56644570473367
"5938",9.43070562988873,9.43070562988873,9.43070562988873,9.43070562988873,9.43070562988873,9.43070562988873,9.43070562988873
"5939",14.882161463966,14.882161463966,14.8253681265487,14.6132834971448,15.0405704213375,14.882161463966,14.882161463966
"5940",11.0899247400062,11.1806160859517,11.1806160859517,11.1806160859517,11.1806160859517,11.1806160859517,11.1970065758838
"5941",54.2776398131515,27.1080383776502,30.3570321514672,30.4108739314655,30.3347542138931,30.3529888545349,30.4108739314655
"5942",34.3645550768912,7.12127215402526,10.2009048750312,10.2926486337802,10.4942610234323,10.0368407352972,8.88129546995693
"5943",23.3997634103781,8.57085617610136,9.17981586813896,9.17661529821613,9.1807274725908,9.1779951070382,8.62610909133558
"5944",31.2520598824654,9.55234314426451,10.6412473825614,10.7549778443056,10.5579542934104,11.1287016862246,7.17382290266158
"5945",18.8042939689453,10.501804828204,10.3884931183542,10.4055753818625,10.4023162671667,10.3840813889651,10.4100154560398
"5946",29.3007016378736,17.377895145105,16.5571880059397,17.385866065649,16.4145082953643,16.8913014348437,15.4359940692356
"5947",30.6715752517979,12.0860183243044,13.5763475443534,13.628007764438,13.8132959278306,13.4784523583222,13.2459172914611
"5948",58.3509736085443,30.545036326347,32.640338388315,32.807389115776,30.9664653837338,29.1689180627165,30.6310061809263
"5949",15.0013907690401,8.86236872665581,8.73900807924782,8.78129199625287,8.98652609677228,9.06540969603195,8.26523441960676
"5950",18.7920399374651,9.06142408365857,9.00256581921083,9.06439911571706,9.04978642808038,8.98935480831599,8.9820100876082
"5951",28.2169577732501,6.87076449204495,8.82945509228019,9.47295324597748,9.40192269935223,8.17864384819352,6.73299451133873
"5952",22.4277820383561,5.32180373868655,10.3189543563353,10.6858915374355,10.4436448717572,10.5287937883559,7.01801356727087
"5953",20.8465498049322,10.4876819627815,10.3946678308829,10.4258431324107,10.4243456775689,10.307246873843,10.4325055673101
"5954",16.214150486283,6.88738360202334,10.034423617402,9.9247052678317,9.9247052678317,9.75511040440573,6.75816110190672
"5955",32.7345461865694,9.48838554749249,11.8386378895097,11.9635527936667,11.3982140114122,11.0197994210841,9.01104285539105
"5956",23.4826356005977,15.2920761654073,15.8351608938383,14.7625886748438,15.0711821641709,15.6170787060144,15.0204726617234
"5957",15.9760670918029,8.73739208479023,8.71734763806385,8.73055401351238,8.73055401351238,8.73168297479993,8.7309640557661
"5958",108.980712630658,49.3723280135097,58.1522618452482,58.6721159312796,58.5749898317691,58.684211833827,63.2238647134587
"5959",95.9699238661986,21.3909287671702,32.5126609188371,34.6821749020421,34.7933999749248,35.0389832659498,34.3359882996602
"5960",76.1380221351101,18.3411664601543,26.070575874057,26.1849978184087,26.8528110101152,27.5301952809858,24.9338278951801
"5961",89.0474948145381,36.0992073599656,47.4232778006481,47.0257108511759,47.9064371714641,47.9179850879514,48.4569368909956
"5962",85.2919712508698,27.346187881115,31.5403161766234,33.9775371830263,31.9227610386788,33.0064833817511,30.7540289260591
"5963",49.0137796973124,16.6065572192187,21.5120946628959,21.6178555859146,21.5108645120449,21.5134056976369,18.760387793202
"5964",20.1702598902895,12.0042417203278,11.8137285361584,11.8202060675224,11.7297810213188,11.7297810213188,11.7297810213188
"5965",103.147333094685,24.3046087897056,39.8177762427921,39.9706661679823,41.0259132887017,41.2862289908684,33.5372317935614
"5966",47.5973234156728,10.7321548514983,17.6997543562451,18.3196087397217,17.6481938573674,17.3830789325907,17.4829128669778
"5967",44.4059740640225,8.29856176177468,15.0339445623925,15.3681912790624,15.4264176297445,15.3672364708627,12.0206310867523
"5968",40.5864464539957,15.31597408949,16.2593253294657,15.5503767516009,15.9427612074264,15.5627487292587,16.2811469074327
"5969",39.4176025200604,7.24922408161255,12.2909790578789,12.6660411316795,12.6343896636416,12.6627560667284,9.52161353023585
"5970",78.0268163340859,21.8587261152322,37.4592390222237,38.5536129204649,38.6069710134923,38.6458701317627,34.6416193401839
"5971",29.0380072280724,7.63024674476697,13.4106359554068,13.5926118397076,13.5579115314396,13.6400108392769,10.9089442139115
"5972",36.2646250678172,10.2856765768888,12.2611198547812,11.7492090601607,12.1482625937944,11.5485736034836,12.5283589199842
"5973",20.7397674470653,9.04393323959732,9.01433500024442,9.03117035838451,9.00931633929402,9.06129385195927,8.97929943449227
"5974",21.9383743839544,6.85939469949171,10.4546404923575,10.601044938986,10.3909116624403,10.5410198943116,11.1967989487717
"5975",33.1262139336566,5.00785621248573,10.1010511587035,10.234321233747,10.5452190161176,10.6578873300284,8.5522259250657
"5976",128.004713651691,20.2098493053603,27.4422265191031,28.5810921005096,29.4529207228916,29.3011196646975,28.2857487870612
"5977",74.7421377288563,21.0029727794912,19.4469408093035,19.4992134707494,19.3009642903176,19.6327457534179,17.714761858521
"5978",52.0179925256975,12.6650637055657,18.6678771750614,18.7809583097824,18.0787824340492,18.0798506153757,13.6429411008877
"5979",101.428902788088,38.5299003154866,50.818354086934,52.2505656922335,53.32880009529,52.624006663777,46.672855397402
"5980",51.0741409758862,18.2098262325132,19.5591377401682,19.5626373517412,19.5569873946631,19.5567663598522,18.1845108517223
"5981",42.787201488747,17.2466208158985,17.1948446778242,17.3412557959369,17.2003571265406,17.3597459184758,17.2005969873093
"5982",105.122256408792,45.835409077412,50.7032994306861,50.693349281241,50.693349281241,50.693349281241,45.6907357861272
"5983",136.781609655656,36.4403709795061,41.1068131877658,42.9158604762155,43.6275537514594,44.2581352430697,40.7807557948582
"5984",111.94162528506,34.2593421451592,39.9630841441627,40.7838534163673,42.8899613059154,44.0180008451354,46.7979384708546
"5985",97.9148824926308,44.0823953868076,45.3562008330366,45.342147596539,45.3462774363045,45.342147596539,43.8912912119734
"5986",112.669664695819,38.8444030681142,39.285142297517,39.8301516922768,42.3575284595717,39.7130298986412,35.6357691100156
"5987",149.521783592332,38.4722085996469,41.7932686803522,43.3063717234028,45.7091751912246,45.5387628265742,40.7111214046597
"5988",73.4124262599482,15.1505196066673,20.3241469803069,20.557741823525,20.598224773029,20.6178299052366,18.8087264834809
"5989",102.092898406037,25.5036295220295,34.1681628103629,35.1125535936057,34.1530379008582,34.2905900432735,29.8757383856358
"5990",122.476416986449,28.1317843296502,28.9446835248955,29.8573272628947,31.4554983263048,30.6398808084412,28.9593746625622
"5991",77.8897508186873,16.6566153247028,25.8610565993711,27.0603574630343,28.3279389189443,28.382306398263,24.2937740883596
"5992",54.5815296405548,17.6451311816177,25.1127908251009,24.6822894655732,24.4525797173024,24.459003030712,20.6900799594219
"5993",5.56666337445861,5.56293754362629,5.63087806028126,5.70950384605637,6.61428215803884,6.60051372964762,5.08446930247749
"5994",7.14749367008152,6.67114984621103,7.16268953074578,7.08823297826139,7.05425068367325,7.2016011665202,6.58971622835887
"5995",9.08071264679354,9.05034513845649,9.1659563214382,9.14488478333312,9.1765062905997,9.1765062905997,8.6901262717893
"5996",4.59807709253218,8.19187010462419,7.06045431213404,4.58096447034939,6.98530542291115,10.5713594251014,7.65588496360935
"5997",5.07945803024895,4.96965703504716,4.91621897701474,4.88046305472214,4.80346610856893,4.73913326546844,4.84405665364755
"5998",13.1571130473354,12.3748660309414,12.5120300239012,12.4059864561655,12.4053516433607,12.4053516433607,12.399813518137
"5999",19.7270472870507,20.6270979685404,19.7270472870507,19.7270472870507,19.8784400888594,19.7270472870507,20.3903049995581
"6000",12.2870282424539,12.2870282424539,12.2870282424539,12.2870282424539,12.8144421813244,12.5574801502529,12.2870282424539
"6001",54.2619758715004,57.3325569427726,53.2356331642414,53.3959107945601,53.1089680743552,53.5609149475805,56.3128096540349
"6002",44.9640053773831,47.2839067098129,44.8412934399121,46.6437875021167,48.3026297493331,47.469328931607,47.7406832570372
"6003",23.8456686656986,23.449298221945,23.1094043213032,23.5222180433323,23.2354682134482,23.1094043213032,23.1094043213032
"6004",46.5980601416916,51.2880423376452,56.3238333370322,53.9269076010732,53.3425879353131,53.9507428742298,51.9819157062893
"6005",19.1941771164095,19.1941771164095,19.1941771164095,19.1941771164095,19.1941771164095,19.1941771164095,19.1941771164095
"6006",24.7879080969276,31.2852558108841,39,39,23.9735110846258,23.6281515125861,22.5450337906803
"6007",12.8243804178742,15.3907635894011,22.8114394597009,22.5015823812116,23.1086378773983,23.8330482848343,14.5290681707594
"6008",7.48986745631995,9.15590141532186,7.38456523126832,7.48667520652738,7.45912409421179,7.45912409421179,9.296746058165
"6009",21.0983362706785,21.0983362706785,21.0983362706785,21.0983362706785,21.0983362706785,21.0983362706785,21.0983362706785
"6010",14.4968293559202,11.4733007718452,14.3318813712853,14.3466700384498,14.3970588347571,14.434165380794,11.9261459710829
"6011",91.3999190057328,91.9500801728664,95.5250790569735,95.5250790569735,95.5250790569735,95.534302807613,94.2012477808244
"6012",54.9042582861558,180.391639929319,146.563476072115,62.372396719397,54.3441563972113,187.508863454802,65.9991218939067
"6013",69.5669449368791,181.947068471464,182.467602487376,76.2569184138674,60.3194495598406,164.761757043473,70.3756858221349
"6014",72.4817683611738,157.244307298865,132.246516017294,84.9254753255319,84.9254753255319,134.404214229513,84.937734934264
"6015",47.3488717796597,145.298274317542,136.759587846228,60.5845958376445,45.526716940151,147.555402337654,62.7143612258699
"6016",50.4802386532737,190.985810177836,201.026312424239,62.3647981056593,49.1180332425283,100.203054774684,49.8446516874606
"6017",44.2104659247394,171.669312609645,169.097790350388,58.5416136437826,45.3966321977539,136.697712736289,60.8837629583893
"6018",62.5841703738277,199.545424634245,151.262557480653,77.3320418176655,62.7257226176161,154.049079126234,78.9463934599613
"6019",40.1129431072405,121.090964699842,118.861414680527,43.6741173940019,36.235314223592,81.2547242314014,43.2459242049032
"6020",66.6050853788685,168.177224250478,153.459246635667,74.6114707448054,62.1033988208213,171.508407925849,78.0390805956847
"6021",29.6656726843644,147.712671636001,126.800250641403,33.6412326467801,27.6067653709685,110.110342217109,40.2525176240796
"6022",28.2257573031541,105.356742520431,91.1578732325883,36.4789514859053,32.1919921705316,111.42067391716,36.2257744413036
"6023",15.5217054799839,35.9371494015391,35.9371494015391,19.3375655030014,19.3375655030014,35.9371494015391,19.3375655030014
"6024",40.4455709518848,54.0540555469227,63.758953805443,42.5812542751136,39.8140900741419,69.440099790232,33.8858953821363
"6025",18.093388459439,45.1922487025038,33.1818667672805,16.2203190726219,16.6739446564955,44.6762005330072,16.3099024033811
"6026",39.9850982593404,127.365005420715,95.3686801307298,47.9686003552124,44.8008650414821,126.863873568426,47.3976635529625
"6027",9.81211111210106,8.1844376946929,9.83072164980196,9.92181882664272,9.8190892071099,9.66910713444448,7.87985429643702
"6028",7.12002256844805,7.12002256844805,7.12002256844805,7.05503330282077,7.12002256844805,7.12002256844805,7.12002256844805
"6029",12.7155844119573,12.7155844119573,12.7318222101006,12.7155844119573,12.7155844119573,12.7155844119573,12.8492071434393
"6030",25.8174003583189,111.164469775127,139.976484403371,42.2190464095098,24.7558434525974,53.6073415077403,22.5449822732324
"6031",34.013155034546,84.109687163136,82.4244101213704,42.8623015820059,34.0020751487555,84.109687163136,42.8623015820059
"6032",36.2784692010994,132.588796211015,132.588796211015,43.37153539244,36.1220293524944,132.588796211015,44.6178719923936
"6033",7.67880812789508,7.67880812789508,7.67880812789508,7.59757021668448,7.67880812789508,7.67860175859278,7.68446808726217
"6034",4.69770253413634,4.69770253413634,4.69770253413634,4.69770253413634,4.69770253413634,4.69770253413634,4.69770253413634
"6035",6.6969918617354,5.11085722399044,6.58028922448288,37.3056496962427,7.10218258079579,6.59558565436403,30.1377985349374
"6036",7.27268485625122,7.25371068555432,7.15388284648972,38.4358163334826,7.17690688015649,7.221451462802,38.5461418998748
"6037",11.3006198632385,13.1636065583954,11.9036742361093,48.3421298566557,11.9212595095218,11.3302240252038,56.5382652200032
"6038",7.00336602219141,5.31528041513136,6.83512430171625,52.31487955706,5.34206724637251,7.13100290976011,40.9149814258801
"6039",7.21156322872195,4.69836160506879,6.6883913475833,38.0745310185894,5.83358840672472,6.65975236955131,27.9662237785434
"6040",9.52392281189235,8.60873896651574,9.57802564240486,39.0532806074384,9.65077217863472,9.65077217863472,36.0269114937877
"6041",10.5797635654813,10.3190033336134,10.5305711317082,46.784217537179,9.74774072424882,10.5401799388464,31.8593922410006
"6042",44.3371106785545,44.3371106785545,44.3371106785545,44.3371106785545,44.3371106785545,44.3371106785545,44.3371106785545
"6043",106.35217224651,469.225491252916,255.065062349292,100.719307271438,405.536969276226,103.019073675447,118.872201268073
"6044",20.543381257408,25.3417615799296,22.7440598458898,23.2671266696557,23.764184373364,24.8035377366944,28.2667154091709
"6045",34.8244857782889,34.3425460384614,32.4538667343129,34.8244857782889,34.345234950955,34.8244857782889,34.8244857782889
"6046",19.9280814287609,19.9280814287609,19.8440300779255,19.6145189676319,19.4757447268474,19.597583244082,19.9280814287609
"6047",87.3273881023569,422.199656805593,384.703155974533,85.877138071019,342.037334716107,201.589330433901,99.0085574749971
"6048",32.9420839747108,35.4259443388224,34.0469272116257,34.1464793906823,34.6936583192535,34.4692108445276,34.3933735413924
"6049",131.635409395033,523.733381626452,105.47105684526,143.647876292261,476.220649253426,106.191697263866,138.923145156258
"6050",34.1499290973328,34.1648879916253,34.1499290973328,34.1696332573641,34.1592126873132,34.1499290973328,34.1574072267949
"6051",30.951438195234,30.951438195234,30.0170952810979,30.0170952810979,30.0170952810979,30.951438195234,30.0170952810979
"6052",50.6976841945641,43.3477265560098,91.0886928269494,106.471694218137,111.722869625415,83.9960217136805,31.0285763405348
"6053",11.0957604079407,9.82191778821149,12.7642396090879,12.2477327837754,12.5054109949238,11.7316808662864,11.96479964159
"6054",7.6038418097994,9.5134409756335,7.78671841973389,8.73983482925474,7.90637159804067,7.90637159804067,9.78553689859031
"6055",18.991910822207,18.9934506321612,19.0001948197641,18.991910822207,18.991910822207,19.0236932529279,18.991910822207
"6056",12.9591082862849,11.4320853017613,11.4425517592633,12.3752019744047,13.1498234040532,12.8346942558109,11.1084979425262
"6057",25.8998270736851,25.8998270736851,25.8998270736851,25.8998270736851,25.8998270736851,25.8998270736851,25.8998270736851
"6058",127.31585533206,144.282088956211,128.044252345359,127.182236878853,127.332662758155,128.571142275358,467.135004100169
"6059",156.010594092308,165.007775133085,152.207836963149,154.367997258053,154.122505699289,154.810860434602,378.984035206302
"6060",252.092708672832,252.100435296681,246.843529522984,252.078171263648,252.101930734784,252.094010584116,558.967803301956
"6061",37.4738662362063,60,35.879515090161,35.5091158493237,40.3398689016831,35.2412077987574,40.3398689016831
"6062",41.2007056535131,40.1433100783276,39.310320242474,41.3319805391139,41.7562231249222,41.7562231249222,41.7592416545798
"6063",13.6053506897718,17.1236304344952,13.2156252766475,12.2334451989067,12.2542801494218,11.6792625234291,16.7612944460109
"6064",14.3707973926159,13.0480143673781,12.7899546131996,12.7899546131996,12.7949321056507,12.7912713766371,12.8809612393394
"6065",5.07534311145841,5.65294606881912,5.07534331061866,4.99620517980167,8.08047162532104,6.05173136804712,5.65294585740418
"6066",6.26253129553111,6.3237549269073,6.26253129553111,6.26253129553111,6.26253129553111,6.26253129553111,6.19269488697291
"6067",7.6437720106965,6.80372898649846,8.66721639697577,6.80372898649846,6.80372898649846,6.80372898649846,6.80372898649846
"6068",30.3239380615879,14.209356294373,11.8905736625666,12.1758718142629,12.0694728642953,40.1938685919596,12.7464317688958
"6069",5.46983153288764,6.95581166199733,5.5060615147862,5.51935356308402,5.52320664576143,5.49956974896158,19.7492688593707
"6070",19.1961234654549,12.8446857370494,8.59944006681663,31.3913502099307,11.9055006117575,8.11225238203294,10.8946609157978
"6071",6.35138701684054,6.79667170220419,6.35138701684054,6.71127901860708,6.74592076657058,6.35138701684054,6.54363123486167
"6072",9.3725444124276,8.64523952454801,8.70293318052522,16.8533470095587,8.70508222622244,5.15409894386205,7.89929453087134
"6073",11.1036171396326,10.2543718951632,32.4778921002788,5.42011308476273,11.0137480485529,19.7319272896907,10.6456852686928
"6074",5.29233541825081,5.29233541825081,5.29233541825081,5.29233541825081,5.29233541825081,5.29233541825081,5.29233541825081
"6075",5.37281981913525,6.8302774403871,5.38244285527967,9.79023823864279,10.7454581205228,6.75968669598183,8.85541406076622
"6076",11.621799591771,22.4313080157369,15.0824301810401,15.2127053738181,15.0193203123801,12.6230331695381,10.6241072440753
"6077",6.1201988933162,6.1201988933162,6.1201988933162,6.1201988933162,6.1201988933162,6.1201988933162,6.1201988933162
"6078",11.7487043790478,13.3623383065187,11.8120130112321,11.8120130112321,11.8120130112321,11.8834861423066,13.3467607101694
"6079",5.32620283106116,4.41293806841919,6.29323066781803,5.65957451295304,6.15882225556407,5.29192892568547,4.51599119797467
"6080",2.13794741275159,4.00240449217258,3.29897295372551,4.00051482933521,5.26854451698712,4.00098727353744,2.53357064989552
"6081",5.85049102939163,5.99498977523607,5.85049102939163,5.85049102939163,5.66163664086054,5.85049102939163,6.00526831907736
"6082",2.72410612486832,2.72410612486832,2.71471224100145,5.53089704764731,2.72410612486832,2.75184502200959,2.72851478989464
"6083",13.9796461943573,25.3205619922543,25.2195739476613,24.8326853440249,24.8387069174254,24.8406184379252,86.8154891071549
"6084",13.3020753678432,13.0274179183652,13.0274179183652,13.0274179183652,13.0274179183652,13.0274179183652,13.0274179183652
"6085",7.91066919382583,7.50327690722427,7.97466418355242,39.6252015487594,5.91195092370724,8.57767076414195,38.6295842512989
"6086",7.56614444133755,7.5783120442953,7.57338985423876,7.56614444133755,7.56614444133755,7.49481210729643,0.246622562194126
"6087",22.3204251797307,22.3204251797307,22.3204251797307,22.3204251797307,22.3204251797307,22.5666357051283,22.3204251797307
"6088",5.94849152579882,5.70555969909187,5.58525926025844,5.80642652500286,6.0554445955996,5.77294151026032,5.26134125321814
"6089",6.72628015872977,6.72628015872977,6.72628015872977,6.72628015872977,6.72628015872977,6.72628015872977,6.72628015872977
"6090",17.1342446321068,17.0837374947054,17.0715803246683,17.0715803246683,17.0715803246683,17.0162148792578,17.0715803246683
"6091",8.88149870734196,8.88149870734196,8.88149870734196,8.88149870734196,8.88149870734196,8.88149870734196,8.88149870734196
"6092",9.04270481673339,9.54328422622515,9.05561405050838,9.05561405050838,9.05561405050838,9.05561405050838,9.54328422622515
"6093",7.23505379856992,7.16487520859178,7.16487520859178,6.99722718548385,7.01344818254293,7.01344818254293,7.01344818254293
"6094",3.6742808790609,3.66071771493791,3.65344666288207,3.6742808790609,3.71556648939074,3.6742808790609,3.64296247241809
"6095",7.88456976656728,7.42409923388904,7.38617289782163,7.38617289782163,7.38617289782163,7.25587060461167,6.43550739523774
"6096",3.6862898821624,4.28900205901478,3.66358870268363,3.6862898821624,3.6862898821624,3.6862898821624,4.3055193045608
"6097",5.11829102587784,5.11829102587784,5.11829102587784,5.11829102587784,5.11829102587784,5.11829102587784,5.11829102587784
"6098",28.6538141220645,17.5015109936999,12.6931727795844,12.9542947126709,13.0733269057195,12.2277491318476,14.6818305704085
"6099",14.7137737125751,6.97620330758708,7.67596754224913,7.54550093582131,7.55908227099619,7.54550093582131,6.91960646078953
"6100",19.4236899116152,19.485164494699,19.6266773077589,19.4236899116152,19.4099304555215,19.4236899116152,19.4236899116152
"6101",48.268981985035,48.2457732331675,55.0752270496019,53.0661325257039,53.5965123763705,53.0661325257039,51.033591737649
"6102",97.8761407541828,97.8611477615982,97.8611477615982,97.8611477615981,97.8914896030138,97.8611477615982,93.9630582584831
"6103",11.3660913094617,11.3660913094617,11.3660913094617,11.3660913094617,11.3660913094617,11.3660913094617,11.3660913094617
"6104",35.2312762888942,37.1566265503085,58.2619234162209,65.1274514647006,67.2528521245087,65.017347898277,33.2451870019617
"6105",14.7763020175495,11.412793347115,14.5386530545614,14.9096704740288,13.6790968171991,15.3048838195811,11.2421452878399
"6106",15.4885915603179,7.86207073477882,15.0987257826206,15.0195664398901,14.6780608791552,15.0065277052054,7.86226605878828
"6107",9.21432699449691,9.21432699449691,9.21432699449691,9.34730374252302,9.35610960148355,9.25823076989015,9.23934021616302
"6108",8.94970445193551,8.89756496215831,8.89704539996225,8.94970445193551,8.94970445193551,8.94970445193551,8.94970445193551
"6109",4.68690254246874,4.68496712266047,4.68870065899921,4.37397611011507,4.27670829051667,4.8520185564762,4.37407036778171
"6110",7.59017937553802,7.9825709315657,8.21449050511985,8.23322971337631,7.90995348374367,7.59017937553802,7.73284107379369
"6111",14.650325214148,11.5096012067288,14.9530565807278,14.7992245851523,14.8050756094043,14.9805112109302,11.4082770632809
"6112",12.6098333128569,27.9579072062281,19.4938419845074,12.5912210369427,11.8782203296987,25.5077594181653,7.83882340621576
"6113",7.33795734781757,7.31372034187319,7.34053236869579,41.3223040449643,6.468734386247,7.3338044564266,41.0606198784632
"6114",28.4204937802707,14.0345959846042,14.0345959846042,14.0345959846042,14.0345959846042,14.0345959846042,13.9902352513245
"6115",23.5217955059874,106.034675175896,92.5058911298959,30.8106147504492,105.882109794882,30.2182707461894,24.0195629570044
"6116",7.25238132324083,7.91979055126859,7.12228065235968,7.12228093534494,7.15248746040846,7.12228093534494,7.92453909046757
"6117",15.4879274472913,7.71196198494937,7.71192396681417,18.7404975330516,7.71192396681417,7.71192396681417,7.71192396681417
"6118",6.16747322037826,7.37598502554312,8.63030448639379,11.2978260394281,12.5447367141239,5.83161413531588,7.39218050865167
"6119",4.49676975979667,4.49676975979667,4.49676975979667,4.49676975979667,4.49676975979667,4.49676975979667,4.49676975979667
"6120",4.18051968682429,11.1880531810487,9.14750542412378,2.89681745809931,4.1493536874623,3.94634904338731,4.1493536874623
"6121",4.29113363760396,5.145367759731,4.31800225418561,3.88550373283928,4.09463907693435,16.1484269810294,4.99833359438739
"6122",30.0305127704751,29.8491019409997,29.9020703304364,29.9202153498369,62.1718458313369,31.0112807898933,74.0015735328328
"6123",18.2680701574845,14.155010579652,17.6160611456699,17.4147730748042,53.9497791676549,16.8274081441927,56.0062983257019
"6124",35.6464513482802,35.1548697371497,34.961158701993,35.5486461808126,75.3007941172479,35.1548697371497,90.4396380841995
"6125",12.2075135651078,10.9011878705305,11.7020754209108,11.5912113359742,41.3640934149247,13.4420835230974,54.9662313686636
"6126",25.6875705388204,25.6776163047748,25.6776163047748,25.8047812410213,79.1151535498255,22.886362190368,105.415650299038
"6127",11.9342385809369,11.877149033136,11.9488232562164,11.9488232562164,31.0096694736002,11.9488232562164,35.4135827476172
"6128",46.589265798868,46.6426367108971,46.589265798868,48.3354280958958,94.9230188539361,43.2221911248531,108.396997530225
"6129",14.9115022289192,14.5900988187386,15.3445817453238,15.2674963445622,36.9376276269756,13.5995682318164,37.6295142721791
"6130",21.7667180422099,19.1840574682741,20.8699641551985,21.3956371219611,50.6577883110589,18.4388370283735,49.7116444838451
"6131",21.3340693957195,21.8620826314934,21.3644367519606,21.8452273796248,44.6067663966147,22.056321727386,53.5521728412305
"6132",29.9401497708938,33.9619281578508,29.9200441322073,31.2859732431933,61.0341511043806,28.6215450766186,88.0628278430571
"6133",27.8733488829895,22.9310605499164,26.1528480910866,27.1374521590683,62.6543079172496,24.6224360396641,72.8981897071874
"6134",16.082545275131,15.9864713358408,16.082545275131,16.3691652827766,31.652791612945,16.082545275131,35.8612159211785
"6135",37.1859127881993,41.8560535881006,38.121006212175,42.6243700447982,80.5893845187937,38.800399551743,112.038354806559
"6136",21.0102486593866,15.2621941685639,19.9176879624266,19.8843084522477,83.4637764507402,18.1959656373256,93.1872869319788
"6137",18.4454474759946,18.5305119091349,18.4454474759946,18.3923745718006,28.7877554327737,15.9031872040434,32.387030159214
"6138",33.2441081394964,29.9669798973955,32.627029601143,33.5784465909153,86.1998422800599,34.1143196670666,97.7994835392197
"6139",11.996057645785,9.61563717961674,11.3884407645961,11.6275436161787,31.9871143925501,10.7025874925457,35.1517586637399
"6140",24.9112825991151,24.9112825991151,23.4385148862161,24.9112825991151,65.8664696238941,24.9112825991151,84.8507686251306
"6141",38.391279484743,38.391279484743,38.391279484743,38.391279484743,67.7229577999427,38.7699849035382,78.8219409042025
"6142",46.7493007979979,44.8208293896199,44.224728047952,48.4032842662782,111.377606129076,40.2833839396899,129.382129004836
"6143",16.5385187819171,16.5385187819171,16.5385187819171,18.3314044207927,32.0576848023411,15.7146727546648,37.2309907277874
"6144",27.8123212763582,27.1577982773249,27.9513350583366,28.9843722711725,86.0738386102754,29.0239286152674,107.532842081051
"6145",31.2382415836787,31.2382415836787,31.2382415836787,31.2382415836787,71.7325829280264,30.8761385097799,88.5623884552282
"6146",38.0128105741753,38.0128105741753,38.0128105741753,38.8473572582228,75.7947909502965,38.7168487980777,91.5052928469123
"6147",4.73611186511136,4.73611186511136,4.73611186511136,4.73611186511136,4.73611186511136,4.73611186511136,4.73611186511136
"6148",5.88718916559637,35,35,0,5.79110286600558,5.92404440683527,5.90512175627085
"6149",154.452100783238,144.871219116352,147.835218320508,149.825098966355,148.55463784635,150.644090434322,149.085745235637
"6150",685.726697029014,685.726697029014,685.726697029014,685.726697029014,685.726697029014,685.726697029014,685.726697029014
"6151",329.969607557366,327.566240898938,329.969607557366,328.826555767996,329.969607557366,329.242399799739,331.830950967676
"6152",493.620578304921,493.373169952464,493.309544445979,493.037562497948,493.362681423996,493.457012950008,493.301816881276
"6153",201.586035177736,201.586035177736,201.586035177736,201.586035177736,201.586035177736,201.586035177736,204.568680836133
"6154",242.361610665791,259.70814353514,247.286808722645,235.702516832677,258.92816417351,237.406635345607,254.988268597597
"6155",157.211201917498,157.211201917498,157.211201917498,157.211201917498,157.211201917498,157.211201917498,157.211201917498
"6156",74.127077292624,78.4894173980585,72.1991179636524,73.3176087795962,61.6951607258222,71.6106580533655,82.5624529734158
"6157",115.365894765778,114.876077264823,114.383344825035,115.22283980614,111.915519367559,111.715921240169,114.172565137885
"6158",54.0784534835923,53.8127354534318,52.6605722624993,51.2997277987469,53.1196453737863,54.2246452392999,109.379102706805
"6159",37.0832751803978,74.3420165943897,67.4156796827399,33.7649459976081,36.8340606644261,37.2667195380658,37.0358596151181
"6160",7.55256526269624,5.4748535689906,7.36770091690267,7.46319863554673,7.80625617920131,7.42944849016947,6.06053259322179
"6161",42.1140511431648,46.0910500168894,43.0949226005935,42.5003880700355,40.0229399105813,41.8726304862078,39.7755870176875
"6162",16.2193708943867,19.53729470989,16.2193708943867,16.2193708943867,17.1896591812951,16.3311445117152,19.53729470989
"6163",32.7460722796925,23.5686622034705,22.0132139479001,11.9511446730929,8.97352512716991,22.661446438093,19.3143858001665
"6164",5.06015649179476,5.06015649179476,5.06015649179476,5.06015649179476,5.06015649179476,5.06015649179476,5.05595921793387
"6165",17.6210752758629,16.3934945687402,10.9185257454002,7.60876736848902,5.72182698747878,19.3265539335303,21.3149826984298
"6166",8.97030837265851,10.6533852458969,9.78085158587619,12.0388266846865,9.28496729042208,8.73538069416546,8.0202186950331
"6167",30.5424037058897,26.1161698548164,18.482698542759,14.3102200481686,10.7635135895638,32.3379998331321,30.4826349009739
"6168",6.01224330508481,5.77276625640562,4.2795453401955,4.23959478650195,13.3005813023933,12.2356866734651,10.7451393449388
"6169",7.51875284672856,7.05832847239397,7.97566868908363,24.8763929144793,12.2749554371804,4.69234976826879,5.9668291059149
"6170",3.70154933633555,3.62170871796042,4.19219141643856,9.21737802420011,4.58037101106925,3.6655286553979,3.62170871796042
"6171",16.8305952258923,16.2548154827506,16.1689987043909,16.8185713427411,16.4287341538432,16.3030709231584,16.9952135858281
"6172",10.4091899037842,7.69180878989274,10.2034595416526,10.2034642217872,10.2034595416526,10.1974065451604,7.69180878989274
"6173",15.4219283761128,11.986674700636,15.3848331073127,15.939582851505,15.5241120626406,15.266899751526,12.4117701546235
"6174",18.2876918785676,8.27737716319428,12.3668063846985,12.3699989661446,13.27402568282,13.4843792810649,9.20176949789967
"6175",22.9154415160572,8.41427308693601,7.07596588388898,8.88187857703021,14.2132319718183,16.0381121753923,10.4164162917895
"6176",7.25032160739713,7.06028694806612,7.25032160739714,7.25032160739714,7.537213780309,7.7707477278955,7.06028694806612
"6177",10.4127435753113,10.4127435753113,10.4127435753113,10.4127435753113,10.4127435753113,10.4127435753113,10.4127435753113
"6178",5.13836456061389,3.61640125796921,3.50344782639039,3.61174199048554,4.55762333643286,4.57337776731823,11.5442692183467
"6179",14.8757432174628,20.0161578955786,15.4228957169043,7.89284070921713,17.5021778073736,21.2499938350166,20.0161578955786
"6180",13.080040356082,13.080040356082,13.080040356082,13.0536117799381,12.9896377384908,13.080040356082,12.8170937889182
"6181",18.4852550861295,11.8217393747288,18.4550052967818,15.4589123994982,19.7422880117399,19.474746104475,12.0474397253239
"6182",9.95958054121501,9.09208227349999,8.80780405517649,7.61544892166509,7.5840519983394,7.5840519983394,7.37520795588044
"6183",16.6187974601077,14.5485721954921,16.3362997369715,16.3362997369715,16.3362995880665,13.9521034807267,9.11486608401528
"6184",3.92866707189742,4.72167347928159,4.75312727081327,3.50057976307459,13.9839187063262,8.58263444878238,5.98939362195262
"6185",6.95598005628732,7.61689591278136,12.8866436672431,11.5224746367908,8.74803457004508,16.351930703964,19.6599881687819
"6186",26.4626247914809,25.228968519829,26.2015710891203,22.9604307992785,24.0905579978907,26.8032787416597,21.2700569879919
"6187",11.8765333121846,15.2196005371351,12.1033605950703,11.9771030954865,10.3981923063964,10.4579496551283,10.6180399706427
"6188",14.2914811617826,15.2637349724849,13.7828799661362,14.821857540186,10.7931682424521,10.832682403639,10.7663002264246
"6189",10.6815842882824,12.0996280372364,8.40543043526563,11.8057882814516,6.70085170131472,8.55838711234836,8.53464439901676
"6190",3.17745010646927,2.35636291122956,3.17648766935617,3.25285433491712,3.60728692368502,3.26020182843792,14.7523402750055
"6191",16.7681297968714,16.6828428936718,16.6062133409526,19.1275067877311,20.5391314792889,21.2007082924368,21.7258287188406
"6192",13.7228760926334,10.431744683762,13.1662649333435,13.6816113506785,15.9253541694124,30.7451933070493,17.2501719077173
"6193",18.7987232705191,19.2738497795802,19.0427570460373,19.2738497795802,29.0902575432882,32.7337787963806,31.9162508356798
"6194",6.94210333237899,5.29829927234226,6.50118430052998,7.17808945984786,10.2770989391056,8.78074846641986,7.57140670633902
"6195",7.11794614839141,8.09726938016889,7.00245941517029,6.07343604604279,6.07343604604279,6.07343604604279,6.03335888050124
"6196",6.82685122918612,5.41631928773809,7.37374811504174,7.12972741152772,6.61788592372118,6.61788592372118,4.75765489719328
"6197",7.11302070517565,7.37784552765794,7.37784552765794,7.37784552765794,9.61269937977011,7.37784552765794,7.37784552765794
"6198",8.42435821918417,6.33632586737815,7.50187742571943,7.26639741367919,7.32275042837679,7.18376929925334,5.94049116335089
"6199",16.8762331174152,16.7918807109368,16.8762331174152,16.8762331174152,16.8762331174152,16.8775772010951,16.8762331174152
"6200",7.85900822468066,7.96190003557474,7.95573620684426,7.98166055065086,7.79473707427572,7.79473707427572,7.79473707427572
"6201",8.91420312780314,7.8139001591701,19.017345777758,17.7244436695907,15.4521145706995,10.882543875654,6.62543517451668
"6202",14.8758924498544,15.9960279937961,14.5319429188939,14.7437047082225,14.5679981203871,15.6541677433145,13.7945677277618
"6203",13.0679625600393,12.3592597449784,11.4448174744162,11.9983988446728,11.9571658368495,11.6968270700558,11.4487250575727
"6204",50.949020555739,53.936208242539,40.0596388563343,19.8096809559983,45.0317518698469,55.3261881914739,58.1470607970993
"6205",31.2192858607389,46.8586408684203,22.5603321292418,12.7910832125954,29.4068819853447,37.3990406028996,45.6729364056768
"6206",61.4434788723681,74.9979019213265,50.6950257990033,28.9375829302523,61.4534283970268,68.4906506028175,76.2951650789808
"6207",22.454710333355,34.4029763791686,26.5624797722102,12.5306736344547,19.7037596167682,33.7165456996589,36.3457788489468
"6208",20.7216856457892,33.2983696348469,18.9696367597782,10.167664400023,18.9254760255625,33.2983696348469,29.1121342959085
"6209",42.0584193786899,42.6153389506728,29.671772689952,12.7973146387622,27.7508024482665,34.9404165476712,46.0096490272915
"6210",131.92737505124,151.304860884951,128.745294021972,64.5547393029347,113.5679233047,148.737804495604,148.599819484696
"6211",80.9297789358021,102.389164198436,78.0162934681842,33.0276936305571,75.1987220370557,102.910723961092,118.423393637392
"6212",77.9607402526917,103.870255380843,92.2854483704739,40.4830176500582,76.9251299203666,107.556183762455,104.406805642498
"6213",87.0595573940725,106.015347060023,93.2080656095783,45.599557668724,90.1530703351817,97.3460325393945,112.237172402621
"6214",38.4654830924398,61.9762376295125,52.8930206824076,28.4734041989524,49.0205844134235,64.1281206399111,61.5393112771886
"6215",94.2231910583221,117.391826501417,117.094204131219,44.0850158749283,88.1829100363461,123.482342980461,121.820391127405
"6216",22.7301819281267,34.6569449908217,27.9744343678225,10.1221602092039,20.437537787626,30.3608258240969,29.7369134668426
"6217",52.3441472033707,70.887024321277,50.9697439056628,21.9628984548817,50.86743999485,75.6519635022519,68.5548332981365
"6218",49.5987105274382,43.2546746252707,41.4354104857657,21.229649937157,44.489912625457,59.8842159965225,46.1684114463011
"6219",33.6594264524964,41.8291151293798,37.0311105064374,21.4254428277518,33.4960646794421,41.8291151293798,39.8809169247553
"6220",38.8190169986875,69.0476723639287,28.4199691960136,17.9649494569313,46.5463731847962,71.1520967853623,59.6564906117279
"6221",42.69596475544,51.1858066710289,44.3584085298528,19.4601968022095,40.8673466544264,56.486643318088,61.0057411018627
"6222",23.6833675150734,38.0416311398032,37.7292332783375,15.4463710842571,26.42966438614,36.0313742956637,40.7955751426182
"6223",41.8098265781677,66.9195423590477,44.5631391086527,18.6455159553491,37.7080815283306,66.5085151800713,62.8651244067229
"6224",35.484208052327,41.645887496153,48.2332647271497,17.5961746889815,28.6991234266057,49.9517818513771,36.4615167914174
"6225",37.4035879801926,44.2421213537054,40.6785733837412,25.1827594914073,39.9635938198279,56.801958246547,42.241326334863
"6226",67.7983947230264,73.345249924682,64.8218589193793,34.7330983636957,63.8514266564752,85.5717324092355,85.012393997931
"6227",39.9735804995012,49.3389903107466,47.5297383465477,14.5291770983621,31.1001398059728,62.047834692252,44.7080561014487
"6228",40.2415165152675,53.3740046319789,44.7696886405316,19.4614409610819,38.8263170224488,57.2859576127299,53.3498237664104
"6229",39.7665301183256,50.4701419126041,44.0278668296579,16.4633151104362,28.1520610592195,57.044467685916,42.1317049352884
"6230",27.3525570313222,29.0014221122435,23.4918746891695,14.9870953428447,24.1036105895337,34.9775058772414,22.2055288140273
"6231",19.8160353020401,33.676667893723,27.5181632951158,9.07752218420565,25.5433065829824,46.9563192627963,32.5894694942769
"6232",36.4562407430607,33.7256234366315,39.8245113992317,10.6823997115193,23.836147930524,40.8506715539963,32.3315621848199
"6233",6.8852393870063,5.38623013209266,7.20244376295291,13.2852239800716,7.94908344537219,8.84781779035791,7.25926779577327
"6234",64.9066905053885,87.2324159536584,63.4944279029542,37.027580246377,66.9111280515978,88.2878801404912,83.3418679323526
"6235",52.5959126703552,84.7280831230119,60.672057953243,22.263381970128,65.4576049670857,82.0219899305784,66.4460678971724
"6236",33.9476396472582,35.4189742568485,34.4412841542712,13.3593002478564,29.1995651697932,48.1188208269506,37.5106935809771
"6237",63.1704357290829,82.3634576497465,73.2948254922607,38.4843863340769,56.6988634021349,82.2859554917568,85.6677748956132
"6238",38.5589673685756,49.8095319427159,34.1408129600986,16.8334161045668,39.0001941608274,49.9597597743538,43.2341779956624
"6239",112.231657844656,120.003671532793,97.4191004498353,56.2049291283365,111.129173704255,136.056856198322,111.350287635799
"6240",66.1283215076825,82.5355926329212,58.7626749607802,22.5642381561525,47.3310892940599,74.1390767766105,69.0010607074731
"6241",63.2299959578531,83.7630610795319,61.9015910061547,30.8634932866377,55.8830349065773,84.3918081284364,83.1115115924316
"6242",87.2658230628208,72.5781756899768,78.3587003185135,42.3562441736137,70.3208499634524,89.4001821089582,81.2988925527828
"6243",64.1550373002471,80.0794882016027,69.8165397782016,35.6265310633529,67.7089283620519,91.8443170882671,88.8106687729044
"6244",67.7498296670943,97.8525561367211,73.0393859456391,31.2830178191691,70.5421674063832,96.1933596436664,95.7211003180489
"6245",44.6150280718799,66.2853080140697,48.2891124561742,20.9935228859898,37.8009902023278,52.8828541776692,47.944015137485
"6246",46.3618080100818,61.6565046542629,46.1196938448343,23.5931516459902,52.2123132826375,61.6565046542629,61.6565046542629
"6247",56.3822294811257,59.4562927025203,49.1844592815593,25.9424727439363,53.4368113282341,66.1756504878539,50.5976574841855
"6248",30.3495413027247,51.2817723709455,50.3000939434644,22.266400301268,32.2670450410241,50.8707920976201,51.8623555448574
"6249",5.60315087247029,5.60315087247029,5.60315087247029,5.60315087247029,5.60315087247029,5.60315087247029,5.60315087247029
"6250",11.742601197244,13.2685845383833,13.8561238084362,16.0406306116808,12.6141458483283,11.3645718134053,11.3645718134053
"6251",27.5159491624722,35.4812998693914,35.0219872417295,13.2739015136306,27.7905901494091,39.1637831219076,28.7346609704362
"6252",30.2107219336411,45.3688864553097,40.6819035090228,18.8409449006545,29.1651354652901,45.2286866213433,37.9598152793425
"6253",26.4911567235979,32.8862464776687,26.170888810073,15.1334877457696,24.0728228937336,29.9142220181873,32.8862464776687
"6254",41.5215192259342,37.4853576731446,44.395150640312,44.3639005230633,44.2063910998216,42.5567120393492,30.2680218041666
"6255",38.8806951936197,38.2243910796799,31.3567523062011,16.5197165218964,11.3534738988141,46.067345699166,42.6792400640509
"6256",8.80276826388427,9.51292778675425,8.22972501975312,6.70715231072903,18.5949034264468,17.6810833925073,17.0264728330061
"6257",12.4063677746478,11.0138048628332,11.3690858539764,17.9006406107644,15.4824255209685,14.210162673006,13.4696646285395
"6258",16.8159850417965,16.5407921411545,14.5738469707222,14.6639194145794,14.1627957894888,14.9418365269891,14.1627957894888
"6259",24.9223040639788,17.1634639526853,8.39953075361374,6.20219900824267,3.03602915229349,19.2941434426185,21.3946347657719
"6260",4.6228220071532,4.6228220071532,7.59645833267274,9.45514307457537,5.08048369237386,5.08048369237386,4.6228220071532
"6261",3.05591574763391,2.88656945485875,8.09317059709024,13,3.89130015070773,4.00419890697063,3.67313420340226
"6262",6.53386910921129,6.48847258112292,10.3685840662879,12.276519443929,6.8572543421141,4.37191784984295,6.42469646644376
"6263",12.8641530384893,10.4139478778059,15.2778133655782,19.3575229047515,14.7559633676219,10.4542477669509,14.8013782836918
"6264",17.1452957397081,20.7073208037734,19.4811378118937,17.9585170325587,20.4573398983409,19.0161050085781,17.95690671275
"6265",7.53208173246759,5.27073430160418,7.22994382635904,8.2794188655542,7.21927813931469,5.27073430160418,6.6685148940381
"6266",31.3687699800759,26.230060311055,35.0867046000769,43.6478981253239,29.7874504777193,21.9792577206169,20.5099182062104
"6267",24.5115672521731,17.4195778780369,23.6711843693447,30.787785377437,26.4862955277706,21.5728411647738,16.0107023614104
"6268",9.60034985958765,7.17631709911005,13.0295182367978,12.913950531781,10.3383373129762,8.19403029827093,6.98287767172006
"6269",9.09785271102775,9.14045305755317,9.09785271102775,8.63891322662742,9.09785271102775,9.09785271102775,9.09785271102775
"6270",18.8465996271327,18.329034795001,21.2165510931657,27.3733741235385,22.8985467949923,18.0407143711467,18.0407143711467
"6271",10.8436610085187,10.7667166458351,10.2129055085597,10.3681234425933,10.2129055085597,10.2129055085597,10.2129055085597
"6272",30.0146626380726,16.5063238130895,24.7248971540613,19.2554726783679,17.2767029091855,15.557649040203,9.41919322207344
"6273",7.34707969713458,6.56028950448479,6.59282412765184,7.89336614413928,9.63073644148988,7.81368961979108,5.3877264962786
"6274",12.650388923265,22.1756242536046,17.5056971227931,10.4450969334215,22.7211035397203,14.4145755023837,21.2340811630871
"6275",8.6802977106729,8.71551628265617,7.66072212385656,9.01638443567604,8.34198759551295,8.69816454823802,7.60538900456125
"6276",32.0124933765587,31.2932306555972,19.8366424038093,18.2383408934959,24.4152276157869,59.9983342330819,34.2637034289912
"6277",8.71203219449342,6.21613878047087,4.07039543450315,2.86537672098988,4.38859830428069,11.6220784847312,6.60818361719505
"6278",5.35546401208,5.26487320609264,5.43382361623977,5.43382361623977,5.43382361623977,5.43382361623977,5.43382361623977
"6279",12.8630441879884,9.27921783652465,12.0982452064162,11.566327298816,11.3332214194914,11.3463879461323,8.28901645646695
"6280",23.6206330638986,14.7485171957666,5.58089135370753,22.6715648987392,13.0259358744737,21.3812860809624,14.2902956172793
"6281",10.3744730154024,10.2315219231928,10.3744730154024,10.3744730154024,10.3744730154024,10.2425581740403,10.3744730154024
"6282",6.60585881914667,5.79500700942337,5.10523161518484,5.10523161518484,5.10523161518484,5.4198419359154,5.66227491348504
"6283",6.36152869682328,5.16833291257161,5.00904152288391,4.88092408145814,5.14515141230117,5.45540883991053,5.19654465953012
"6284",6.22208942214125,8.53391003504878,9.97472013190912,9.02170132787989,10.3583518509217,10.5388421779656,8.3038021089422
"6285",8.02612326636741,5.36349525625711,22.4772818572318,18.572234459982,6.56694457888185,5.97972047485875,5.14638689437676
"6286",12.1996529503138,10.2347234729488,10.3730481640077,14.5602414245694,13.3146460371556,7.95945276624212,7.77900502788088
"6287",2.31806948849272,3.32867532136866,4.78311381871545,4.79216663327579,4.37282104382351,4.76813323276648,4.13513900591792
"6288",13.1137900599199,12.8146695976674,13.1137900599199,13.1137900599199,13.1137900599199,13.1137900599199,13.1137900599199
"6289",15.5682325095781,9.23443626952804,11.4277115150491,9.87305227486342,12.3564145192347,22.4357611491671,12.1807849969157
"6290",34.2180875494012,25.7363223958833,34.5311945111626,57.263439196946,30.3294531966598,29.53431407914,40.0606799887253
"6291",9.29644758449331,9.41896012602155,12.4748464992642,22.3347037820434,11.1662861356408,8.43614909423928,8.7429861017717
"6292",4.994395444993,5.20252298371016,6.51217863248281,14.8880444864165,6.10444975001929,5.37637354251227,5.37637354251227
"6293",23.99765582109,41.0521219903938,28.5732909831999,13.5794445709538,28.1487253356269,32.6353136767981,47.7972297497525
"6294",35.9211338740681,45.9010570316603,44.9211681733209,15.0560779298903,35.2413568845209,49.8267291051942,40.9860800259214
"6295",7.3020170548682,8.98063924132126,4.9187421015221,6.53841153700783,5.7303366498078,6.45504587232159,6.56165443613069
"6296",4.60618175760777,4.60618175760777,4.60618175760777,4.60618175760777,4.60618175760777,4.61638338917768,4.60618175760777
"6297",17.5224564576743,14.857519797449,14.8140158333192,29.9310888323347,19.7482287224625,14.8602988205187,14.8602988205187
"6298",7.98568210228161,6.08829397526302,5.24360874142936,8.86465178612679,7.43355427619041,4.52971764543185,3.99294617367907
"6299",30.0601238750621,48.4354185484172,37.1189946407043,17.828957253191,34.1740405003149,55.9803571283644,49.5365252813925
"6300",62.5940148668076,28.7013425450978,64.1780009986887,211.049038065964,53.4083136345579,49.3912765329374,50.9423399487995
"6301",62.6060845638854,19.1276729945529,50.285821719275,128.231944406476,49.5935352702564,32.6777712663091,43.006454174488
"6302",83.7450003736533,34.1531356577776,77.1481288379457,233.249284462955,91.8169674537463,78.4534032568183,64.3903331625
"6303",65.238108362484,27.504153053489,62.9923792155916,171.864340840522,68.4348222853134,57.4931178301924,56.3986223670131
"6304",55.5580291598862,30.1389167759501,88.1921742198273,160.108140081059,81.5552509855606,59.4885574739223,62.5793962006474
"6305",40.0578284051002,15.4896773404024,34.1257130396794,72.4116805094075,39.2253044858187,28.9525096775332,24.6897426380386
"6306",64.2366454752573,24.1903035231755,72.8038158414048,116.407329507587,81.4448009498078,60.4141445686364,36.1416966094779
"6307",35.2241542611889,14.9051868974823,24.6677828948526,47.4690410236961,29.9470124088778,21.1313681902922,23.5169867700421
"6308",8.87323724282965,7.70079989094904,7.96101364143178,8.11083934613156,7.96904689782207,7.66834850956809,8.58893770110727
"6309",9.44019591147238,9.46389992964417,9.32638254798634,9.32638254798634,9.32638254798634,9.32638254798634,9.32638254798634
"6310",17.0722536605566,17.0722536605566,17.3991523872681,16.7749413884739,17.0722536605565,17.0722536605566,17.0722536605566
"6311",23.8899427084486,20.6212712109067,24.3149865120379,24.3142797924375,24.4285305015114,24.3168496522331,20.5341410121949
"6312",11.9658900536164,12.9357540285645,12.0746620043092,12.0367721790426,12.1482125089996,12.288277569933,13.2926617061189
"6313",12.0936809273597,11.9371030525644,11.8110182094449,11.6682510221216,11.8110182094449,11.8110182094449,11.8696550735462
"6314",15.9439814437734,21.2396288799476,39.7454304905584,28.8936246098296,8.25357848545894,6.5441900216588,19.3430149517922
"6315",18.5564958260996,16.506536622201,18.8143740382338,18.5564958260996,18.8516379803162,18.5564958260996,19.8040017149497
"6316",20.2023868726794,20.2023868726794,20.2023868726794,20.2023868726794,20.2023868726794,20.2023868726794,20.9702961810276
"6317",16.0017748490915,15.7148080515119,15.7148080515119,15.6225676196237,15.4094167835487,14.7720162998752,15.1094040451406
"6318",2.41496527376868,5.43986165367981,5.37130196200377,6.02272328426194,6.02272328426194,6.02272328426193,4.78496341842978
"6319",12.0304794146315,8.02562218684386,10.8578995824826,10.9700207365112,10.9354915167751,10.8666016104378,4.96797686218507
"6320",86.1657700225907,86.1657700225907,86.1657700225907,86.1657700225907,86.1657700225907,86.1657700225907,86.1657700225907
"6321",79.0212173872102,78.4030833449296,78.4030833449296,78.4030833449296,78.4030833449296,78.4030833449296,78.4030833449296
"6322",52.7038820777709,49.1720975036259,46.8360874910542,55.7349540849476,51.0748186039484,52.7768783785125,46.8360874910542
"6323",70.3945363530749,52.5273000443297,68.9076834315571,97.9638770588102,89.4642253267588,80.5154674877286,56.802710417648
"6324",77.3941817703593,71.2897260511698,71.2897260511698,71.2897260511698,73.4471997923079,75.3981647486308,71.2897260511698
"6325",39.7294508320936,39.7294508320936,39.7294508320936,39.7294508320936,39.7294508320936,40.4575011437029,39.7294508320936
"6326",44.7040611826099,44.7040611826099,44.7040611826099,44.7040611826099,44.7040611826099,44.7040611826099,44.7040611826099
"6327",63.7955060121984,55.1891936473941,55.1891936473941,55.6190372694733,56.58651982049,55.5628979160565,57.1101691327704
"6328",54.8934623690481,49.1027887147078,50.438481313518,50.7127022234377,51.3834433629929,50.4744074436827,47.8242278014653
"6329",71.1657006504677,71.1657006504677,71.1657006504677,71.1657006504677,71.1657006504677,71.1657006504677,70.4282189954032
"6330",31.1340918912949,31.1340918912949,31.1340918912949,31.1340918912949,31.1340918912949,31.1340918912949,31.1340918912949
"6331",17.7753846054697,15.1197521260077,14.7002481897876,14.7195452537966,17.7849362353053,21.1853624909795,21.0195054963516
"6332",16.2380525055171,12.0160769352783,12.0160769352783,12.0160769352783,16.3593628530026,20.2529891393213,19.4438988257214
"6333",56.2229937291619,57.0804112313379,59.4857507952924,56.2899195945729,63.1831622349138,60.3549746164529,56.2229937291619
"6334",38.4028608441626,20.973713167865,30.2706800464423,39.1826843324405,35.7620969453729,32.5748378069287,18.0251872326068
"6335",29.3887671028978,28.6044938781905,28.1842989247947,35.0694079947057,30.187846229239,28.3310488797045,25.7627113603258
"6336",66.7455113730905,50.7130059483293,55.5096229143174,55.5096229143174,58.7929953522085,61.3193636859573,54.4634967502538
"6337",11.061548013683,7.72414849912938,8.38920978860196,8.38920978860196,9.58316112747621,13.2199907178033,12.6275573813274
"6338",102.430226957614,85.0828507077342,88.8836927265551,88.1359220990451,84.6460105568645,83.7561239467445,77.6566578387048
"6339",102.630127793644,82.3234625114332,88.102582356143,96.5197311723833,102.132800988842,100.854459556611,80.7993355796022
"6340",68.0757639330285,47.3302035710659,62.7901954078227,76.0516241323036,89.5819201484227,70.3471165420393,42.1750970368007
"6341",22.3310632065527,22.8506264196988,25.2968155519686,27.2530280178613,23.2305107978416,22.9425316913978,23.8668462115075
"6342",13.1718829236771,9.48537026994446,11.2048494614414,10.0899402517712,13.1610054114962,14.8019884331419,13.3326901081796
"6343",45.6676821007603,45.6676821007603,45.6676821007603,45.6676821007603,45.6676821007603,45.6676821007603,45.6676821007603
"6344",78.3285037874418,78.3285037874418,78.3285037874418,78.3285037874418,78.5476970192969,78.3285037874418,78.3291050706273
"6345",11.4607297222721,10.2974907234641,11.1054075103152,10.5376184894653,17.788699382788,14.5917889639664,10.1931450330682
"6346",11.4792525106705,8.33117184514153,11.6357463828632,11.5371051216967,22.8365751723779,16.893172573816,7.69685310035468
"6347",7.72510809010904,8.86558529734937,8.86558529734937,8.86558529734937,11.7577476627073,14.8239282000979,8.86558529734937
"6348",12.354672645186,12.8487306053034,13.0109098474473,12.5929252254159,17.3675435471009,19.7557664115317,11.890660605004
"6349",135.757152791823,132.11356450814,132.187704728946,135.719004800127,133.229334084502,134.149741022039,136.866602907001
"6350",295.003513045938,305.962743197718,298.514747983896,306.362879670806,299.730552353705,293.230158580334,294.284715791121
"6351",458.863841129174,438.577430447696,457.837361084189,453.466320459906,412.902727632663,410.742157302353,358.298477981932
"6352",317.614621561845,283.163164170041,317.673756028586,309.771566523393,286.412628275548,237.577856669267,213.835295418027
"6353",210.329372757781,206.118938424608,214.022396139109,224.217398329323,213.039590657438,213.915812307723,234.962524066362
"6354",100.966389920306,100.428884681022,100.849945060758,101.564680574532,100.849945060758,102.477434105739,105.25221836278
"6355",34.1080639310493,29.3148242158757,30.1241443685125,27.5969601484734,27.5969601484734,27.1250403099745,25.6216393581981
"6356",120.868726826144,120.868726826144,121.509765864178,120.868726826144,120.868726826144,120.868726826144,120.868726826144
"6357",275.845118154985,281.179423223591,279.994409539889,278.015981385474,289.173335669208,265.90061866468,260.637221488116
"6358",550.786402345781,494.471652640994,561.645611705458,582.294952803575,522.111049201622,493.010700560694,456.439730287117
"6359",269.280623623793,275.768773382438,281.537052868939,280.926660377697,273.066873814386,260.05282544434,266.412572859182
"6360",74.8674744789923,71.2348832280029,71.0462991006874,74.0118681672406,71.2113578421073,71.0462991006874,74.1321988924675
"6361",157.897382823875,181.868968287582,178.804377524185,168.690945570686,174.197543554259,162.487616659675,164.301725352971
"6362",62.3221898113003,66.7543039651093,60.8410074610735,49.8062549150299,47.6602857109248,43.4846307459462,52.1094168701811
"6363",17.5668336388182,17.5099305800017,27.3562353473231,31.0532586672791,26.449890895232,14.521318755356,17.5099305800017
"6364",17.3177625655809,17.3177625655809,24.7619176452207,32.1181618390594,25.0392676375404,18.3616262176089,17.3177625655809
"6365",17.8187489307054,12.1347578640725,14.4469866393376,11.8791891959739,16.7726776052274,14.4062333452215,14.4255219745183
"6366",20.1669837696655,20.3365341376313,20.1335799924086,20.3365341376313,20.3365341376313,20.3365341376313,20.3365341376313
"6367",6.36232807921137,6.3253008530558,11.7789878241369,18.195824101537,14.720532129286,6.3253008530558,6.3253008530558
"6368",18.378835259966,15.3362603456026,14.473977801134,14.9282364173082,15.4261630942922,17.6632609138065,15.923721658666
"6369",6.22524091614745,12.6118061299131,17.7167946928551,13.2425866160964,9.01280468886497,6.22524091614745,15.9976265040408
"6370",7.54270425204616,10.236860493149,16.367572740676,15.019584440908,9.80555362836337,9.37173792858309,9.14913481440895
"6371",8.70755686315843,4.84365130161297,4.92040732912074,4.88617946962196,5.09910027801923,8.73448800157297,8.78640180902295
"6372",4.1954154844923,4.1954154844923,4.17795400098138,4.1954154844923,4.1954154844923,4.20469706714151,4.19992040749688
"6373",6.12399906668631,6.12399906668631,6.12399906668631,6.11868207975073,6.12399906668631,6.13184597448111,6.23192640378911
"6374",21.1531993230167,18.2589419531993,15.8908909190017,14.1212048219293,15.8908909190017,17.2674876795673,20.6630841098957
"6375",15.5020300362098,7.76587363171597,18.9698946141246,12.0297582162649,9.25803435600872,8.98485839569743,6.31285070133183
"6376",27.9887139523046,30.6329083319546,26.9998768742815,26.9998768742815,19.9995664575686,24.0407557226801,29.3786846462418
"6377",29.4894890617749,41.2573421447753,26.6762387121793,26.6761842607613,21.4096439592216,27.960510257428,32.1812398221593
"6378",9.34290209657357,8.75259465813183,7.23712564557374,11.5933222447852,10.2921656997738,11.009667520207,8.38043137549156
"6379",17.5735314701546,26.9348240099775,19.4658143190734,19.8716588363358,14.0057841589319,20.0970555990023,17.9970903662467
"6380",7.6605863264402,7.99005569386365,7.6605863264402,7.6605863264402,7.66577643577947,7.6605863264402,7.61505640996994
"6381",4.24492823831251,4.24492823831251,4.24492823831251,4.24492823831251,4.24492823831251,4.24492823831251,4.24492823831251
"6382",10.5544303477137,10.5544303477137,10.5544303477137,10.484671880477,10.5544303477137,10.5544303477137,10.5544303477137
"6383",4.15759615821658,4.30267456494943,4.15759615821658,4.15759615821658,4.15759615821658,4.15759615821658,4.15759615821658
"6384",3.30052585450882,4.44778818705375,4.73854769893232,5.01087001233379,4.90288407553924,4.44778818705375,5.77044396007892
"6385",7.23509422987505,8.69166676549801,8.67326734264001,8.76669297145786,8.76669297145785,9.17946040315927,8.69166676549801
"6386",35.3071595372644,25.4444615210618,27.3371118034046,22.8157760512855,24.0721169106606,25.198671848514,18.4892677654637
"6387",33.2399435916381,33.2399435916381,20.102669103874,22.5291508882314,22.5291508882314,23.6205082565197,23.395909354758
"6388",56.229667629276,47.5855560638786,37.0902728354984,33.0631987448202,34.3097193896527,35.3151985705815,29.7475772938917
"6389",9.25976700239495,9.00010161529942,15.1314458428175,14.4183429017832,14.8752354810257,15.1314495074604,15.1314495074604
"6390",6.1086296951285,4.73765224263909,11.584366704095,11.5285785405462,11.471138876107,11.3616270334117,9.13282075861508
"6391",8.21704487538593,8.62095394878696,7.77273615597442,7.90097853299475,7.9412140144585,8.05793363086613,8.71520802602232
"6392",5.06499452148701,5.68185202770035,5.3207271997757,5.15765809668108,5.04797757235891,5.18738310213959,5.59732055947668
"6393",6.13216868923709,6.13216868923709,6.50101492759226,6.13216868923709,6.13216868923709,6.21073037608172,6.13216868923709
"6394",84.6876326701299,78.9710519619672,84.6875308145628,84.6875789644948,84.7474300992978,84.6876326701299,78.9711043160194
"6395",26.2671355271779,4.00463426856001,5.21928043782328,5.21928043782328,5.21928043782328,5.20938996741143,3.15897933841731
"6396",6.56982249277095,6.56982249277096,6.67513650752843,6.56982249277095,6.7246007982023,6.56982249277095,5.18033034088169
"6397",8.39689693875127,6.22206495869231,8.75879288815329,8.98476294009982,8.06851760906872,8.46067110480803,6.06323488543838
"6398",7.68521167366696,7.54881335897676,7.49919697498028,7.54330298208897,7.72550623243345,7.34596704492692,6.15884099235858
"6399",151.8096633567,162.863886014893,146.351233378491,147.81205762291,151.539989457611,148.551153649092,157.368448503195
"6400",84.2728298856831,84.4097021818405,86.0246098543989,76.0046396103135,84.2728298856831,84.4003058287339,84.2728298856831
"6401",59.1125509399604,59.1125509399604,59.1125509399604,59.1125509399604,59.1125509399604,55.5834691392509,59.1125509399604
"6402",107.413881988921,107.413881988921,107.413881988921,108.517088660041,107.413881988921,104.062924816256,107.413881988921
"6403",101.678001507851,101.678001507851,101.678001507851,101.678001507851,101.678001507851,101.678001507851,101.678001507851
"6404",63.8987087327931,64.0469589497228,63.8987087327931,63.8987087327931,63.8987087327931,63.8987087327931,63.4644970553621
"6405",19.4795191732849,24.294544247823,15.4682713040338,19.9965418918546,20.8341404198353,18.4449945560471,21.8045682193322
"6406",8.25955713846388,9.23831064609337,15.0967370634678,8.80357164711006,5.67737392126422,5.47291304559759,9.16310548637846
"6407",10.6267349620105,12.4848816091365,7.88664604572979,7.88664604572979,7.87557069898152,10.6267349620105,8.75101911818101
"6408",4.85627855801359,7.13463941878412,6.9099731648958,5.86737821566873,5.29239365792026,5.3331724541945,5.47093679648553
"6409",7.24644139895846,7.24644139895846,7.41469132122552,7.39046906237141,7.24644139895846,7.32774275311279,7.38586803116267
"6410",20.5559563629592,27.4581819096651,18.6929189302551,16.8588489891706,16.2482101912983,20.101943886007,26.4016520512919
"6411",6.0020604916111,5.93713936457617,3.39409197440074,4.35836648654949,5.22364689376033,6.18998028166068,5.93705047308773
"6412",20.5071937423733,28.9470192066423,18.7207472066926,18.2212746701199,19.0616174179163,20.3348232911542,27.2061121761049
"6413",7.17773514325356,10.1657243964055,6.31339747175098,6.13806207886243,6.17387430451874,7.07386837140482,9.4754860095895
"6414",47.4673251390218,28.2676212712786,17.1669312781285,13.8725582885368,22.3014406174727,23.2852874468765,23.3478558341307
"6415",19.0168672610134,24.1164258991052,24.1904087296614,11.1059785133445,11.1059785133445,11.1059785133445,11.1059785133445
"6416",18.9542795284258,48.0515937307133,30.8472691636006,10.7756117905047,11.5999295721835,11.5999295721835,16.9128913423075
"6417",10.2396800467188,10.2134966050084,10.4851338797824,10.2495797526604,10.3019285025367,10.3925190193407,10.2006994200562
"6418",17.9077161030648,20.6681312297273,21.7887782791523,21.3186491257013,22.2743409555771,20.8842086064547,21.6864311046777
"6419",9.79024593013619,9.79024593013619,9.79024593013619,9.79024593013619,9.7902459301362,9.79024593013619,9.79024593013619
"6420",8.76232376701872,8.98605482697105,9.5668100285958,8.98605482697106,9.20456291179795,8.98605482697106,8.98605482697105
"6421",6.32372258589483,5.61760228025235,6.67946485534792,8.48672237074634,8.36241818898658,8.36329129038191,7.42614886380643
"6422",100.042071865422,100.042071865422,100.042071865422,100.042071865422,100.042071865422,100.042071865422,100.042071865422
"6423",43.0317197296317,43.0317197296317,43.0462555131595,43.0317197296317,43.0317197296317,43.0334783895197,43.0317197296317
"6424",149.8416665049,138.093488098449,149.394875844641,150.808515826782,151.607826609573,148.983743846007,137.616020953297
"6425",56.1841229975301,53.6223132201381,53.6223132201381,53.6223132201381,53.0517275203859,53.6223132201381,52.636719165148
"6426",25.6688756524539,32.2216524401393,16.4022654294201,17.0016871897385,15.017604866864,17.0016593672803,18.0309902321346
"6427",7.82351692178976,7.64188509307879,9.39319287099894,9.29228014878121,7.77363672938555,7.55515915068582,7.55830938466993
"6428",32.9542882936358,32.9542882936358,32.9542882936358,107.541037557304,52.5159869605794,32.9542882936358,32.9542882936358
"6429",33.950268263369,33.9660938307393,36.0656963507168,107.993381102533,42.9201132535406,34.034058890197,34.0190058298743
"6430",19.8025936887342,9.32659114557069,29.0879865914827,97.3999215397085,21.0216267660845,20.2713654621083,9.44122131507217
"6431",17.8141502166078,8.2304646920342,20.977792982897,92.8943470212695,24.9919827652251,17.8350735691238,8.23081763332142
"6432",14.5153050646728,16.4494735591309,17.4481189614975,17.7283899934855,15.754518175198,20.3451687423872,20.6937741652063
"6433",10.159792895834,9.54488602250235,9.23905106733862,8.65260816132624,10.169192995445,8.43380193200726,7.90457440825611
"6434",6.69627984675606,3.41113521239937,7.48899118912911,7.58726156140867,7.59235861471885,7.72800150592544,4.87099468772295
"6435",12.8871935122448,13.1341310222456,14.2251794711955,14.1299975411454,14.1299975411454,14.1299975411454,14.1299975411454
"6436",2.69915788511112,2.64577657030107,3.02487561650938,3.02487561650938,3.02487561650938,6.05754795158006,2.96679397765289
"6437",7.38522605508098,7.02711642607739,7.87333031134783,7.4280522786891,7.4280522786891,10.6158608781486,7.44154781532785
"6438",161.069500646998,161.069500646998,161.069500646998,161.069500646998,163.324045494112,161.069500646998,161.069500646998
"6439",93.0884922127725,92.6580965860852,92.6580965860852,92.6580965860852,92.6580965860852,92.6580965860852,92.6580965860852
"6440",90.9859089569965,79.9007913926306,91.3588641504094,91.5571419041948,89.5862389330306,89.4309791928522,75.1016631052805
"6441",165.931560007065,155.635757933932,165.931560007065,164.342303264907,165.931560007065,165.931560007065,155.635757933932
"6442",75.6840755192545,75.6840755192545,75.6840755192545,75.6840755192545,75.6840755192545,75.6840755192545,76.5598416492487
"6443",192.534630921983,165.426102058772,182.236705408783,184.135461953533,184.898662467906,183.19964378506,154.953054369712
"6444",312.911695485964,312.911695485964,312.911695485964,312.911695485964,312.911695485964,312.911695485964,312.911695485964
"6445",201.769133757225,201.435229069472,201.769133757225,201.769133757225,201.84215278549,200.046452028949,201.769133757225
"6446",4.71128306766713,4.71128306766713,4.71128306766713,4.71128306766713,4.52813554316036,4.63112936073778,4.39430021022544
"6447",7.27999491732085,7.30095901426613,7.28517762520713,7.3863646736906,7.42923123729618,7.40387360649709,7.3863646736906
"6448",7.42029935610573,7.31644730473147,7.33981984768217,7.61245392108537,7.56973048742684,7.62157951347544,7.30718091284831
"6449",8.8409937827302,8.81855013579108,8.8409937827302,8.8409937827302,8.8409937827302,8.8409937827302,8.8409937827302
"6450",4.09994614786951,4.57022690875168,4.05713168993131,3.9244347734649,4.09994614786949,4.09994614786949,4.7245199978486
"6451",8.95452075713039,6.08614672211638,8.7867820967571,8.46980683540553,8.61721521737112,8.17312561226473,5.41692943905826
"6452",12.6872578602685,12.1452450142712,12.9981302046258,12.8022758135035,12.1950097242661,12.6191687534461,10.763295334213
"6453",38.9759362403738,38.9759362403738,38.9759362403738,38.9759362403738,38.9759362403738,35.1696588760814,38.9759362403738
"6454",30.984433621473,20.0301642045825,31.4539901380043,31.0798604280888,30.1885076079342,23.9232025925277,22.4341654455994
"6455",17.5610865393719,33.9940969210271,33.2196912185564,30.963640688809,30.963640688809,31.2144766056415,17.9811315704138
"6456",10.047589148542,25.9034399239657,24.9603529312082,11.7177844995662,12.7513149043556,12.7513149043556,10.0476722995159
"6457",12.6613200002241,12.6613200002242,12.6438251506462,13.1223264309158,12.6021063057263,12.6613200002241,12.6613200002242
"6458",8.87028127630149,9.49723327307179,9.27341914262558,9.09068197032095,9.49723327307179,9.49723327307179,9.49723327307179
"6459",9.19984874863263,9.19984874863263,9.19984874863263,9.19984874863263,9.19984874863263,9.19984874863263,9.19984874863263
"6460",8.86807176762095,8.68049844849106,8.86807176762095,8.86807176762095,8.86807176762095,8.6428917235153,8.70413068459917
"6461",21.3659817243456,22.1021239242786,24.9349510724095,20.704111283744,11.7214077723901,17.3359412218503,13.7287892039912
"6462",6.31263027011049,7.50061727774477,5.49674123465992,4.45697982324265,4.24036656622156,3.90976496784632,5.02068948852111
"6463",84.4541037087237,10.9021203922142,14.6059779135041,35.5461588952029,19.2996755648155,16.3257525236581,35.5461588816178
"6464",3.23503749938738,3.3102120682199,11.6061972316925,12.4548037347782,2.93603638892234,2.6234695984379,14.162448615414
"6465",10.2447721455618,10.2725207227228,10.2725207227228,10.2726011929714,10.2725207227228,11.6391813750113,11.6391813750113
"6466",23.3983692274594,12.1846755246428,12.0322777565686,12.3354072660836,35.7422486269584,54.5727246722689,9.93629638892638
"6467",187.590081776639,21.3464586640087,24.5597028067415,59.2829586371509,32.1858950924914,33.131679144186,56.1634551432505
"6468",19.7819095378595,22.7733722915719,12.1918438441824,15.8136282684204,14.4116357985824,18.4513351001555,10.2976186281615
"6469",52.2577549633323,54.5371366567934,55.4773685193508,52.6147642788655,19.2208759814436,18.2263084570485,49.9640776395113
"6470",47.1780842827075,50.910903620891,50.9661399277253,52.6068744617615,14.8663992748724,14.2914520837668,49.1302379310556
"6471",16.7399049273905,16.7399049273905,16.4596907021329,16.5605284323029,9.50495845746469,9.50495845746469,16.7399049273905
"6472",47.714287319933,20.7332524215632,47.8052071242592,31.8233369699606,14.4782705560233,14.4782705560233,22.4726179004909
"6473",37.9126136679723,64.8408455774371,46.7589307349227,39.8770071797152,14.8427604858915,16.6609850388533,37.3974669922171
"6474",28.4323636031589,27.1135859521773,27.3366633621594,27.931710383389,12.4678749484941,12.7341399995723,39.2772745614517
"6475",15.8420441113002,14.1794575385113,15.8420441113002,15.1404631151795,8.76421110296333,8.76421110296333,15.2105384663023
"6476",37.9875676346804,30.5904473996159,35.7035586491761,33.8096745285451,16.8001186720769,16.800107222114,29.5872956316341
"6477",24.4681393080596,6.265678993558,6.62942156497096,6.66889133574986,6.7372493110835,56.3521804513846,5.71725289229215
"6478",5.74543254156528,5.77486235365716,4.70614643780645,5.13333478577449,5.08666776483823,5.01511049941181,5.09376800513567
"6479",20.3801052733894,7.12169736770127,6.64240603713031,5.8471864442247,6.56807379685488,60.2573622246613,5.00957323813187
"6480",7.29048738637508,7.31560143135636,7.38673513375081,7.30565186134168,7.3468779427962,7.37504927829818,7.33720101950528
"6481",5.19377735913706,5.19377735913706,5.19377735913706,5.19377735913706,5.19377735913706,5.19377735913706,5.191465072261
"6482",8.06887554703204,8.0027234133939,8.19585308148563,8.31400429757966,8.31400429757966,8.31400429757966,8.31400429757966
"6483",4.1875631222415,4.20683591200855,4.1875631222415,4.29430315622196,3.77281590297061,4.00699935462723,4.18756399949947
"6484",3.56875134541516,2.38698499170276,3.61707658291643,3.6793951881757,3.78048369783068,3.57139736252855,2.40712383826506
"6485",4.36578430611366,4.37806034180263,4.67563707345544,4.36578430611366,4.36578430611366,4.36578430611366,4.36578430611366
"6486",5.11343949904539,5.11343949904539,5.11343949904539,5.11343949904539,5.11343949904539,5.11343949904539,5.11343949904539
"6487",3.72474672755291,4.35405943011955,4.35405943011955,4.35405943011955,4.44178875269808,4.35405943011955,4.35405943011955
"6488",6.93432093954543,6.14795573869996,6.1565246472517,6.21697499663791,6.1726333858715,6.26473908371737,5.82344795041765
"6489",19.2715251447468,21.6188041576232,21.7873477779541,21.8333650903375,21.8647231876982,21.739291469468,21.0709631173889
"6490",12.068248610433,12.1497620118375,11.8526614214105,12.6240966868637,13.2202604497032,12.705667968778,12.9932600284483
"6491",8.44286510478325,8.44286510478325,8.44286510478325,8.44286510478325,8.44457247109083,8.44286510478325,8.44286510478325
"6492",91.5378278254444,90.4716705344567,91.4514246719869,91.6796269977264,89.9152454426574,91.6100997319367,90.3835655744522
"6493",19.6135991168018,19.0047556151055,19.5678261187556,19.5671967667529,19.5678261187556,19.5678261187556,26.3890097759971
"6494",6.90177055020256,6.55968314999593,6.90095337632813,6.90177055020256,6.90177055020256,6.90177055020256,9.06811726009868
"6495",17.1714631373965,18.3382559777279,19.2563048626965,19.2563048626965,18.6357060055364,19.2563048626965,18.3382559777279
"6496",18.2910818344646,10.1601193640186,9.12298661652171,10.7636787312447,32.0715724748594,52.4800180148388,11.8419448660157
"6497",88.198362517386,15.8277568227188,22.425430080039,31.7938746185019,22.6892732437079,22.697642723127,31.7938746185019
"6498",9.48842054704738,9.77002195517052,9.61040507017362,9.48842054704738,9.74781525287733,9.48842054704738,9.5183939905823
"6499",12.6673707525515,24.1148655204724,24.1148655204724,15.4258631024234,15.4258631024234,12.8046881793658,12.6673707525515
"6500",9.20829740703303,8.90707381425784,6.42338481714372,7.87266813791482,7.49788224191721,7.97711716182651,9.03325199740225
"6501",16.2831236707529,16.2827467658508,15.925525359097,16.1778572424615,15.925525359097,15.925525359097,16.2827467658508
"6502",7.08998990771973,7.08998990771973,7.08998990771973,7.08998990771973,7.08998990771973,7.08998990771973,7.08998990771973
"6503",3.76067934175747,3.79187617041839,4.05614277639777,3.93942554251365,4.20391906492144,3.89665444633011,4.08916123887918
"6504",4.07412163354864,2.65442492814321,2.65442492814321,2.65442492814321,2.65442492814321,2.65442492814321,2.65442492814321
"6505",6.48704187247517,6.48704187247517,6.48704187247517,6.48704187247517,6.72288259952789,6.48704187247517,6.48704187247517
"6506",8.4351085473193,8.4351085473193,8.4351085473193,8.4351085473193,8.4351085473193,8.4351085473193,8.4351085473193
"6507",6.59771206204078,6.5825106817384,6.59771206204078,6.59771206204078,6.59771206204078,6.57402492150225,6.59771206204078
"6508",5.99615194242309,5.99615194242309,5.99615194242309,5.99615194242309,5.99615194242309,5.99615194242309,5.99615194242309
"6509",4.6906119819524,4.63507077819769,4.29538657925749,4.6906119819524,4.6906119819524,4.6906119819524,4.6906119819524
"6510",6.86664000166029,6.83275051953298,6.84544050063153,6.86664000166029,6.28497229588102,6.73323662227054,6.86664000166029
"6511",7.48378067767991,7.55700754740796,7.48378067767991,7.48378067767991,7.48378067767991,7.59111574276113,7.48419347174274
"6512",22.6844567494105,5.53021885904657,6.0888854029375,6.06810876140456,7.55375949385422,9.66696068185913,11.0613918288346
"6513",9.52651998828273,10.5500387603256,9.52651998828273,10.4460212188036,9.52651998828273,9.6078229909417,10.0957512764046
"6514",14.0470778085692,16.0805890043757,15.3470074260159,15.4535266360816,11.7231497347667,9.7064320937148,9.72378185297766
"6515",5.7972473799314,5.7972473799314,5.7972473799314,5.79724737993139,5.79724737993139,5.79724737993139,5.79724737993139
"6516",4.70286354399202,4.90044793773718,4.70286411338845,4.86947653642633,4.60452989933503,4.70286411338845,4.70286411338845
"6517",4.88290603905182,5.39582677753968,5.00631461124364,4.11394038541891,4.55358397481969,4.49098577431759,5.49940157390486
"6518",10.7921562389189,10.7921562389189,10.7668008017966,10.7881226942006,10.7464372777494,10.7921562389189,10.7921562389189
"6519",23.2323378984971,23.2323378984971,23.2323378984971,23.2323378984971,23.2323378984971,23.9757847433492,22.2883872386872
"6520",4.46552533790759,4.46552533790759,4.46552533790759,4.46552533790759,4.46552533790759,4.46552533790759,4.46552533790759
"6521",3.20983793029585,3.23286462066493,3.26511691384162,3.26511691384162,3.22314619479359,3.27017333387742,3.22314619479359
"6522",8.59723684258022,8.78980145304593,8.59723684258022,12.7680789339798,10.6234191129289,8.59723684258022,7.28677012340498
"6523",14.3250948424523,14.7190511071135,15.2141002000865,20.6746607724376,21.2966821755607,14.2238340212146,14.2575736880333
"6524",10.1523787127058,10.1523787127058,10.0048243049043,15.202007291422,14.7467162226827,10.1523787127058,10.2487098308489
"6525",9.51858797799026,9.51858797799026,17.3316382976987,20.2942472135773,18.8273376655015,9.51858797799026,9.51858797799026
"6526",34.5276894507642,30.1083976101365,34.5779882437697,53.1822924045094,52.6474107855526,37.2149815824569,30.4814187424866
"6527",18.4027312188283,19.1718642475686,17.1593200505438,42.1458710973854,34.3548318756358,19.1175113082426,21.943086220833
"6528",23.1547054555068,23.0438270463982,23.1547054555068,39.130659003666,41.7546153387641,30.0530680725895,23.1547054555068
"6529",19.1832781357184,19.3056187408268,19.0587894796546,47.1268405047645,46.2262255754241,19.1832781357184,19.1832781357184
"6530",29.9057040011391,32.4253133808049,30.2834356245027,53.7431519975146,50.1623446174803,31.9627433975623,30.2834356245027
"6531",24.3414116213651,24.3414116213651,26.8015752855975,45.8243396368433,34.3437002956399,25.8975473245424,24.3967315556938
"6532",12.3501554435212,11.4728444834475,12.3501659795003,26.2856315868755,24.8012759438162,11.2198153365522,13.0968338642472
"6533",24.1388703395825,24.3885987561075,24.1388703395825,51.6877015148788,51.3458309146526,24.1388703395825,24.1388703395825
"6534",16.5575976086095,12.4574065079479,16.2487390334313,44.4490650120642,26.6301095401978,17.191789389797,11.6126346540144
"6535",12.2802721385931,11.6652563162302,12.2802721385931,25.3688810098059,23.1060402019001,13.9424671627096,12.508311528648
"6536",5.87295067153235,5.87295067153235,5.87295067153235,5.3920646389461,4.5302115658337,4.5302115658337,4.5302115658337
"6537",4.93725920091501,6.32654453119093,4.75792065483708,4.84401228223451,4.19889403363509,3.60987836615207,4.74004060587953
"6538",5.28023479047332,5.28562391449517,5.26789213029919,4.93950104691913,4.47851851734821,4.47851851734821,4.44079960422111
"6539",3.12151560481864,3.03630179929223,3.00674766707718,3.60863990956184,4.03295246582978,3.61653591545776,4.06990025980438
"6540",11.4700538068372,11.4700538068372,11.4700538068372,11.4700538068372,11.4700538068372,11.4700538068372,11.4700538068372
"6541",12.629659228368,12.2696590956774,12.22598599437,19.8488551431808,22.1791316891264,12.5593038004162,12.4736821280026
"6542",6.51504936481061,6.51504936481061,6.51504936481061,6.51504936481061,6.51504936481061,6.51504936481061,6.51504936481061
"6543",6.85699445234249,6.00851145342637,5.43495727521148,5.44092003921186,5.38971864144495,9.58539181420247,7.62566053720787
"6544",3.67148004636613,3.67148004636613,3.67148004636613,3.67148004636613,3.67148004636613,3.67148004636613,3.66712260687374
"6545",61.5189813142991,6.33175450287578,8.45672836267129,9.33884029970851,11.9649034102432,10.639480572686,9.02338601841358
"6546",15.726166640114,14.6387568376392,15.7798774126742,15.658162353773,15.7922054575704,15.8741332723512,14.3757095990792
"6547",5.34625622334977,9.0743498163168,8.3956543843501,5.64441599488036,5.98555518851425,5.98555518851425,5.07537003668073
"6548",8.21540852729138,8.25698797371783,7.99135743121612,8.1721840903771,7.87169109784651,7.69799218077573,10.3507969475007
"6549",9.01880294534656,9.19534342470461,9.01880294534656,9.01880294534656,8.64251697396377,8.94134399978784,9.03563817548798
"6550",18.2554942392319,7.89186801856826,13.3541683426479,12.7481725387624,12.7481725387624,24.8747912410074,23.4625280037639
"6551",26.0933897120925,25.8339008725298,25.6722665388972,25.436215730591,25.2902823597478,25.5056970533588,25.5252748405941
"6552",15.9500283069526,14.2381415257848,14.6310469776101,12.1187863623871,14.3021253902005,19.8698190081655,21.5536968688512
"6553",11.8912848074715,11.8912848074715,11.8912848074715,11.8182183654132,12.6204242959144,11.8912848074715,11.8912848074715
"6554",9.18540143814861,5.94336366445404,5.76436541361051,5.3481818461956,5.88518526701428,9.27619822884431,6.4380860226805
"6555",3.71967685363629,3.71967685363629,3.71967685363629,3.71967685363629,3.71967685363629,3.71967685363629,3.71967685363629
"6556",12.165452394246,18.3320027113767,13.2154282791524,0,0,0,0
"6557",29.9760688425852,31.4051118715573,29.7753757629988,29.9760688425852,30.0019549448193,29.6961800046482,30.3220268945663
"6558",18.9528395309493,18.3478927873358,18.0613372716081,7.78623574460637,0.336966573196139,1.98162030413954,0.503090014216942
"6559",9.14440443050237,9.14440443050237,9.14440443050237,9.14440443050237,9.17055030228221,8.94154073636162,9.13794785891046
"6560",7.7638031302332,7.13356093079223,7.167022456498,7.78941575837501,7.70340512103289,7.61233869523184,7.15100080265355
"6561",17.0236068860388,17.9745180162519,17.286013065127,17.5305274847739,17.1599639341574,17.6768189594535,18.5565902601272
"6562",14.5325159748373,14.4417657200982,15.2337272794236,16.3811525984985,16.8893184276625,16.6310210559363,17.3526339351769
"6563",23.560480035837,22.4891142375458,22.7704466319864,23.8308353571225,23.409500526817,22.1249706752012,22.4382105407934
"6564",23.1617585933353,23.2656818260738,23.2573610052257,23.2656818260738,23.2718749027138,23.3098367562526,23.2656818260738
"6565",9.51628666533038,9.61442500618789,9.61442500618789,9.61442500618789,9.61442500618789,9.71899917013483,9.61442500618789
"6566",8.43462808713506,8.43462808713506,8.43462808713506,8.43462808713506,8.43462808713506,8.43462808713506,8.43462808713506
"6567",4.19687513383626,5.03324625453071,4.05387216339793,4.88023870398021,4.53138320413601,4.96203236780643,5.68556324423694
"6568",3.73753669326912,4.65819474703641,4.55133951516802,4.55039003389228,4.55133951516802,4.50170898217829,4.65819474703641
"6569",9.10294213073701,10.0768620189161,9.10294213073701,9.87364011626994,9.10294213073701,9.10294213073701,9.80786902966206
"6570",11.4535810634665,11.4535810634665,11.7686907243783,11.4560666186279,11.4535810634665,11.0041783940052,11.763449826846
"6571",15.1061484864225,16.9733900633042,12.1202159171576,11.9341868567431,11.7659872323152,11.9297982354954,15.911150868475
"6572",5.95719786289195,7.7622058334802,6.17604288392177,5.81329466730503,16.598000685875,9.6124909669372,7.19910766852904
"6573",62.6419345098216,31.8266461930145,31.3343137177985,22.5969810083522,24.7676051854797,15.637782678165,17.6244814307066
"6574",21.2737327829537,14.1807845754644,16.1483068238114,17.3128679358312,11.6376617858562,16.3271676304808,11.4349234234011
"6575",8.85096157877116,8.85096157877116,8.85096157877116,8.85096157877116,9.20457348110019,8.85096157877116,8.85096157877116
"6576",5.40006843792445,5.40006843792445,5.40006843792445,5.40006843792445,5.40006843792445,5.40006843792445,5.40006843792445
"6577",11.3789721740131,11.9795184597871,11.2299942422891,11.1310210247968,11.3789655555708,14.1538825258058,7.29033125569007
"6578",53.0864422674687,54.2090894129088,56.0245262977677,55.8731851788597,19.7290238673383,19.0446654552537,54.0144349894388
"6579",29.037184959625,27.8115896499839,29.037184959625,27.9312669024991,13.9241539211153,13.5946397570349,29.037184959625
"6580",41.83044643492,40.1046599487163,49.570558546561,49.3555558830006,15.2212711135555,14.6211260308342,33.7692607758655
"6581",35.5544337150381,27.8909390336257,35.5544337150381,43.1131622259282,11.5224433462985,11.5996619889783,25.6425295703554
"6582",3.78303627460202,3.78303627460202,3.78303627460202,4.04049989091819,3.78303627460202,3.46601568984847,3.55824369000773
"6583",5.80365000065599,5.84779086477589,5.80365000065599,5.80365000065599,5.80365000065599,5.97892913937506,5.84779086477589
"6584",5.48240707986231,5.79742489916559,5.48240707986231,5.39791695215706,5.48240707986231,5.17576295869581,2.5695052985724
"6585",5.12096571775753,6.16422775349028,5.48964977086269,5.4922872446458,5.48822026646853,5.49446090719527,5.86695644901263
"6586",7.46494481069211,6.52257515058192,6.43396473297613,6.42923297744807,11.6832130118455,8.89801396454786,6.43396473297613
"6587",2.73262133768699,2.73262133768699,2.74828252285781,2.71042432577351,2.73262133768699,2.71530189483626,2.70778379919077
"6588",10.0925062096923,11.2086470727194,12.364479579223,12.2985115409094,12.0015448267125,10.2095219061176,10.0720441483306
"6589",4.65740934115853,4.65740934115853,4.65740934115853,4.65740934115853,4.65740934115853,4.51745427652339,4.65740934115853
"6590",6.0196913588461,6.0196913588461,6.0196913588461,6.0196913588461,6.0196913588461,6.0196913588461,6.0196913588461
"6591",12.5395481771362,5.97948171766378,6.3719736326269,6.39509716181423,7.50467225554175,9.00242284437011,8.4698829450028
"6592",10.5427159950383,12.585733059104,10.5806601961237,10.629583912033,10.8261851642943,12.6543155312785,12.9688426854776
"6593",11.8561880111217,11.8561880111217,11.8771469126064,19.4216190162405,26.6075873949498,11.8561880111217,11.8561880111216
"6594",6.62694978473854,6.62694978473854,6.62694978473854,6.62694978473854,6.62694978473854,6.62694978473854,6.62694978473854
"6595",7.20639999180821,8.30636164033,8.24442325788162,9.34568733180765,9.4562303009086,8.83106955050134,8.30636164033
"6596",10.4210425641751,10.4508791762402,10.4210425641751,10.4210425641751,10.4210425641751,10.4210425641751,10.552941053518
"6597",4.85570570908452,3.64264104197418,4.68448659286727,4.85570570908452,5.29222400839963,5.26069755718448,3.34114843988155
"6598",4.09734471418438,4.09734471418438,4.09734471418438,4.09734471418438,4.09734471418438,4.09734471418438,4.09734471418438
"6599",6.32227325573731,7.07158957206481,7.6800117314585,7.75781284070778,7.11744553727721,6.16838894606155,6.1353996586997
"6600",8.07935830356748,8.09926303966744,8.12112351625141,8.09926303966744,8.09926303966744,8.09926303966744,8.09926303966743
"6601",11.380013068597,4.34558130240201,4.34558130240201,4.34558130240201,4.34558130240201,4.34558130240201,11.2051623874922
"6602",4.82025753153228,3.60431986502842,4.77827718432546,4.54639078645446,4.55868345926787,4.54639078645446,3.53438167636514
"6603",5.16518707979336,5.16518707979336,5.16518707979336,5.16518707979336,5.16518707979336,5.08629661004623,5.16518707979336
"6604",5.20002459415361,5.41494022914604,5.41494022914604,5.42209469931949,5.41494022914604,5.42209469931949,5.40779372933833
"6605",7.42617238946998,7.42617238946998,7.42617238946998,7.42617238946998,7.42617238946998,7.42617238946998,7.42617238946998
"6606",18.6734717188887,9.72127766120496,16.5776885446075,16.2904378221755,15.8234830851797,16.2904378221755,9.8382953994339
"6607",32.2711370153019,23.5913123066407,25.037700320833,25.037700320833,25.037700320833,24.9096021585914,23.5943111037095
"6608",33.4550946956693,26.745197074877,27.6319198051498,27.6319198051498,28.4657757320219,27.6319198051498,28.1235986166516
"6609",14.7482322367491,9.33592597012729,14.7355086361562,14.2713220545431,14.4274077526652,14.7520209650671,11.0529550211531
"6610",23.7106250550025,21.702125034695,23.6848539972307,22.3220810956405,22.3220810956405,22.03543306959,21.702125034695
"6611",15.4996486727186,13.8316460993064,14.8104521846337,14.9038810285507,14.8264079896234,14.7529027378372,13.8944286980015
"6612",19.5983754634533,11.2689994340685,14.3101900727742,14.3950015679346,14.4958454376305,14.3346379085212,11.276527155705
"6613",29.5329747348071,22.3835242801483,22.7548781893437,22.78637814489,22.9816503672379,22.78637814489,21.3998384360399
"6614",31.7256558425896,15.6071314648421,19.9895515380906,19.9895515380906,19.9895515380906,19.1919416452834,15.3673621476447
"6615",31.06718308671,26.1687511828064,25.7136323973353,26.5896121661089,26.9182807721139,26.5896121661089,26.1355424930784
"6616",27.5908618267396,19.4371012415377,18.2621197001961,19.4371012415377,19.4371012415377,19.4371012415377,17.6663722944896
"6617",31.6246396083467,29.897773682643,27.2772761447138,26.8420083381751,27.4048487259926,27.2483558141432,28.8810931824922
"6618",3.82050268571145,3.82050268571145,3.82050268571145,3.82050268571145,3.95945471275869,3.82050268571145,3.89251804947051
"6619",24.1611744317831,18.353107575538,18.353107575538,18.564299605714,18.353107575538,21.5787103003518,18.3516855960789
"6620",10.0798304152866,10.0798304152866,10.0798304152866,10.0798304152866,10.0798304152866,10.0798304152866,10.0798304152866
"6621",9.19223406336107,9.19223406336107,9.84290981674846,9.84290981674846,13.0352039697614,13.3094046656793,13.3094046656793
"6622",21.0438998938666,17.4905674353298,17.9236365761201,17.9236365761201,17.6369018101919,17.9236365761201,17.4293465176435
"6623",5.85603507969403,1.92787432438497,2.14682556841833,2.19196628576365,3.12203629495436,3.12066336148204,2.73941541815185
"6624",6.74622594791232,6.8200946152988,6.8200946152988,4.76277880972576,4.73829772408211,6.8200946152988,6.49892432237047
"6625",4.30974100520554,3.78856634529745,4.33936393994152,4.31041340275592,6.61390675681925,6.7090492696751,4.8859193449998
"6626",6.23018524835646,6.4935384708318,6.4935384708318,6.32931099367357,3.95917725162521,3.89061353915285,4.0886657681931
"6627",9.8133831179559,13.2460578098902,6.27963855054834,7.77715085189033,6.46363664883336,7.16178943233927,6.54184406738226
"6628",89.4060991034254,88.6577218298112,88.4189602216706,88.7090199585549,88.5291141458671,99.624910636338,80.8756156583991
"6629",182.510332193716,181.682332865419,181.094308907009,178.869079819458,180.321444614328,179.339163433169,176.507871326322
"6630",72.9771649359532,72.9771649359531,71.9794452975953,72.9771649359531,71.5621115635391,72.212887908472,72.6145727173063
"6631",354.051062423327,355.720034842236,348.498433266993,361.259386629118,347.992425327824,350.954675519872,351.013670465969
"6632",160.584603686349,160.584603686349,160.584603686349,160.584603686349,160.584603686349,160.584603686349,160.584603686349
"6633",43.5333360824403,43.5333360824403,43.5333360824403,43.5333360824403,43.5333360824403,43.5333360824403,43.5333360824403
"6634",141.174165079504,150.969690100602,142.699645130871,141.26437720718,142.18905582795,145.152779063303,150.711182775177
"6635",13.2718178802956,13.7620374212754,13.8022994709373,14.1151130829292,15.003536187543,13.9438954849649,12.7147615516905
"6636",10.4993002506996,10.4993002506996,10.4993002506996,10.4993002506996,10.4993002506996,10.4993002506996,10.4993002506996
"6637",3.9508470497185,12.6357945086161,5.28356546421211,3.9508470497185,13.3619783403381,3.790761207882,3.9508470497185
"6638",7.74134713612844,9.5239088233248,7.74134713612844,74.8141098535604,5.902577329196,7.90441384794869,9.30248967167458
"6639",6.83662596266561,7.27592928191877,6.75064235904362,82.3004585603707,6.45885514859363,6.83662596266559,6.83662596266561
"6640",9.14539162580945,9.19023961747892,7.29758665942949,6.68171566806161,6.68171566806161,6.68181522318569,6.68171566806161
"6641",7.05672973476804,7.05672973476804,6.9679743448947,6.18043524154304,5.93790265290755,6.94792878461068,5.93790265290755
"6642",4.86772915333112,4.86772915333112,4.83901622902705,4.871335884421,4.85161897570748,4.86772915333112,4.86772915333112
"6643",9.52921150098596,9.52921150098596,9.52921150098596,9.52921150098596,9.86266835377676,9.52921150098596,9.52921150098596
"6644",10.9495479818784,10.9495479818784,10.9495479818784,10.9495479818784,10.9495479818784,10.9495479818784,10.9495479818784
"6645",4.38687245931709,3.85629804943665,4.38687245931709,4.38687245931709,4.38687245931709,4.38687245931709,3.85629804943665
"6646",65.7180863217903,65.7180863217903,65.7180863217903,65.7180863217903,65.7180863217903,65.7180863217903,65.7180863217903
"6647",6.36812980129159,5.85838081961327,6.55704501934221,6.26149695553114,5.85838081961327,5.85838081961327,6.0131274228593
"6648",51.5193975282296,52.4390091499383,53.6416362745307,53.8019516043331,52.9558467466749,52.387819166157,51.6397498791031
"6649",28.4129765664559,27.1024416664588,28.7855285716335,28.6885641529419,28.7855285716335,28.7855285716335,27.2692447627652
"6650",4.67079478249764,5.85348270476952,5.32675983093117,5.02581869453175,4.67079478249764,5.80319981954622,5.1837589103965
"6651",22.9242146242813,37.2871914203944,34.0678405652765,34.3756515328236,64.7608143587686,63.5445414312883,23.8122142380627
"6652",7.34852476585847,13.0965439445893,13.0965439445893,13.0965439445893,19.0793485915909,19.0793485915909,7.34852476585847
"6653",4.89586184203639,4.89586184203639,4.91386711055385,4.95786202843186,4.89586184203639,4.92390741012693,4.89586184203639
"6654",15.8716434585881,15.829299323102,15.8716434585881,15.8716434585881,15.7981843440704,16.0593635036203,16.2046975668158
"6655",5.39425009813009,7.23337158969021,5.8620346069284,5.62088621890721,5.60780976883478,5.6790665941341,7.36345614909443
"6656",19.9088711531667,19.9088711531667,19.9088711531667,19.9088711531667,19.9088121117362,19.9075933637192,19.9088711531667
"6657",27.1873099044892,24.5030690532967,25.874142123228,26.7149469204501,27.6469846855792,27.0032880332654,25.9398316239628
"6658",6.33620083359238,6.33620083359238,6.33620083359238,6.33620083359238,6.33620083359238,6.33620083359238,6.33620083359238
"6659",7.65965473758649,7.65965473758649,7.82607969043322,7.65965473758649,8.38355119406745,7.6612538451177,7.84411211012737
"6660",18.0736156389045,20.3283112762159,19.614008827412,37.294968102504,20.8114157193661,19.0505186165173,21.8372315627765
"6661",5.90460341444088,6.65851175961957,5.94543170825019,6.25187485508462,5.92237105912542,6.07242986676003,8.76996903427185
"6662",12.8323192209649,10.8884125990805,13.3345819862006,13.3345819862006,13.4355907337282,15.505506476223,12.1535738294422
"6663",47.5849678255717,14.7013400009635,11.2880023312491,11.5370491555837,16.2410893702266,68.8581441458219,12.9062571117506
"6664",13.0266182577698,22.0126413603379,13.0266182577698,12.1570999966034,7.74880515042226,7.33160257543747,7.92642122649407
"6665",26.3283151067536,26.1660036941538,26.4322491323863,26.5412224040602,26.4043224055887,26.5434485210358,26.7140778896319
"6666",31.1007444395865,30.805832063517,175.632378912155,61.7595552788913,28.021760521861,27.6418798214621,166.848614895001
"6667",23.9555742152719,25.2662998294446,23.9555742152719,23.9555742152719,23.9555742152719,23.9555742152719,24.4635407562737
"6668",6.31702523079099,6.31702523079099,6.31702523079099,6.31702523079099,6.31702523079099,6.42892409290234,6.1425727329146
"6669",13.417442311799,13.417442311799,13.417442311799,13.417442311799,13.417442311799,13.417442311799,13.417442311799
"6670",21.1090855616171,23.9051496120235,20.2851533225981,21.2703239354875,21.8998974165451,21.3362581507844,24.9402737030538
"6671",163.502846569551,35.0193193413075,34.5583984987817,35.2740902671455,43.0539142629989,210.633156825882,35.6048184789671
"6672",26.0191398012718,84.0914414936929,22.258084485048,28.3078837428993,28.767859523436,19.1858812255178,22.8574134206618
"6673",11.0867036206581,9.44259499117473,11.7317549671074,11.9861541580754,12.0931782999018,12.2109102086499,10.7884324230248
"6674",10.5406457648263,10.6535768942843,9.77723441763052,9.54744323820005,9.42282868087593,9.42282868087593,9.56385554514444
"6675",13.3717449688674,14.6664512650167,13.3760487583972,12.3693288391418,12.517458355769,12.3582854370263,12.7584270627575
"6676",50.1022233959349,46.6643268354852,45.8066925441681,45.8066925441681,45.8066925441681,45.8066925441681,45.8066925441681
"6677",28.6375731369287,79.4193819620497,38.6249273907857,23.2860427710331,27.8534686823612,30.7452132705026,21.2923953654568
"6678",27.2801898436743,28.1002372446523,24.051037579422,25.5973459975954,25.2668382967527,24.7294342418066,24.7294342418066
"6679",52.5467989691707,140.148085652383,35.2702163784575,55.9202785408922,52.3088334348367,50.1037120149317,42.9266554988387
"6680",50.0042165600535,105.557179270557,49.1149165677417,43.0280196034429,44.1133676925283,43.8299272766277,33.4558747077285
"6681",40.1009134983213,39.4851884377064,39.4851884377064,39.4851884377064,39.4851884377064,39.4851884377064,39.4851884377064
"6682",6.78911866855147,5.6119909457334,6.78911866855147,6.78911866855147,6.78911866855147,6.78911866855147,6.78911866855147
"6683",52.1551646252185,94.2283317026847,33.8191133918481,50.0307457234399,51.4366436373503,61.9608835896053,49.4243441538565
"6684",5.88618574694521,5.61914951919238,5.86512314890332,5.88618574694521,5.88618574694521,5.94371889637793,5.88618574694521
"6685",6.10951040713224,9.14413922572628,7.17268091501472,8.31992773619515,8.25278768480829,8.4715843974218,9.72800678250778
"6686",7.10077427813535,7.1035242508238,7.07385241251111,7.10077427813534,7.10077427813535,7.10077427813534,7.14198296837553
"6687",5.72863821812136,5.76241478187895,5.72863821812136,5.72863821812136,5.72863821812136,5.72863821812136,5.72863821812137
"6688",45.0560924464618,11.4207496214532,10.7331616760758,10.7331616760758,71.5856578560615,71.3567664102151,10.6372044489271
"6689",8.08957614076564,7.43610176129176,8.08957614076564,8.08957614076564,6.44337932859244,8.08957614076564,8.50598793705625
"6690",39.0272763680657,4.00043411889475,4.54143055496673,4.54143055496673,4.5759117182061,4.18584058366503,4.68112614575926
"6691",17.5059548586162,4.19406520003223,5.59371192462884,5.61374984241048,5.64188794075912,5.65575272526798,5.59371192462884
"6692",7.87035591807574,8.28508850557202,8.09866054094517,7.36093189167416,8.28508850557202,8.28508850557202,8.28508850557202
"6693",7.72988223492697,7.72988223492697,7.73444641556066,7.66325119155976,7.55735221985792,7.64133687151115,7.66721571454388
"6694",6.30881915596644,6.30881915596644,6.29076631684277,6.30881915596644,6.30881915596644,6.30881915596644,6.30881915596644
"6695",6.48666026549964,6.95704090939957,6.95704090939957,7.34610474573255,7.72326228798788,7.38202503676554,6.9301100647898
"6696",7.98086348967554,8.41128308450665,8.75119621281766,72.0510036716895,7.87325910356327,7.87618130970302,7.98086348967552
"6697",10.5284236956462,10.2843877143649,40.3183050413443,19.2451693269424,10.6442258800594,10.6263182336033,10.8392467882566
"6698",18.4363024200235,19.2913021749996,20.3441386519735,18.3408605815927,20.0469929520776,18.4363024200235,18.4363024200235
"6699",11.2949906276457,11.2949906276457,11.2949906276457,11.2949906276457,11.2949906276457,11.2949906276457,11.2949906276457
"6700",3.62128175097158,3.42042409380431,3.62128175097158,3.62128175097158,3.62128175097158,3.50310448420857,3.44799642590032
"6701",58.1715688862805,58.3558331119891,61.6886685436088,63.453589114737,64.9000745903129,64.8486421359401,74.0595396421277
"6702",9.93351150520339,10.7402096846426,9.93351150520339,9.93351150520339,9.91685048982073,9.52019182130303,7.87992231589178
"6703",3.21679801581949,3.21679801581949,3.21679801581949,3.21679801581949,3.21679801581949,3.1663509095556,3.21679801581949
"6704",14.9858206556668,15.0234125298138,14.9858206556668,14.9858206556668,15.1763777792254,14.6385812921617,14.9858206556668
"6705",7.67106863731537,7.67106863731537,7.67106863731537,15.1130280808202,8.0809638480463,8.01401569434186,6.56394746360171
"6706",16.5930297907308,17.3863154044878,16.8927150787147,16.4356495212951,16.7181669020357,15.2106898420781,16.6149539123297
"6707",11.543914480821,12.8604583613308,11.9205700667326,10.6375816535192,11.3461678942451,12.4998001373539,11.8145965925084
"6708",54.3143253307213,14.9753206468657,14.9753206468657,13.6466431777209,67.5513717606071,48.0507459930777,20.1586063604334
"6709",15.9066219088698,16.073740365917,16.8079808877172,16.073740365917,15.9117546704747,16.073779237585,15.8203413993343
"6710",4.42152968776551,4.64772096173286,4.69203755032926,4.83917986982953,4.42441349450003,4.21566907875027,5.19319978304265
"6711",5.96420920400814,8.77597905736529,8.16077614899551,9.20813048546735,9.08503171397964,8.34050108147532,5.53972483465306
"6712",12.722459619956,12.4074742249378,11.4645176921724,12.5788685579711,11.5206173458736,12.4074742249378,12.4074742249378
"6713",6.18522120126868,5.86302875032102,6.11264380230852,5.98717387417285,6.02456124932209,6.1475856766637,5.92607146331323
"6714",7.72094250344512,10.7257193666508,11.5672864734269,11.5672864734269,11.5672864734269,7.7334286717275,6.88645961282236
"6715",7.78565554187583,8.00425283205987,9.0109426950103,8.30864221354195,7.53355436897494,7.9083719908324,7.5044942112859
"6716",5.94662953576047,3.38628981512542,5.59464894710922,5.75756968977542,5.13775626721134,6.4478019388969,3.66448930893975
"6717",7.50358719983917,7.50358719983917,7.50358719983917,7.50358719983917,7.50358719983917,7.50358719983917,7.50358719983917
"6718",4.8223705808488,6.02179565169205,6.02179565169204,6.02179565169204,6.02179565169204,35.3471097807728,4.8223705808488
"6719",3.48988150415343,3.53464248932705,3.61919455320531,3.61919526526331,3.61919455320531,15.5898420725661,3.17148237920871
"6720",5.53506809164794,6.30521660665912,5.53506809164794,5.18014957580611,5.17834663144429,5.28022339789352,44.5744804402868
"6721",8.35594243047765,9.52115580549777,9.72814836603778,10.5798850824122,10.4208013064754,46.626596906774,8.93630645519368
"6722",8.64082453227902,10.1160770155538,8.41758649386361,8.64770374565561,8.94127515398783,8.63158548563995,7.54361029139016
"6723",6.12642154108564,6.99998654915231,6.64818801758963,6.99998654915231,6.79282527261716,6.99998654915231,3.45733779379636
"6724",15.8225773558941,12.1565342139747,11.0213038887077,10.4251003431656,10.9193887017856,35.4224888329649,16.3607713955719
"6725",2.84527178917298,2.84527178917298,2.84527178917298,2.79147228641739,2.84527178917298,2.84205146173331,9.38576235355473
"6726",2.87818685710908,3.41819671743626,3.65529666117201,3.54018123597415,3.60148639707048,3.49979994957755,12.8197570807037
"6727",8.57850815986968,8.57850815807045,8.61834650058631,8.57850815986968,8.57850815986968,21.6510244387966,8.57850815986968
"6728",5.95029314799607,8.01821776795304,5.91428307998661,8.15790482417274,8.15790482417274,5.96016623943659,5.95096148891899
"6729",17.1343157734907,14.0380414688346,14.1541842149825,14.1541842191835,14.1541842191835,68.8076661875856,15.1489933876674
"6730",4.55748464715345,4.55748464715345,4.55748464715345,4.55748464715345,4.55748464715345,4.55748464715345,4.55748464715345
"6731",3.85897682601127,4.50496041111599,3.7707939731245,3.85897682601127,3.85897682601127,3.87455241532141,17.4548451597835
"6732",11.0349425041025,11.5661734500249,11.7293770514144,11.7293770514144,11.7293770514144,44.3242996808803,9.61137871672952
"6733",3.65916997765126,3.65916997765126,3.65916997765126,3.65916997765126,3.65916997765126,3.65916997765126,21.4990455525897
"6734",3.93269575068998,4.33885689623121,3.91463583204948,3.91247820189855,3.91227448805218,3.91227448805218,21.2897027517213
"6735",3.18358161723066,3.18358161723066,3.18358161723066,3.18358161723066,3.18358161723066,3.18358161723066,23.8026602971586
"6736",5.98767918940753,5.98767918940753,5.98767918940753,5.98767918940753,5.93862870834805,5.98767918940753,39.6638575396381
"6737",4.65076764299492,5.12729571082365,4.79689078279068,4.69069930507182,4.93135023798974,4.79689021465953,22.9116236792286
"6738",8.10918145284261,8.04267968572381,7.86532983977629,8.03356112199844,8.10918145284261,8.10918145284261,8.10918145284261
"6739",8.86051070240661,8.10752343116494,8.96223205494534,8.52250324049663,8.56039564006499,8.6198512027171,8.06153437961252
"6740",13.2544007511492,13.1902566505866,13.2544007511492,12.6645235624861,13.2780602324613,13.2091969378253,13.243699698761
"6741",20.5825691326022,19.3579360004272,46.1062118803475,18.8288690512193,21.0215590433276,22.1533937624026,48.8985563899457
"6742",5.83937555098427,6.20566900721171,5.72450554664203,5.8393755508395,6.10516316433201,59.4554802080341,6.00182539946011
"6743",11.759534136833,11.5680424343298,11.5222558856228,11.759534136833,11.759534136833,11.6296955279699,11.759534136833
"6744",9.93411488985394,9.93411488985394,9.93411488985394,9.93411488985394,9.97292098203192,9.93411488985394,9.93411488985394
"6745",6.01538128946712,6.01538128946712,6.01538128946712,6.01538128946712,6.01538128946712,6.01538128946712,6.01538128946712
"6746",13.4527474984384,14.5971520433876,12.0670471009553,11.8761470904865,12.1930773133654,12.2469963505434,13.7038857279203
"6747",31.1387099090669,24.1060761746155,19.5420228150632,18.9311832418319,19.3775101805431,17.4668733195408,19.1676484204035
"6748",115.160103175491,91.1803696782509,87.5076819532369,86.5172625743869,86.5172625743869,86.5172625743869,270.657463094103
"6749",14.3749922292098,16.3564209154813,12.9568521354927,11.6987561880143,11.9030952831049,11.6541910163449,13.5777540154013
"6750",15.3855700161992,15.1714099786611,15.4678315059602,15.0778872469686,15.8802615578925,17.0990360489787,16.9576444208723
"6751",22.8470589438884,20.8025593075767,19.9018227439666,19.9961042297475,19.8933919776971,19.4559021087824,46.3307238134682
"6752",22.0630025594902,21.7770279714725,21.3875967322146,22.0630025594902,22.0630025594902,22.0630025594902,22.0630025594902
"6753",30.9780228265872,30.7419450850506,30.9780228265872,30.9780228265872,30.9780228265872,30.9780228265872,30.9780228265872
"6754",33.0645971678468,33.7721271933537,32.0706292068804,0,0,32.7420849781047,32.0706292068804
"6755",15.9352688857169,15.9352688857169,15.9352688857169,15.9352688857169,15.9352688857169,15.9352688857169,15.9352688857169
"6756",13.87938699035,13.87938699035,13.87938699035,13.87938699035,13.87938699035,13.87938699035,13.87938699035
"6757",48.2383308849426,48.4673355787058,48.8574100193422,48.8574100193422,48.8574100193422,48.8574100193422,48.8574100193422
"6758",14.2737156878075,14.2737156878075,14.2737156878075,14.2737156878075,14.2737156878075,14.2737156878075,14.2737156878075
"6759",26.4623830965542,20.8964374407575,22.2074303409914,0,0,20.3705331323477,18.1808450939477
"6760",32.0292674208163,25.9666772214783,33.5032126188979,0,0,34.372829521371,30.0144586786378
"6761",29.6640061558384,30.0768489615722,29.984590241531,30.0423608260535,30.1677184690774,29.8254778882665,29.6208789373039
"6762",20.2290453291291,14.3978998239786,19.7066421468333,0,36,36,14.3184841741557
"6763",22.8797565087772,22.0328458038788,22.8797565087772,22.5855204514483,22.8797565087772,22.8797565087772,22.8797565087772
"6764",40.0535792221438,32.7663992458106,40.0535792221438,40.0535792221438,40.0535792221438,39.9948479963521,32.7663992458106
"6765",25.1004943261645,27.139529950069,26.7586878225072,25.0679472902249,27.139529950069,27.139529950069,27.139529950069
"6766",9.31284005012839,17,17,17,17,17,17
"6767",14,14,14,14,14,14,14
"6768",8.85548285975503,7.40758075547676,8.86419495472094,8.83771584679132,8.83771584679132,8.83771584679132,7.36833313126188
"6769",4.36287401700682,3.68386652582144,4.87243651755488,5.12239206746152,5.1150558352161,5.6330283196617,4.35657282120379
"6770",7.30046741989024,7.30046741989024,10.840691414067,6.06429886223732,6.06429886223732,6.66348922975654,7.30046741989024
"6771",8.65351779262458,8.65351779262458,9.59927193867309,8.65351779262458,8.65351779262458,8.65351779262458,8.65351779262458
"6772",7.18611958052236,7.15423692323309,17.8179318073696,7.77138539855359,7.77138539855359,7.71591763442888,7.18611958052236
"6773",14.5841901820771,14.6518165902069,14.5841901820771,14.5841901820771,14.5841901820771,14.5841901820771,14.5841901820771
"6774",7.34735691818185,7.33671420468732,7.34735691818185,7.34735691818185,7.34735691818185,7.34735691818185,7.31808924723692
"6775",15.3036774249277,15.3036774249277,15.3036774249277,15.3036774249277,15.3036774249277,15.3036774249277,15.3036774249277
"6776",12.1717031410163,12.2594561494381,12.1467245526875,13.1349749955496,11.5012887856699,12.881032871659,13.2829701354417
"6777",17.4134642051658,17.5787987143895,17.2887617185494,17.3276586407719,17.2887617185494,17.2648119052356,17.2780193356628
"6778",4.3665837891412,4.13448618909133,4.41103480560307,4.13448618909133,4.35162931172522,4.13448618909133,4.38412429043115
"6779",19.998386326174,33.2203949663366,15.7264008287639,15.0253025498075,14.7014408305928,31.5742866376848,21.8652664487691
"6780",5.17263673612792,10.8380073941917,3.24272618040898,3.59325978033492,3.84139562238762,6.79293824883409,5.48987122467801
"6781",9.74198174509136,9.51039828796011,9.51039828796011,9.55199836659033,9.51039828796011,9.47839769708568,9.42771629829037
"6782",40.1262716261818,40.097320897113,39.7482745080974,40.1262716261818,40.1262716261818,40.1262716261818,40.1262716261818
"6783",29.2097065624956,32.1438491255859,30.2348626709481,30.007394133514,30.6781809049687,31.3640549457914,34.0359562580853
"6784",15.8839261140702,21.4916413453423,18.1838390214086,17.0083281144818,17.0216002287328,15.9657864580494,19.0268128258008
"6785",18.7305884149854,21.4214552170123,18.9569617077555,19.3046507759272,18.9181501254838,19.5630427366873,22.0040337219275
"6786",9.1290330340353,9.1290330340353,9.1290330340353,9.13282264916266,9.1290330340353,9.1290330340353,9.29757222847607
"6787",78.0945397238832,80.3566475600633,81.4532750881122,81.9689416360538,83.945324405942,87.0655019405314,91.6649095754136
"6788",39.5058921651998,44.2141251842348,39.4838142862045,39.2162003242481,39.03203074394,38.7905461921948,42.0977704951686
"6789",86.9595497546372,87.4198025063378,87.8655820080745,86.832448855137,86.6986603023117,86.5129135460377,87.3259927432037
"6790",21.4641134128653,26.9552863047726,20.3797819709247,21.265353232841,21.8203719486436,21.8474229803685,26.8024890364487
"6791",19.6373513167843,21.1882484554578,19.4688677925112,19.4723058025663,19.7007731144743,19.6659500427452,21.5957395805075
"6792",5.11100275887631,5.24881062263277,5.60619833041793,5.02375885219081,5.24881062263277,5.24881062263277,5.11244656018032
"6793",9.18513407618806,10.2716372579504,9.18513407618806,9.01958788118607,9.18513407618806,9.18513407618806,10.2716372579504
"6794",3.96922977625193,3.96922977625193,3.91299921603761,3.96922977625193,3.96922977625193,3.96922977625193,3.96922977625193
"6795",7.05037046976821,14.9189730193225,4.68336682605212,7.15302375678949,16.0545488464318,4.7890395211334,7.09119395458916
"6796",2.79119431384623,2.79119431384623,2.79119431384623,2.79119431384623,2.79514112243666,2.80896797166567,2.79119431384623
"6797",24.9367094297758,25.3889934912144,25.0660519127931,25.5168969791312,25.3889934912144,25.3889934912144,25.3889934912144
"6798",34.4637527509824,32.7916401609808,34.4637527509825,32.019218721831,34.0883184953869,36.488836448941,32.7916401609808
"6799",11.3605716571964,11.3343280970396,11.3343280970396,11.3343280970396,11.3562616076776,11.603067905167,11.6762834537161
"6800",49.5660624916128,49.301017845983,49.5660624916128,49.5660624916128,49.5660624916128,49.5660624916128,49.5660624916128
"6801",24.4060104358584,24.4060104358584,24.4060104358584,35.641280901221,24.4060104358584,24.4060104358584,24.4060104358584
"6802",15.8472412019761,13.7488752331673,15.8472412019761,15.8472412019761,14.7462474755533,15.8472412019761,15.4344999257588
"6803",10.4034069175707,10.4034069175707,10.4034069175707,10.4034069175707,10.4034069175707,10.4538246141945,10.536642069464
"6804",8.43248842893131,8.43248842893131,8.42756189935476,8.43248842893131,8.43248842893131,8.43248842893131,8.43248842893131
"6805",74.6317777884501,55.3002795375051,52.4653507580388,48.4577548302871,48.2310281189145,47.555986053395,47.8677161355104
"6806",30.448303636555,53.1091967961784,26.3553995332093,30.7088683398886,31.063679440563,31.063679440563,31.063679440563
"6807",11.5695940290188,11.5622758528562,11.8399038601914,11.5695940290188,11.5695940290188,11.5695940290188,11.5695940290188
"6808",46.8560136351741,112.352039805496,44.177100738847,34.6855900127389,45.6558915687743,47.5923546396956,47.8820666101032
"6809",42.2254021922725,87.6168089875449,30.5248008427006,36.1829752500028,38.3384096592811,38.3384096592811,43.2478149980532
"6810",54.4720516534264,54.4720516534264,54.4720516534264,54.4720516534264,54.4720516534264,54.4720516534264,54.4720516534264
"6811",53.4260193157367,168.913785779197,32.3613262434534,47.7826739143127,52.9681079481892,52.1702355940442,54.32942209698
"6812",28.0966361587093,28.0966361587093,28.0966361587093,28.0966361587093,28.0966361587093,28.0966361587093,28.0966361587093
"6813",9.91302564811865,8.01165203786137,9.97078010859191,7.75214924022669,10.2276533056998,7.70926021729912,9.79900819534663
"6814",11.9010160102455,11.9010160102455,11.9010160102455,11.9010160102455,11.9010160102455,11.9010160102455,11.9010160102455
"6815",7.40081446141414,6.86187958015598,6.6537502656676,27.1807113788129,5.1529608167086,6.65374532185658,6.65373953302269
"6816",19.8093157284916,20.0168193045995,20.0168193045995,20.0168193045995,20.0168193045995,20.0168193045995,20.0168193045995
"6817",5.32487273387082,5.32487273387082,5.32487273387082,5.32487273387082,5.32487273387082,5.32487273387082,5.32487273387082
"6818",5.96452347975453,5.77361609025419,5.77362019146043,5.77362019146043,5.77362019146043,17.525460728007,5.77361846843608
"6819",7.84782977416266,7.84782977416265,26.6266371501182,7.84782977416265,7.84782977416265,7.84782977416265,29.5547510028484
"6820",8.94776889633082,11.095260906569,30.1271519181583,9.34964906295995,8.51458174016634,8.5488066202146,24.4232926885781
"6821",7.45039660783334,7.45039660783334,7.45039660783334,8.04107180427444,7.45039660783334,7.24949764007985,7.45039660783334
"6822",8.73227704931266,8.14520359792446,8.73227704931266,8.73227704931266,8.73227704931266,9.00781584135304,8.73227704931266
"6823",7.10901410094138,7.10901410094138,7.10901410094138,7.10901410094138,6.96906527476291,7.07739326814897,7.10901410094138
"6824",10.7372119512008,10.4631258099845,10.7372119512008,10.7372119512008,10.7372119512008,10.0597929766187,10.7372119512008
"6825",7.10671770011453,7.10671770011453,7.61393430409606,7.53152414855654,7.10671770011453,7.43542251261136,7.7500208426191
"6826",37.3968880949684,38.4722540886621,38.4722540886621,38.4722540886621,38.4722540886621,38.4722540886621,36.7428963086976
"6827",6.63745784635582,6.63745784635582,6.63745784635582,6.63745784635582,6.63745784635582,6.63745784635582,6.63745784635582
"6828",19.0739712489458,12.8346514411161,9.58853315035601,9.22818535089553,25.3860156435909,29.7749642716902,4.47946202736371
"6829",10.583314794972,26,26,26,26,26,26
"6830",5.77072849314365,5.77072849314365,5.77072849314365,5.73805531439331,5.77072849314365,5.77072849314365,5.76210119574906
"6831",13.774680354439,13.8151620117494,13.4622914632272,14.0940893417515,14.1186152697485,14.4915092429214,17.8606299120251
"6832",20.2274728946462,19.9192078036005,20.3596210030425,20.5669225220301,20.4804294151842,20.4167599157459,19.1933901833298
"6833",28.6683847486138,20.1876162405549,57,22.5082299572241,23.9249791500102,24.6581677319397,18.3943634716463
"6834",25.3291856655114,22.8841497572994,35.1283812380479,33.49324695027,27.8463417893973,27.9996978293359,23.7222048940881
"6835",14.533682571212,15.6294973623049,51,29.0140386414247,19.7949716621904,23.6482726002551,23.088566187696
"6836",20.0033506184494,17.1505467458699,60,30.141421861537,24.4140647155593,25.7624620021018,22.5342729759971
"6837",22.4014738173404,17.9700086252296,96.4993183638229,26.3777939744734,27.4157633235057,26.2206380568075,22.6664012241804
"6838",40.2386273339371,37.412739258806,81.8022137888924,59.2754531307629,40.9312821730224,41.4019090383092,40.1989366084795
"6839",22.5135284090829,18.6360421901495,60,20.7305398779118,24.2462026444321,28.3549681015323,23.807289621943
"6840",6.56946136907502,6.56946136907502,6.56946136907502,6.48959468996611,6.56946136907502,6.56946136907502,6.56946136907502
"6841",28.4863289115747,21.6226562194794,142.391256191558,33.8212022477623,32.1611693224112,32.274085488398,25.9167174137446
"6842",24.8626145840809,19.0758230926222,67,17.4806758877341,29.9601331824143,33.2320656864252,27.1130899014187
"6843",20.5666816833693,19.1050334857597,61,32.9513449751691,27.9045747798062,28.3960886835625,23.5315760290573
"6844",31.2129124589277,29.5188310680075,76.2688609694233,31.8526707513955,30.6517854801372,29.9993377116313,28.0119428385118
"6845",18.8703271060148,18.8703271060148,18.8703271060148,18.8703271060148,18.8703271060148,18.8703271060148,18.8703271060148
"6846",30.1457730544266,36.9997329971878,35.923933979276,33.3480857673708,32.4579607731593,25.5716380877193,26.9518284974227
"6847",25.7082291528986,28.0201973662679,28.0172786622398,27.8362433036982,29.9174085150288,29.92330267349,29.92330267349
"6848",10.7931964031325,11.8573859090486,10.7931964031325,10.7931964031325,10.5484184073708,10.7931964031325,13.1095090690955
"6849",5.00231319788585,5.53905011450622,5.00231319788585,5.00231319788585,5.1115898279844,4.97532564793363,4.40983090100826
"6850",7.66741726534838,7.66741726534838,7.66741726534838,7.66741726534838,7.66741726534838,7.66741726534838,7.66741726534838
"6851",2.84623551301805,3.69029214291916,2.80362553137449,2.69652201636277,3.10447722342356,3.10701519322331,3.35243352635271
"6852",13.0402621235069,30.5467522657338,45.0625059137718,36.6681665859488,11.9634452166234,13.4549603984748,30.5472093927528
"6853",9.17323574662717,14.4023985927844,8.54989213965845,12.8867124279057,9.96895252975576,9.98323188924906,14.3982654764296
"6854",24.3203697570715,24.3203697570715,24.0654351457905,24.3203697570715,24.2808010404294,24.0014499795121,24.3203697570715
"6855",116.636876708766,109.219408312834,118.85610595514,156.948930073277,111.46590140928,119.957895614561,110.362874490787
"6856",305.215126632609,291.574921025577,291.973063545116,291.044800853592,285.119383076601,285.807178216193,290.566375277791
"6857",298.301233566552,290.188440430198,292.943579278472,291.494892014062,291.070725368078,291.690157116175,291.563474516958
"6858",107.588241433298,97.8269431227402,107.969186120883,108.698911577094,131.869555207897,133.529767654009,121.514133630586
"6859",668.015899207858,653.130635209746,641.654819064689,624.858065453504,621.62007027039,630.104904954578,665.679724832687
"6860",24.72648372913,24.72648372913,24.7078091569457,24.72648372913,24.72648372913,24.72648372913,24.72648372913
"6861",243.802260984684,242.969367775572,237.833569778443,199.552112080611,194.572727795327,194.967691821148,202.5477425308
"6862",38.1659674981581,38.1256904484247,37.1331481082271,38.1659674981581,38.1659674981581,36.6868899617716,38.1101520810464
"6863",218.647329237452,216.645442052844,218.279316558333,229.1067156705,255.848141866689,261.123765033381,262.341091224523
"6864",761.023406973397,845.482863635543,812.898565173916,763.994686256505,775.923655286052,811.606623126508,907.362062099661
"6865",43.6528774882245,40.7195100976771,45.0776984582565,44.5703958133795,44.4376604174803,42.9830032518612,40.4979850807991
"6866",30.5184138928975,30.4224646363872,30.4493505851685,30.5184138928975,30.5184138928975,30.5184138928975,30.5184138928975
"6867",40.067794872735,40.067794872735,40.067794872735,40.067794872735,40.067794872735,40.067794872735,40.067794872735
"6868",68.6247890284745,79.1595404175404,32.8037028540561,35.034194387681,35.0756172184649,62.9766170659136,64.618741541902
"6869",44.6624785202344,43.3125847871742,21.0521985669182,21.0522381195493,21.0522381195493,41.4579939354749,43.5920800435734
"6870",14.2769720586648,14.2769720586648,14.2769720586648,14.2769720586648,15.1101214653117,14.8787244061551,14.2769720586648
"6871",25.0210810649601,25.0502756444855,27.5704421097287,31.7414633279782,27.3997743539553,25.0210810649601,25.0210810649601
"6872",6.40262826313964,6.08975175537891,5.92768282016107,5.9540364395918,10.6460142565834,11.3052268016205,6.5922288062017
"6873",5.08834962377419,5.08834962377419,5.08834962377419,5.08834962377419,6.25274297028753,6.10481851354216,5.08834962377419
"6874",7.50682067092364,7.50682067092364,7.50682067092364,7.50682067092364,8.18480866161601,7.50682067092364,7.50682067092364
"6875",18.0370231554008,14.8797450913662,26.3018328930942,28.6314969422201,25.1803399488349,19.0841003454018,15.4723908854413
"6876",5.19194488533896,6.02273252508603,5.0811863254227,4.7599597232684,4.58578998243261,4.7599597232684,5.57965610274348
"6877",6.58385938417185,6.29827516251478,6.15905610339907,5.85116331846612,6.30961951782836,6.83065158242431,5.97462901102015
"6878",8.31980289039487,8.31980289039487,8.43753459817058,8.31980289039487,8.39047948940015,8.31980289039487,8.31980289039487
"6879",4.36067641181273,7.54891396303558,5.72048020305256,7.44127764146454,6.08477445161808,5.30815570506517,7.47855462830691
"6880",6.80613880531663,6.25775263002456,9.90260981688856,17.3425680191579,10.8503476253508,6.77643882057383,6.25775915761477
"6881",11.0185662520442,10.4427735258514,9.95630122238172,10.258796672896,10.0654459474319,9.84287008314228,9.84287008314228
"6882",5.82939762866177,5.82534752230275,5.82534752230275,5.82534752230275,5.82534752230275,5.80280960782833,5.82534752230275
"6883",10.9923871104348,9.66269566851066,10.2835901201209,9.74465882789544,9.74465883347388,9.74465883347388,8.60746977227487
"6884",4.7575295257289,4.7575295257289,4.7575295257289,4.63204919849454,4.7626037823415,4.75147588591522,4.7575295257289
"6885",7.03550710146732,6.65528897263257,6.24829684441416,6.87617767830405,6.94186793063708,5.76985082712829,5.68259825172909
"6886",6.83893280248226,6.62409747813509,7.39735486511097,8.0540363690143,7.65270325007134,7.01684244192984,7.82219400780787
"6887",8.36337172943108,5.03872621292818,6.13543935161026,6.24646303907831,7.68978300487609,8.11480212350267,12.6658501799126
"6888",10.6642987976891,10.6642987976891,10.5453747357578,10.6090414695036,10.6642987976891,10.7001440498622,10.532372740885
"6889",13.5859718561206,13.5859718561206,13.5859718561206,13.5859718561206,13.5859718561206,13.5859718561206,13.5859718561206
"6890",25.3309724871485,23.9902574858853,24.8414597931645,23.6158799211093,24.1880652663007,24.2286963272497,23.157324272229
"6891",8.42424002906907,8.42424002906907,8.42424002906907,8.42424002906907,8.42424002906907,8.22302194231169,8.42424002906907
"6892",9.16616484394747,8.4593112253503,8.44212959372979,8.09391213635251,8.6683739846301,9.16616484394747,8.5181181376539
"6893",3.9672850783043,5.17517162378349,5.17517162378349,4.48042755122858,3.78477123144822,2.77851992775905,2.77851992775905
"6894",6.71160620930344,6.57755253038819,6.59841623572753,6.59155241532684,6.59113073650777,6.51025060272055,6.80086817034703
"6895",9.47775536117224,9.57773138801281,24.2399084730122,17.790829180378,11.7289822462108,10.8748036594635,10.1272232624863
"6896",6.51693469192332,5.96856904559736,14.1708351976705,13.8217514293638,6.47670899409507,6.51693469192332,5.96856904559736
"6897",11.1282812748454,10.6513920214635,22.978540189281,19.1161502987298,11.4441826530519,11.3408670103426,11.0343437115108
"6898",5.60697895440965,4.23297057652493,7.46491851880114,6.81937742572886,5.57738588453318,5.56778766464004,4.46543431555297
"6899",4.47685983153593,5.66112735236533,4.47685983153593,4.26928435063193,4.47685983153593,4.47685983153593,5.66112735236533
"6900",6.82381502041673,8.8133241487204,7.09970097592576,7.19952780093866,6.65841409639,6.5663648380185,8.86640580560186
"6901",20.9485374422596,13.8359105912671,16.6220674197841,20.9844684367596,19.9624780207042,13.5317461464378,13.8359105912671
"6902",17.4668188117653,10.9655271460225,16.9522374467561,18.3328873374784,17.612390525887,16.1172420259831,10.9655271460225
"6903",14.9647781690076,8.52252591692527,15.8495011035254,18.1306812202481,15.9005284976295,11.2226383869153,8.52254240492785
"6904",16.3987775869681,10.8558288298657,13.4176785388112,23.306388838516,16.4523909739637,12.5559335967228,10.8558288298657
"6905",14.6254026184268,9.95516642086124,31.3770814025382,16.900019909464,11.2908844872093,10.7816366255147,20.6108309356797
"6906",8.66121287289896,6.01129739253076,6.5816333050342,10.8062704250353,10.4834085348622,7.33172803459497,6.0751189905044
"6907",11.7450220455738,6.61184581686124,11.1557966451404,17.5773112707105,19.5922704008858,10.1410965422047,6.55921772011445
"6908",13.9570448975837,8.69180236380031,15.2781043681213,18.5856571313724,13.0355507085725,11.5596384154417,11.1355986786479
"6909",7.87868846699459,6.90986285506331,7.24144374062188,8.33686055712926,8.14666070434969,6.8173014445367,6.45886475318867
"6910",54.6981102563356,46.6642935076788,81.3063779764824,86.3288984799433,59.1363072545262,46.6642935076788,47.296399032085
"6911",15.801646781325,12.1986097040185,15.8472712832678,15.3360549891218,15.6001317053569,14.4733109146096,10.5575335955458
"6912",29.5286267727023,26.6019184054883,32.3114292727195,37.6183190127343,31.4613364040552,26.6019184054883,26.6019184054883
"6913",44.4469425107119,30.9939237352373,66.1133948285857,91.6333943326341,47.1732799834918,29.7707609223024,28.1536927356167
"6914",6.81253206619027,5.30381455972114,8.98480707203679,8.65338978716001,5.12217623219574,5.30381455972114,5.30381455972114
"6915",12.5578907433534,7.0486298453618,17.1789218983741,23.6619825368365,11.6538989213796,9.87209624702438,6.89549978959405
"6916",46.6481253541004,20.3738015778811,38.9594057870751,57.5207427882169,45.3246427737525,26.0938779485029,20.3757708488706
"6917",12.9420162657497,8.80508921559828,21.6287372520797,13.6643186787327,11.4910032506326,9.84269533896812,8.80508921559828
"6918",16.7948600673301,15.7753660219542,16.5673553090578,22.044123294663,16.7139521467439,15.7753660219542,15.7753660219542
"6919",11.1146424109558,7.81025660683962,13.7570749642106,15.7961699992795,13.3945511466973,9.20885891844824,7.81025660683962
"6920",55.0225171164548,34.3798150978563,56.2725697061446,71.6970987716199,51.0955876402162,33.8060248540212,33.9027308792091
"6921",19.9421193960065,14.4870575050297,21.6102350170055,32.8241383294049,22.9052726259403,15.0111446968219,13.5063003485693
"6922",26.3952860290051,19.153613415683,20.6365054327827,26.0579083808669,21.9411207038552,16.9905900795238,16.6121453452494
"6923",31.8149992540355,26.8187891225191,28.0384203717324,38.6115272253085,29.5602557513135,25.8246888917764,27.0604845423918
"6924",16.4150658865607,13.6244041520014,20.855781231205,22.3336437411833,17.3936781431015,14.7842139662338,12.1496687419643
"6925",18.9857662700327,17.7342965334677,19.951120004152,19.9411953637716,18.9813614656367,16.2789837515579,14.2156655662709
"6926",11.3282167669569,10.080638556295,12.4065696857343,16.083179459765,12.7911982926402,10.9166120054474,9.99704708231258
"6927",3.66844184747353,4.17123432013476,4.36680738313935,3.89362249400054,5.83622623056656,2.85453932198186,5.10608954562381
"6928",44.5927511258668,28.0000607878724,38.5304008199524,58.8331514468125,49.8732463119706,34.4227842503075,27.368562693142
"6929",24.8990008255125,14.3807214233771,39.7225291029153,49.7027546209983,35.1612898809381,14.8631757077964,12.0761146982682
"6930",25.6951006959457,14.9372165378811,21.8923738030706,25.0400483168727,22.8626406127129,16.8080224440692,12.8694300112847
"6931",41.5953788163171,35.2843255969378,41.3906641139006,46.8180179232024,39.9047496792378,35.2843255969378,36.2620114753142
"6932",48.74310358893,26.5971972585572,47.5769199344104,62.2632023185108,34.3314218721129,29.3766818614429,20.469292859211
"6933",72.3978414109112,45.7855946662419,77.3996597898771,99.9213562538272,80.5713393058969,55.8098179677856,49.861419197799
"6934",38.8838503275375,22.8402721617113,45.817677813168,53.7674772768362,47.0690105375883,32.3484914775829,30.0799837804349
"6935",57.7599823575594,37.836958227986,61.3839352712735,97.2698748812509,57.1620376044935,43.4121555397698,38.0755775625573
"6936",60.7964925673087,37.9396460839302,57.2495150692642,67.8033911271775,45.4775951681127,37.9396460839302,37.9396460839302
"6937",77.7330409222452,21.9932663589226,56.9207788172038,83.6222901734757,53.901045045202,40.3025285230159,22.4099322981484
"6938",53.4269146940458,28.3765007935045,48.1917112467771,70.6043629246904,46.6322413841927,32.1896712355304,36.5744008358643
"6939",30.9843279663495,18.2926784332445,32.6106721917592,36.8932747919796,31.5355910660377,24.2182321347187,18.2926784332445
"6940",31.8366556788593,18.3575831550615,25.6955894201129,33.1712266261395,27.7215221377514,21.1958667784838,16.9108448454263
"6941",38.1825717307292,22.4463613053104,32.1393156508279,42.7496506941721,34.420716405379,25.8346530462836,20.3182904917562
"6942",34.5393347909092,19.3545154755351,29.6461291346957,36.7836476115929,32.8013731808513,24.2262592468177,14.8812734161671
"6943",39.6602608055056,22.1864290034682,40.1942740013963,55.3468032996676,45.396767028718,27.5835868790641,17.1638321729177
"6944",5.37988382808484,6.42839405009758,8.07626435988781,8.4228504185782,6.39926465129771,4.7395045804549,3.86455087667107
"6945",19.9882470017888,17.4299308581238,17.4299308581238,17.4393446542563,19.1813982713615,18.4105580543528,17.4299308581238
"6946",17.9954956780999,17.6586042253482,11.9817849992771,11.4420289799939,11.4420289799939,18.7997441425019,18.2385564890709
"6947",3.7343179384978,5.97235147986318,4.46203108075185,4.43208112968921,4.24734564837399,3.84043771167503,4.75685830012725
"6948",14.0157083768855,12.5262421405448,7.54892712915966,7.57589900754387,7.54892712915966,11.9161156625651,12.8713800932254
"6949",6.20226369626627,7.49854221477708,6.20226369626627,6.24066503721939,6.20226369626627,6.20226369626627,7.8447511223965
"6950",4.68320906806013,6.244398892453,4.68320906806013,4.87769856738158,4.68320906806013,4.49585558844267,6.24439889241502
"6951",6.04649523532377,6.04649523532377,6.05213465965922,6.04649523532377,6.04649523532377,6.04649523532377,6.04649523532377
"6952",12.1059790539246,13.7862325275505,12.1588849481986,11.4397319379979,12.6918229059486,13.063315073215,13.063315073215
"6953",19.7514655569633,19.1507896747112,21.2372392020737,15.4193031842797,21.3765388415697,24.6621483369081,16.6764292158142
"6954",17.5794868616287,19.846969911416,17.6507318485182,15.07077176155,16.7651912598886,18.6669087676699,19.1107218970099
"6955",10.1786355229451,10.1786355229451,10.1786355229451,10.3829794429003,10.1786355229451,10.1786355229451,10.1786355229451
"6956",14.59053393909,16.6648938957719,16.87821213557,15.7756647274424,15.0326201881995,15.529420775032,17.4151832365455
"6957",9.76336022896885,10.0128653465673,9.84382086416783,9.82373200054705,9.91309167778127,10.3217982840849,9.99054226067291
"6958",7.00584923164511,7.00584923164511,6.89008431437162,6.34118615202653,7.00584923164511,7.00584923164511,7.00584923164511
"6959",10.2319624004842,11.0949860544352,10.2319624004842,10.2319624004842,10.2319624004842,10.2319624004842,11.0949860544352
"6960",11.584205926044,7.09907808357549,10.1016699901189,15.5997583299158,12.1732464682305,8.80357328555921,7.01404449097203
"6961",8.71298582200492,6.2945393085757,9.12466612331434,8.71298582200492,8.71298582200492,8.71298582200492,6.2945393085757
"6962",16.0294265645081,8.18992479705437,13.519196801602,18.9001898947144,14.5752049190645,9.65954596952546,7.99857351215345
"6963",11.3011886380734,11.3855157715222,10.7084850824117,8.91873513476115,11.6553699945293,11.6702174446094,10.6077277508337
"6964",26.7958523183401,52.23299145385,20.6571369080118,11.4914272485214,26.3691819905183,35.4542475950574,19.3489291610914
"6965",20.7171481664099,26.5165938334559,14.6628364807425,9.80928684714501,21.1677203048982,16.0313561465668,27.5891314736065
"6966",21.0075799274402,39.887829801167,25.3253697382875,9.82705431393276,21.1983063045115,25.1865124012592,20.2573501899118
"6967",18.3004187807137,36.6988001511253,22.0712903918636,9.06615008083054,17.2944401097924,22.2803426327353,20.8556431443675
"6968",25.590242169213,30.8432632071177,17.8584073407886,9.84890233652516,26.6160905385421,19.900092105124,24.809386707919
"6969",15.9894442848042,23.3594981434648,19.5001398076989,9.3209125288519,16.7952367402847,18.1298041971326,12.3574112987243
"6970",25.3453996790094,31.0332729366144,19.7816727311663,11.8680805023653,25.9425039717949,18.3646505283047,29.3691988073556
"6971",10.9866922262868,14.0997266933447,12.5426227107098,4.38699003453698,10.1310712529143,17.7295463939304,6.6815144940809
"6972",13.1347341362238,21.7511755398393,17.9603161566787,6.82064655740378,15.8984577741679,17.5606077219329,14.1727271120672
"6973",8.46722874393084,8.46722874393084,8.48305023324769,8.46722874393084,8.53509912814647,8.61156872349404,8.52486235538554
"6974",18.322061576629,18.322061576629,18.322061576629,18.2254483921647,18.322061576629,18.3860326906903,18.322061576629
"6975",15.8573320180065,18.5673946268353,16.1105520064875,16.3046435458555,16.1754430647314,16.239479755863,18.5495334790106
"6976",26.4758072844071,26.4758072844071,23.5812564050725,22.9983476330454,23.3677891890954,26.4758072844071,26.4758072844071
"6977",17.7405885752391,17.7405885752391,17.7405885752391,17.7563332969138,17.7881975097485,17.7405885752391,17.7405885752391
"6978",23.6333071408523,24.5737235381941,23.6333071408523,23.6333071408523,23.6333071408523,23.6333071408523,24.2846007344506
"6979",20.7384026748964,21.0064567377389,20.7384026748964,20.7384026748964,20.7384026748964,20.7384026748964,20.7384026748964
"6980",3.84947676093543,2.83283634609655,3.68803750039757,3.8204064900986,3.77882336912422,3.89512754321937,2.61766572785246
"6981",25.6059934380775,25.6059934380775,25.1641784631262,30.1794274975415,30.9408708124163,25.6059934380775,25.2171242767206
"6982",17.9513274510809,18.7601851231276,19.0458179380624,21.4455933280594,25.2430175648432,18.8220019614759,18.0598361773864
"6983",6.13089872649426,3.85880719033746,5.91645652774395,9.9890883792699,10.5353810508889,6.18858944672521,3.99213690992766
"6984",7.20732300205298,6.13598710481678,5.6355496172071,11.0813156995093,9.10093294311659,6.01415145522354,6.02705404537905
"6985",13.1520262841574,13.0197154175439,13.0300380704863,13.9512650635957,15.9795078629006,13.0282248585165,12.2749605048059
"6986",9.70858596300036,8.7487382605969,9.70858596300036,9.82195730236572,9.95320552661817,9.70858596300036,8.52244846858744
"6987",16.8625113943445,16.7099361586801,16.8625113943445,16.8625113943445,16.8625113943445,16.6924269405144,16.7170979142161
"6988",20.5151243131972,21.8903558612404,20.887827724245,20.6688108827755,20.6738916851341,20.6423253286797,20.4702231529561
"6989",5.62895976282449,4.81342879254985,4.81342879254985,4.81342879254985,8.10458185585707,8.10458185585707,8.10458185585707
"6990",6.10794716421672,5.58180799688669,5.50372214305958,5.50372214305958,5.50372214305958,6.76753145858122,7.02845503089768
"6991",8.20967561920208,6.90541647882577,8.22299551881266,8.18044074647182,11.0234582081164,7.4489722088054,6.28126233248561
"6992",19.792824414713,19.8097848607793,19.8157209954709,19.8157209954709,19.8157209954709,19.806451679909,19.3685766366984
"6993",11.5823772770362,9.92166968760937,11.5276844290074,11.568623964179,15.9149625604239,11.5823772770362,9.91659524302289
"6994",32.4297327808199,34.3943785129087,34.3943785129087,34.3943785129087,33.7982253761182,34.3943785129087,34.3943785129087
"6995",6.08844903184486,6.08844903184486,6.08844903184486,6.08844903184486,9.07626679731956,6.07672064157547,6.08844903184486
"6996",17.8609758481452,17.4055271901098,17.8190269065946,17.868478802517,17.7885248959449,17.8609758481452,17.8609758481452
"6997",7.38903034799973,4.80060679992226,6.15187321486763,6.26161847778507,7.83128763171887,10.1193607019167,7.72754939322822
"6998",25.396700917269,25.1465498488765,25.396700917269,25.396700917269,24.5055522268357,25.4316611681626,25.396700917269
"6999",6.18298943353283,5.87254020896369,6.18861632659779,6.24634139944842,8.61324145375875,8.99594163627764,5.98380973850287
"7000",6.81375616666938,5.62371575420776,6.87989187209024,6.58963046571012,12.4227591579425,8.41375251024634,5.72250403515879
"7001",8.18952809367074,6.45987877806364,8.22092942190049,8.22092942190049,12.7818279784532,9.47876335027451,6.46693370640475
"7002",12.6724715704506,12.2765704881558,12.027459577113,12.043576526228,11.4046320507738,12.3338817593495,12.513353482357
"7003",19.1362613328966,19.1362613328966,19.1362613328966,19.1362613328966,19.1362613328966,19.1362613328966,19.1362613328966
"7004",109.863759567409,127.248088796268,124.360002028236,124.810897772535,121.935451971296,112.719715613891,99.6035852690559
"7005",251.601967662334,253.439963526499,239.992975504878,247.56501212442,240.682678250363,206.832338067137,266.404002111526
"7006",178.292946122206,181.406407814041,179.404462167,178.564172652404,181.81258079364,160.647488622737,185.83190297172
"7007",88.0934792812828,114.420985359935,76.9840517153025,78.7698770400772,113.575590071356,111.266121131009,101.547886216147
"7008",364.606902248798,378.506560731477,344.907630629369,373.471476332289,368.344719779797,320.411321966154,407.503003348545
"7009",10.4279270238995,10.0125476981999,12.3811863083936,12.9686040756135,12.2709664690498,11.5904452897643,9.83187654706692
"7010",21.3186717067617,22.5090890358047,18.5218366779548,22.5090890358047,22.5090890358047,21.7159709019548,22.5090890358047
"7011",138.840428630805,116.919346169895,133.417310380374,121.236534565494,140.322560241457,147.223265043805,147.704002057375
"7012",17.6492537623559,17.6082842118534,17.6492537623559,17.4676005816317,17.6492537623559,17.6492537623559,17.6492537623559
"7013",90.9768758703718,92.8353757265679,91.2718991461921,87.1216607889892,84.6892958824577,81.0242391801421,108.877017447454
"7014",223.295758379595,229.083297784232,229.909710770852,229.469046694834,218.11083349799,194.96541684192,230.365940784325
"7015",12.6840082898628,11.0000080308873,10.2499081837591,11.4026596523003,10.8517054833519,8.16773515024369,8.34279361094324
"7016",5.49397849692131,7.5127121531478,4.82244939917409,5.33857883434621,4.88860163198989,5.47478192381408,8.11999674506693
"7017",6.0111496361167,4.16401324871467,4.15241670032867,4.16401324871467,5.94840921321413,8.04774593025816,8.1074798720797
"7018",3.91280028462249,3.4062138219725,2.58398079684626,1.98955827102278,3.36281624814052,9.16058177737346,6.94676887044086
"7019",8.34641760921495,3.91727832170144,3.91727832170144,3.91727832170144,3.91727832170144,3.91727832170144,3.80813033553572
"7020",6.0232306523187,5.04814683448309,6.82223372688813,7.35477543230236,6.79309753795081,7.50845188432506,5.0400212431217
"7021",8.38255129194914,8.11668635250673,8.38255129194914,8.38255129194914,8.41946299492337,7.91967117351624,8.11668635250673
"7022",6.74834938134964,6.74834938134964,6.74834938134964,6.74542824832327,6.74834938134964,6.74834938134964,6.74834938134964
"7023",12.5027325703154,12.5027325703154,12.5027325703154,12.5077159741436,12.5027325703154,12.5645047515947,12.5958215016037
"7024",3.21958024856734,3.21958024856734,3.21958024856734,3.04080178817412,3.21958024856734,3.21958024856734,3.06812082940183
"7025",7.5086522697187,7.5086522697187,7.9930963096685,7.5086522697187,7.5086522697187,7.5086522697187,7.5086522697187
"7026",6.23062804768917,6.20253790728099,6.20253790728099,6.2134228636228,6.1572042561336,6.26586211153345,6.1457980258933
"7027",7.53884524963668,6.79111719216547,7.53884524963668,7.53884524963668,7.53884524963668,7.53884524963668,6.90146957051227
"7028",5.37737458431974,5.37737458431974,5.37737458431974,5.37737458431974,5.19470808806137,5.37737458431974,5.37737458431974
"7029",4.68074047905765,4.80527071132243,4.68074047905765,4.68074047905765,4.68074047905765,4.73712447120563,4.68074047905765
"7030",5.05704557986196,5.05704557986196,5.13398165308704,5.07313158580606,5.05704557986196,5.05704557986196,5.29730180418171
"7031",3.26626397639969,3.26626397639969,3.26626397639969,3.26626397639969,3.26626397639969,3.26310969784896,3.26626397639969
"7032",5.07025760860705,5.07025760860705,5.07025760860705,5.07025760860705,5.07025760860705,5.76178150268867,5.10046888336834
"7033",7.27920510888608,8.33021748722263,7.27920510888608,7.27920510888608,7.27920510888608,7.27920510888607,8.61624037390121
"7034",10.0109401403067,10.0109401403067,10.0109401403067,10.0109401403067,10.0119390075215,10.0109401403067,10.0112381197643
"7035",8.98076057202725,8.98076057202725,8.98076057202725,8.9668040592465,8.98076057202725,8.98076057202725,8.98076057202725
"7036",18.4421869118334,18.3053685569132,18.4421869118334,18.4421869118334,18.4421869118334,18.4421869118334,18.4421869118334
"7037",6.27720925142149,6.27720925142149,6.27720925142149,6.27720925142149,6.41493795160422,6.27720925142149,6.69271049721163
"7038",4.30907319205237,4.30907319205237,4.30907319205237,4.30907319205237,4.30907319205237,4.30907319205237,4.35496111935928
"7039",7.9825318697243,7.9825318697243,7.86366324666005,7.9825318697243,7.97509176589015,7.9825318697243,7.9825318697243
"7040",14.0720792437317,14.0720792437317,14.0720792437317,14.1117469487103,14.0720792437317,14.0720792437317,14.0720792437317
"7041",9.84790819952199,9.84790819952199,9.84790819952199,9.84790819952199,9.83982325407227,9.84790819952199,9.84790819952199
"7042",8.28365434635359,8.96619589233707,9.14968849744367,7.9483419741272,9.82616998849235,9.09821380324597,9.06815287414856
"7043",11.160512221349,11.160512221349,11.160512221349,11.160512221349,11.160512221349,11.160512221349,11.160512221349
"7044",7.77381928746148,7.77381928746148,7.77381928746148,7.77381928746148,7.77381928746148,7.77381928746148,7.77381928746148
"7045",20.3355032481751,4.76089225211411,4.63311173981354,3.68027161107719,4.93882288578378,4.93882288578378,4.93882288578378
"7046",10.3889297052385,7.20714817382857,7.09659324457559,7.072630124215,7.09658983982783,13.9268167219922,28.6243171165127
"7047",10.6314777158613,10.8043728641136,10.8288615889662,10.8289806167753,11.2903596513903,14.3079151217776,26.1768315371813
"7048",5.50749293956132,5.5210819107657,5.55411340803556,5.72754546096801,5.71267098039838,10.096570455609,16.1206433311909
"7049",14.9193355693727,12.1399798947027,12.1399798947027,12.1399798947027,12.1399814358865,29.6568840960702,50.9850291659428
"7050",22.7543336849712,23.4336923350192,23.4336923350192,23.7896676029762,23.4336923350192,22.7649570136719,23.0585540461902
"7051",5.20985280915814,9.11744168272383,5.13234060312128,5.1508971687883,5.15950905040488,5.12848470266776,9.3532063373162
"7052",6.08369106073628,6.08369106073628,6.21700974932459,6.08369106073628,6.08369106073628,6.08369106073628,6.08369106073628
"7053",16.8439617677275,16.4768847831063,17.1285662514282,17.0179598699107,16.7726930463669,16.8031176137757,16.9564234131099
"7054",6.72065368227982,6.72065368227982,6.72065368227982,6.72065368227982,6.72065368227982,6.72065368227982,6.72065368227982
"7055",9.03875123747437,9.03875123747437,9.03875123747437,9.03875123747437,9.03875123747437,9.03875123747437,9.03875123747437
"7056",5.42189978568703,5.42189978568703,5.23148478840914,5.42189978568703,5.45818987332789,5.42189978568703,5.42189978568703
"7057",6.72072525183543,6.72072525183543,6.79329531053292,6.72072525183543,7.13843348951822,6.72072525183543,6.88491466383688
"7058",30.8086036521959,16.7859737056357,11.3811093470985,23.5234529915958,40.9399591069017,31.9916873469298,101.144828948565
"7059",15.0158566459436,7.05670122719028,4.92492332562809,12.1455122229404,23.4769595469957,10.2795030555384,31.0362235741161
"7060",25.4575296000302,14.3009099778296,7.83265348625284,18.0928840146185,35.8119390749054,21.1930614882332,79.305818607364
"7061",22.1098921651953,21.6410948449632,12.4911933983574,20.2198041378722,49.0086328888718,32.9956764603303,108.220594963428
"7062",24.3355966640806,15.9320060481222,8.13327301691754,25.3985665722732,24.8105948317977,29.6714997066595,146.297799223186
"7063",133.421066013923,133.421066013923,133.421066013923,133.421066013923,133.421066013923,133.421066013923,133.421066013923
"7064",88.4414156631484,88.4414156631484,88.4414156631484,88.4414156631484,88.4414156631484,91.0108904533508,95.9228900059816
"7065",32.6662818691692,28.3033549406755,32.3849264858879,32.5775508349421,32.569829483858,32.4775654706224,29.8111450096504
"7066",74.8992547197201,74.8992547197201,74.0343178463404,74.8992547197201,74.8992547197201,74.8992547197201,74.8992547197201
"7067",13.5286160166486,20.4983444213536,25.7553146327134,23.2940719452733,7.70881950959167,6.34746765759983,3.91363367012365
"7068",13.8831261456025,22.7619223924214,30.3889429046294,28.6194361958335,9.06290742041821,9.30648187328972,5.43365734895356
"7069",16.1242349396804,25.6519045818588,28.5446587462021,28.5446587462021,8.86658221070179,8.54697321788595,7.11837815149607
"7070",14.6318477169696,14.5960093068812,18.5239774677351,12.6765775043351,6.52328188232216,6.5146043163462,3.69787635613622
"7071",18.5142829929896,21.3038686297683,27.6546814041147,27.7360734597029,11.0335855730021,11.0245393219802,7.2412909320796
"7072",17.7539115914933,38.184026396506,24.8456351001753,23.8479857185051,9.95087021141093,13.6052707589795,13.5708649876773
"7073",11.0923216369371,23.418034381789,23.1022402678285,25.5613159559193,9.82670074041115,9.90294555360074,7.11322640848258
"7074",10.1514537635211,21.5909726170353,23.4530876899396,18.8707421490212,5.37072594202522,6.28428474333572,5.26560315207508
"7075",17.9601001346151,26.6473646650819,26.6473646650819,25.357251565216,9.81269653052466,9.81269653052466,9.81269653052466
"7076",17.4625984210949,31.0150565790455,30.8896099706645,29.5942193145717,11.8833062377789,11.8833062377789,11.3603116635765
"7077",7.21618306156576,4.94374611619185,4.74160263737169,4.74160263737169,4.74160263737169,4.74160263737169,4.75962742845933
"7078",8.39679154916531,7.6525927644623,7.88387256258847,7.6525927644623,7.10088471471168,8.08866610888328,7.78229261738298
"7079",12.7623784665106,9.43632430859729,9.43632430859729,9.43632430859729,9.43632430859729,9.43632430859729,9.32872037489249
"7080",12.1291919862296,10.1468719027345,9.43031862987341,9.6974675938689,8.71522524611424,8.77747250110328,7.02930302541684
"7081",5.26349706768723,5.26349706768723,5.26349706768723,5.26349706768723,5.26349706768723,5.26349706768723,5.26349706768723
"7082",7.61883886477871,4.68666789971318,4.68666789971318,4.68666789971318,4.68666789971318,4.68666789971318,4.68666789971318
"7083",11.6904636601242,16.8537725401335,17.0983438616995,14.4904687671208,5.69254829602167,7.99038783786529,4.20854486291684
"7084",16.181134752363,33.0445708016019,33.0339138795738,29.106495645295,14.3415778622397,14.3415778622397,11.9752153106848
"7085",14.2860865539744,17.9860141966319,19.7687486908111,16.7465086878807,7.19601812780749,6.87882039200605,6.52924914083529
"7086",10.1375312586273,7.00318737730993,8.49502351070328,9.30550406189034,11.8010160427905,11.7504589290972,7.49649178707091
"7087",43.5672632417267,43.5737288950017,43.5672632417267,44.9862705384655,44.5339635504406,45.1248458091978,45.9787178607743
"7088",75.6306965891297,75.6306965891297,75.6306965891297,75.6306965891297,75.6306965891297,75.6306965891297,75.6306965891297
"7089",20.183684053595,26.3918886443713,10.9878027886712,90.1635504900951,158.276361295752,12.1140850908889,11.8667610244705
"7090",49.9405422833755,43.3954123009678,20.7950184141748,19.9001059174081,24.6597043759792,32.8622558648545,31.9419711630857
"7091",12.3772987104462,12.3772987104462,11.5955364786698,10.0178944762008,8.77676248541564,9.29185080092599,9.11003205430488
"7092",13.6154574071983,16.759568274971,4.14376714653997,4.15992635687995,3.69286953391071,3.65106428283509,4.83089358318245
"7093",9.55094376102818,8.91248969408283,8.63977221769321,8.64828686743528,8.68874626526902,5.67532213700322,6.4750897976562
"7094",12.5792776904577,14.4216577563023,12.8300633199656,12.4872800427416,12.4498661815069,11.9401765209115,17.3472221579813
"7095",8.15676669197482,6.39614580891596,8.03976801538768,6.1834403124649,7.62472519969525,5.90314734742787,6.80208967942317
"7096",4.01920334834368,4.50821987152955,4.71188495901233,4.15178631516896,17.1601719937033,28.4549929600286,6.12525996563397
"7097",6.63280699430589,8.14393068828562,8.1727049712621,34.7363596635199,54.6767257280535,40.2287069780917,46.1799258208389
"7098",4.37287696847187,7.78479743643213,5.86425354066967,24.2252288113697,60.0577797922627,44.1476223260848,54.1647397234818
"7099",5.39420787618398,5.39420787618398,5.39420787618398,5.39420787618398,5.39420787618398,5.32504137505499,5.39420787618398
"7100",5.88217701334218,4.66702355647312,5.81103125444039,5.78322878454553,5.7367838786182,5.91351868580536,4.84744147786143
"7101",7.19766440682968,5.89533613643506,6.90735783103985,6.94615249048101,7.205077530769,7.00483689038862,5.11917528886983
"7102",20.1290185537209,14.4970728024471,14.4033649962006,14.4970728024471,14.4970728024471,14.6186044985501,14.4970728024471
"7103",13.1512545681766,13.1512545681766,13.1512545681766,13.2767094175881,13.4169169928249,13.2719706189835,13.2719706189835
"7104",11.4370743247961,8.18408620461158,11.4370743247961,13.8343734698292,15.9303271614041,14.1091272403461,10.1572483550354
"7105",15.8259670478203,15.8259670478203,15.8259670478203,24.4080517704082,47.9472606139554,23.6801041635689,23.6801041635689
"7106",20.069157902662,20.069157902662,20.069157902662,24.3399768512424,46.8760378531822,26.0661905020988,26.0661590796543
"7107",9.631752560364,9.43969486267091,9.43970139921284,14.7991842403796,28.0915556346018,15.4266997997152,15.4266997997152
"7108",5.74361521239514,5.74361521239514,5.74641748899407,5.76573519351859,21.7304513782586,8.5582807278244,8.77388050647069
"7109",12.3438493137852,12.3560451968963,12.4663839518047,20.7298762657896,39.1945926035292,18.6047482484627,18.4574046176182
"7110",12.3294411051086,11.0834907876081,12.3294411051086,20.6393600121426,32.8251115905978,19.2204896094804,15.6757335675602
"7111",11.270184303506,10.9916698009275,11.270184303506,13.6508815975326,17.4074757447854,15.9775906065825,14.5031689086925
"7112",9.1590085400011,9.1590085400011,9.18139241116709,9.1590085400011,9.1590085400011,9.1590085400011,9.1590085400011
"7113",5.62526380222245,5.62526380222245,5.62526380222245,5.62526380222245,5.62526380222245,5.62526380222245,5.62526380222245
"7114",126.855626125888,11.1484563238207,10.7665913059779,10.7665913059779,10.7666205642058,10.4162517648272,35.9830730987497
"7115",49.2788090809966,5.59143243567767,4.7868090027922,4.82535394290175,5.0828420264084,4.93386383938343,21.5243967931159
"7116",10.1591350607471,8.90209413978058,8.90209413978058,8.90209413978058,8.90209413978058,12.6772375372716,24.5786624901823
"7117",9.85706712762748,9.85706712762748,9.85706712762748,9.75900207859135,9.85706712762748,9.48450079395364,9.85706712762748
"7118",12.22815397334,11.9545470812561,12.22815397334,12.22815397334,11.5988842837448,12.22815397334,12.22815397334
"7119",42.0221650097617,24.816175754583,17.927137512625,28.5387439936068,50.6905474426563,37.5935625714833,81.7852803191728
"7120",34.2645100097779,24.1252755265972,12.4969733993229,30.7343594943466,49.4860236762565,35.6881123583598,93.4181882873053
"7121",29.0346033872008,18.7385170230334,9.79677906106061,25.5762881077607,43.3717879684621,23.8560486933745,80.311452520748
"7122",16.1639412365931,12.5893025408039,7.4089388326988,15.4463857185008,30.7140737763219,34.8724808983617,80.2323091456445
"7123",19.5293767521803,16.2782143755584,7.05285946233774,19.6321750566603,30.8159632185711,14.8468165823099,58.6114568843195
"7124",15.7322533515191,8.83505085882704,4.35481910568906,11.6235635395978,32.5335794573285,33.1341943658533,76.1145253959464
"7125",22.7584285802565,16.4304257542491,5.34334789903171,24.1741392201178,33.3920794207612,37.22926610322,59.3548223873052
"7126",28.4555772369912,28.0672569355728,14.7082717617733,28.9099881565096,41.4232401988792,33.1940514486439,95.8809262271458
"7127",41.7973304072145,21.8068986735136,14.7990893228368,23.6784474358704,63.6684648620139,30.5534306301758,86.5945083177254
"7128",20.6854683107267,11,4.29924685052292,4.46797656488276,4.26834510374174,4.47289787495619,3.52254049450259
"7129",23.865827647297,23.865827647297,22.7135582334736,23.865827647297,23.865827647297,23.865827647297,23.4021733412028
"7130",11.9491521344056,14.275410332901,11.9858554488137,11.4269338009605,11.9129265461899,11.4745865856678,13.8384407960302
"7131",64.1009297870421,44.474696930382,46.9995755271094,61.6649695979459,62.2226938265442,61.9990266301591,66.5049179302067
"7132",44.9506463768376,39.7536184334401,41.4574556951869,37.529404785422,42.7414717645337,37.5294060856022,44.4616086602958
"7133",22.409242876218,22.2356135441652,21.9247190997185,21.5461644158402,22.409242876218,22.409242876218,22.409242876218
"7134",5.15545212694086,14.442764879722,36.3698229594428,47.5997812395237,35.0426574711526,39.9911984292116,34.3476033822325
"7135",6.0873567592485,7.34697425931165,6.4008528911935,6.20453285600097,6.15255562686109,6.16358473845881,7.75281844549224
"7136",8.57145973623488,19.666710895875,48.1390042842481,53.4523942286556,53.4523942286556,54.3023845508278,39.9814813290387
"7137",10.1749189721702,9.97995495609572,9.97995495609572,16.998010229639,34.4717801895673,18.9410810974899,16.84802967126
"7138",13.3086404086852,12.5153964718566,12.5717867015614,16.799031231652,31.1792072232048,15.2217689261482,18.4146187751645
"7139",24.7290320326682,24.6336596021358,24.8013955906202,42.9387373821136,53.6431230644751,35.9531653193908,28.8423110493799
"7140",23.1202946148863,17.8976223690016,23.3305371929084,35.5269891469904,57.1461019621373,36.7763228011779,18.2995045488402
"7141",49.6296585879718,26.1271224391397,28.3969095902892,40.1362236165435,66.8824022019545,39.6455867948341,26.0465270545891
"7142",14.8184567695731,11.2891498322108,14.8184567695731,30.3661398679203,40.205493766945,23.4644319732764,14.5631441040271
"7143",27.5208118766936,27.5208118766936,27.4623483139954,50.9720980069053,67.3678028641962,45.3636722366129,34.0295913160507
"7144",20.1061575103868,20.1061575103868,20.1061575103868,31.4125161150672,45.0229375732638,29.2420153912592,25.2861252211224
"7145",29.4831299452102,29.7095847968782,29.8183425562065,33.4067821229417,51.6265962934889,39.4289079631316,36.1948005425305
"7146",17.9460213201867,17.9460213201867,17.9460213201867,30.4916758601585,38.2971044746114,24.7480653141102,17.9460213201867
"7147",11.2083028495305,11.2083028495305,11.2083028495305,11.2083028495305,11.2083028495305,11.2083028495305,11.2083028495305
"7148",21.408316810231,22.6014302803019,9.91972857583399,31.7418428168109,33.0094438054603,32.0850745351229,110.727747953388
"7149",55.9028554320225,25.606457745607,18.5221160661384,30.4518391345211,68.9108584352118,28.3153832574255,102.739705473162
"7150",9.24397153629197,5.90696007935701,5.07300452697432,5.37235131396261,4.9046161425134,4.9046161425134,4.9046161425134
"7151",63.9660494013329,64.901015203952,64.901015203952,36.3948214730941,63.3532808209354,64.901015203952,64.901015203952
"7152",73.7134883333378,77.0349795164461,74.149937678225,74.1499369062293,73.3174764134185,72.9967987533251,76.1181063539
"7153",73.1464381261373,74.7153173176574,74.7112985181749,74.7153669019553,74.7153503389638,74.7153503389638,74.7153503389638
"7154",65.212778913983,35.4266508038274,47.4688048528592,64.6122506426628,64.8090376662956,63.9423675992702,35.1804074303654
"7155",4.05455464116387,3.93594278695543,4.03204706814188,4.02553433488603,4.02224304540702,4.01203423662313,4.01946357520788
"7156",16.0138720854884,13.5929926406971,15.7868343142523,22.106293798041,40.5084907493126,21.2617766028493,16.2621414965422
"7157",15.3557177112229,7.78578693579085,6.48136023085906,6.22953163793068,6.69215332876123,6.6863559733571,8.56877299225338
"7158",31.4811112204378,8.30346506045907,10.3458539485547,10.9761154824525,10.65089220474,10.1972139679448,9.88593083466202
"7159",6.75386960418951,6.51145285730588,9.97135114934517,6.30517416655664,8.14084959537755,8.19271229743573,10.5253842048589
"7160",14.4431674333634,17.1412285856714,19.2787408120514,14.7336508674265,8.60969741934276,8.921894038156,6.41393982878301
"7161",7.54462393637939,7.50638538386104,7.54462393637939,7.54462393637939,7.54462393637939,7.54462393637939,7.57211569681432
"7162",10.1978662002918,11.5934159490592,10.6097041465096,10.9067638097148,10.9623348612351,11.5148998028554,12.3941629590236
"7163",21.6594316508347,21.3250073558836,21.6594316508347,21.6594316508347,22.5048762352822,22.8345393283341,24.5593311499761
"7164",2.5415714533544,2.90412203892191,3.79509959202691,3.50558984716241,4.76971086253679,4.26230424551268,6.07212875396948
"7165",3.06701210220054,13.1397351389768,28.2766343760464,97.5545008801367,15.8663339216431,31.5348806173479,26.7634627077131
"7166",17.4705495296681,15.2789510266342,5.30130003392887,11.1854665330422,5.51095590729124,4.72108163068918,9.03195761585084
"7167",29.2554249767637,23.4851226154362,14.3745225329582,8.39695245772766,7.91217352568114,6.91236669226624,23.0215478914331
"7168",30.7003819168942,27.3040927533946,13.135260781246,13.135260781246,18.1349851202546,21.9751003231982,17.9991126644382
"7169",32.7373708302911,35.4743650294677,19.4227924441945,10.4092700833234,9.88474592042726,10.2416044683081,21.8104232343717
"7170",35.3151285395634,32.3050771325545,10.5457749253918,11.948957636099,16.0313768406726,21.1097664276447,21.7315038329927
"7171",26.4669006482752,23.6353078902743,15.7849708890262,23.4644926714752,12.0505942805888,11.163356312093,17.2401736536163
"7172",29.7073498208226,29.118404694539,17.9330075198135,17.9330075198135,20.018443430357,24.3239206463719,21.8471492836072
"7173",25.9030960189482,24.5077642270237,10.0681351412166,11.1176716523253,13.8520916626944,16.7039867833357,14.7472193065543
"7174",37.3685364624849,30.6931176459275,17.9044820505888,14.598314611569,26.6749736967797,22.2178474079097,25.4287731050975
"7175",23.5043955241257,17.6668632050702,6.30942200951896,6.30677256380401,10.0896979037647,14.8624079639079,12.4391966534063
"7176",13.6330323035778,10.5241575507995,4.12999550394929,2.48746168432253,4.27796835691906,4.26723255303856,5.00536803607737
"7177",30.2677196779946,34.6314321685941,16.1563566099551,7.8304647866383,7.38036878401818,7.14094497047332,18.6101952166206
"7178",35.0903922545667,29.8415034098126,11.3983365104659,12.6126225363205,15.5698883622734,20.2980095066827,16.2262974772392
"7179",15.4648054728161,12.6363005411728,8.15558415072692,15.0121981283755,6.18372345955478,6.55364724715923,10.34411510212
"7180",8.19288150418182,9.06594913260258,9.09149316187641,7.29085101649432,8.2754235488129,8.73450032795857,7.27338701167067
"7181",10.618340364796,13.9261787262681,6.58742771516323,9.08285153317962,6.34282477241318,7.11974969973039,8.47154530348602
"7182",8.44944012211594,8.44944012211594,8.44944012211594,8.44944012211594,8.44944012211594,8.44944012211594,8.44944012211594
"7183",11.8859318810413,11.6801465677624,10.5942505683841,11.190580021948,11.8859318810413,11.1235581034103,10.2177357431219
"7184",25.2810999726398,30.2593472589127,15.696697442263,6.95548229572886,6.33851845147648,5.98321373511962,12.8695261898174
"7185",24.9323533218441,21.157267993566,10.035365400785,10.7622141083485,12.79115477242,16.9767031858974,12.7341933408221
"7186",28.807418861087,29.985167450421,23.2465105335162,15.5475607501499,15.0845445960815,15.0845565040575,26.2982612308251
"7187",40.0188181926311,34.2387180189444,19.2189040226552,27.4240274020357,12.8279229790472,15.0717396006161,18.580022017521
"7188",18.4453894592134,19.3574716714877,6.38108486905206,14.5319412820579,4.6819900240835,5.32350204148027,9.88573324588968
"7189",27.1587697591888,21.5502534228097,9.35593903585132,9.35593903585132,14.5606845657181,15.8079843346262,16.9698456469108
"7190",49.365504461699,37.6648300456016,25.0489222706427,21.4677551966222,27.1800684834924,24.4134849820763,23.7845949679217
"7191",4.10653735239838,8.97048063016491,10.0709440502567,9.87825358297647,4.51457354799641,7.26396739395187,10.416739325715
"7192",4.05821288405284,4.07381696765541,4.05821288405284,4.05821288405284,4.05821288405284,4.05821288405284,4.05821288405284
"7193",8.40038900966563,14.4378749539112,20.0044204611954,36.5275870374134,35.2260680273725,32.021238590323,43.8765032398957
"7194",56.1199785145835,55.4162208398501,56.0393480488931,55.8244825058374,55.650781543983,56.28012714932,56.0447727463538
"7195",38.9167670871803,38.9167670871803,38.9167670871803,38.9167670871803,38.9167670871803,38.9167670871803,38.9167670871803
"7196",114.98202995115,114.98202995115,114.98202995115,114.98202995115,114.98202995115,114.98202995115,114.98202995115
"7197",158.896587408803,161.638031807668,159.310956664782,159.399541634594,157.25436320246,159.241379614742,162.308410116601
"7198",50.7784384818747,50.6891572735861,51.0711873905386,51.7372608944529,51.9876308781883,52.0976550240263,53.7084532496259
"7199",43.1954481397514,43.1954481397514,42.7886082327094,43.1954481397514,43.4654612341049,43.1954481397514,43.1954481397514
"7200",29.5400888906858,29.5400888906858,29.5400888906858,29.5400888906858,29.5400888906858,29.5400888906858,29.5400888906858
"7201",281.747621348798,281.747621348798,278.208406218974,280.668554443042,281.747621348798,281.747621348798,281.747621348798
"7202",75.1741906530962,75.1741906530962,75.1741906530962,75.1741906530962,75.1741906530962,75.1741906530962,75.1741906530962
"7203",34.0705765464738,33.6999565521367,34.6025176949528,36.9944714895606,34.9514287305293,33.7700677884066,35.8210227393713
"7204",170.272370399212,170.272370399212,170.272370399212,170.272370399212,170.272370399212,170.272370399212,170.203971387427
"7205",572.616849708515,601.192136404527,577.007489019548,571.753857777022,572.521113767102,572.513664579186,600.901496715941
"7206",10.4604435659263,13.6905471097912,10.461443686931,10.4374776829396,9.71505920852532,9.92041005807888,12.3547544777215
"7207",6.07294666725579,6.07294666725579,6.07294666725579,6.07294666725579,6.07294666725579,6.81134121767836,5.68141689598319
"7208",7.946314799356,8.31247588970275,11.1568560907748,14.3180561471109,10.9199187989453,11.0506801618433,11.1059793830211
"7209",4.27701331045046,6.26995719886532,4.86712897528568,4.954155167428,4.7818068513365,5.84687378139812,5.3977887742674
"7210",4.61089127169353,4.6108911560728,4.61089127169353,4.61089127169353,4.61089127169353,24.0577867823557,3.52543101055275
"7211",12.5146673207145,50.5420591452648,10.1435270634719,10.7773463578158,10.8803943974051,10.5200127682818,12.1081298300001
"7212",5.34975156343236,5.34975156343236,5.40935854728596,5.34975156343236,5.34975156343236,5.34975156343236,5.34975156343236
"7213",4.24943581442164,8.54098120381287,3.42279420045243,3.91154132699922,4.20609122850912,4.0971505014504,5.08271069539436
"7214",9.23408965966595,5.34318777464468,9.27477350766104,9.23408965966595,9.23408965966595,9.23408965966595,5.35147474399639
"7215",6.69307715652103,6.59922709050831,6.52787572100244,6.64266001476897,6.69267046739468,6.56583379570506,6.55532140775246
"7216",3.84611342842324,3.84611342842324,3.99251931107838,3.85512337905386,3.84611342842324,3.84611342842324,3.84611342842324
"7217",5.27125760348228,5.13848671783573,4.63634946609261,8.60842341763838,8.60842341763838,5.43136802633706,5.16796804170104
"7218",5.62896021805438,5.62896021805438,5.62896021805438,5.62896021805438,5.62896021805438,5.62896021805438,5.62896021805438
"7219",6.64908401011916,6.76216590967833,6.68321485651444,6.64908401011916,6.64908401011916,6.64908401011916,6.64908401011916
"7220",5.66396768163087,5.66396768163087,5.66395897327618,20.4020004022888,20.4020004022888,10.7136275150848,10.7136275150848
"7221",10.7373984777925,13.0594047443356,3.6109188098818,4.31939587610798,4.32280300602429,11.1664554090844,13.9297666124935
"7222",6.11380037720426,6.39333157427687,5.87655694035714,6.2409793240062,6.39333157427687,6.39333157427687,6.39333157427687
"7223",5.53298094420082,5.53298094420082,5.70126283915603,5.43693129664921,5.20246956178402,5.53298094420082,5.57483652649961
"7224",11.0807559401993,11.0807559401993,11.0807559401993,11.0807559401993,11.0807559401993,11.0807559401993,38.2622084427713
"7225",10.4403527951119,10.2908910033503,10.3506377555246,10.4403527951119,10.4403527951119,10.476629304355,10.7007373828291
"7226",12.0141020575872,12.0141020575872,12.0141020575872,12.0141020575872,12.0141020575872,12.0141020575872,14.2649465887653
"7227",15.8811226093177,17.666612922014,17.9240354135006,18.42582260758,17.4002394079534,18.4086579837044,18.3585082204542
"7228",17.1299858866035,16.2185115943089,15.2868558578243,16.6266437711773,17.7324002116509,16.2185115943089,16.8550141436322
"7229",16.7032357004123,16.6028098799939,16.5870507356346,16.4432947502458,16.7032357004123,16.7032357004123,15.819768377721
"7230",19.6417406838795,17.6059115003447,18.889116322659,20.2432608924721,20.1367595953831,20.136759595017,18.2559523590583
"7231",12.9070616223346,12.9070616223346,12.9797024454049,12.9070616223346,12.9070616223346,12.9070616223346,12.9070616223346
"7232",9.81097771912089,9.83434421938148,9.9290424419306,10.0064647010297,10.0027990650911,10.0571042786057,9.54601968327606
"7233",9.95180566751902,9.95180566751902,9.95180566751902,9.95180566751902,9.89610467506949,9.95180566751902,10.016890352779
"7234",7.85362626999171,6.62802251625837,7.85362626999171,7.85362626999171,8.01888937421131,7.8536262699917,7.85362626999171
"7235",18.5504595662688,20.0294885692134,14.9464034986973,14.7054733046888,15.1481474677353,16.5832980466503,16.7466712893003
"7236",10.1717948474827,13.2534526896669,6.99845752565303,58.3417456105307,11.6340907064985,8.73331172648079,13.9418113261545
"7237",18.4940672483489,18.4940672483489,18.4806876706663,18.4940672483489,18.4941076478493,18.4887746081022,18.4940672483489
"7238",4.87406119164925,4.3175810614433,5.13177661456971,4.90603628594535,5.10157690088878,4.96691171442552,4.44254796965804
"7239",18.6821416148676,14.505345390913,18.6821551575442,48.9376923313342,17.33274778314,50.3527638180227,13.7835848412179
"7240",35.4861011464565,32.2095254800848,34.5445653606967,41.4382496888146,18.4355862354914,53.3236540093013,16.9768165002007
"7241",17.014769554913,14.8982951163908,14.6326266013181,23.9147867391953,11.5014252161727,28.566787320727,11.0138989612063
"7242",14.4578118979787,22.353028796662,13.6242642539703,28.9303912502534,13.2000918590686,28.5748716491729,10.192764788998
"7243",10.6520717522957,21.8790672734636,9.73699694652838,24.495887870536,10.1264404474084,23.4566566260664,10.7899817129515
"7244",19.0409721136686,10.2512648464029,8.87072481167918,47.0664819571992,69.1701607664322,11.406224205157,59.6024792419904
"7245",10.6867438348604,7.04231275353722,9.43672011298488,31.6552330054663,8.72650869457047,9.18738891629412,27.0346285424904
"7246",8.55780024554806,8.55780024554806,8.55779902986776,25.2524986744081,7.8660734631983,8.55780024554806,24.7925937190343
"7247",10.3889880837231,8.65052476478633,10.6099578063159,39.4383167122029,11.1191549712054,11.0714993308784,12.8376018484559
"7248",10.6741674457688,10.6742138681198,10.3471944332387,33.6098344823943,10.6742138681198,10.6138149842318,14.2826770624953
"7249",7.81211936370419,7.8121246790846,7.8121246790846,24.3036619730347,7.8121246790846,7.8121246790846,9.51624758450694
"7250",19.9374377187191,18.7826531795856,19.9374377187191,37.2040967013394,19.7992147818355,19.9374377187191,34.5548389671829
"7251",14.1868816127599,10.467211644443,13.6580605794556,28.2088903716467,15.0203280644105,13.567831219838,19.8790771794413
"7252",30.5109241632195,28.0036872295493,27.1858653646145,59.6993333883626,28.0658129416948,30.1689167252015,56.6006723164706
"7253",16.2177485223162,16.4211582454383,15.1515566794302,41.5720267644504,14.7579176090818,16.0428222365202,39.703675727455
"7254",22.2582593387681,14.4722341872006,19.211961516514,49.1605894874032,18.5337899579871,18.9909948719333,35.7697393622006
"7255",26.0132642540205,26.0132642540205,24.7660921515504,54.1040632315325,26.0132642540205,54.1040632315325,26.0132642540205
"7256",15.7885344190665,14.9857706839375,16.1120911444845,43.7038800541723,12.9483704008746,43.1842073776207,11.4128018895467
"7257",20.8277377895827,20.7998903347608,20.7998903347608,44.8227213233015,20.7998682145884,44.3445684029471,20.9244353131673
"7258",14.4274041613548,14.5008173007153,14.611736427717,35.6852935038052,14.5012567164042,15.7196444167562,14.5830637190923
"7259",24.8382448437195,21.5758810368759,22.8617737171661,50.0384959758674,16.2029165094912,29.3203351418091,14.9166425222105
"7260",5.37906409890013,5.37906409890011,5.37906409890013,5.37906409890011,5.37906409890013,5.37906409890013,5.37906409890011
"7261",7.30899625300926,7.30899625300926,7.30899625300926,7.27311890015993,7.30899625300926,7.30899625300926,9.77801532193494
"7262",20.1118934797907,20.1118934797907,20.1118934797907,20.1118934797907,20.1118934797907,20.1118934797907,20.1118934797907
"7263",8.41658951651548,8.41658951651548,8.41658951651548,8.41658951651548,46.0542959745892,8.41658951651548,8.41658951651548
"7264",11.6842465720917,11.4728911083447,12.7358043033352,11.8681642890272,11.6842465720917,12.0737361440238,35.9060007074824
"7265",2.92783427170681,2.92826948840314,2.92783427170681,2.93973322012787,2.92783427170681,2.93289667593266,2.92704404913351
"7266",5.75145530685306,5.8928483017762,5.62450854298288,5.70357065302681,5.70347855055664,5.70356157655397,17
"7267",6.47671452301439,6.47671452301439,6.47671452301439,6.47671452301439,6.47671452301439,6.47671452301439,6.42905661434172
"7268",6.4139327451831,6.39516923236843,6.39516923236843,6.39516923236843,6.39516923236843,6.4563409860775,6.39516923236843
"7269",2.20052611949576,3.06298831345705,2.31394034352038,2.3032331416821,2.29210884915243,2.30649281332772,3.25052841398151
"7270",5.09397085889362,5.09397085889362,5.09397085889362,5.09397085889362,5.09397085889362,5.09397085889362,5.09397085889362
"7271",7.0617169431148,7.0617169431148,7.0617169431148,7.0617169431148,7.0617169431148,7.06950108147359,7.0617169431148
"7272",11.0549624837259,11.0549624837259,11.6078206756002,11.0549624837259,11.0549624837259,11.0549624837259,112.547007156216
"7273",6.11498480335598,7.45379499658432,6.11496906225511,6.11496905765784,25.0330015035982,6.49884128808007,7.96296876311101
"7274",6.88081610481841,8.77872128677447,7.65980353631511,7.81996809025166,65.2354849526672,11.7902611968332,8.61872422580753
"7275",8.68041114761278,8.68041114761278,12.551671110514,8.20129480138443,8.75658479802367,8.68041114761278,8.68041114761278
"7276",13.0757433608179,13.0757433608179,13.0757433608179,13.235653395508,13.0757433608179,13.0757433608179,13.0757433608179
"7277",16.5434224942557,16.5434224942557,17.5667093583822,16.5434224942557,16.8650305964158,17.5012240000232,16.5434224942557
"7278",7.85557733362381,10.8612040417917,8.39631356856983,9.96968034145421,9.58854258234391,10.3043349625395,11.108595966688
"7279",34.7284143339287,34.7178613503503,84.8036595396486,34.7284143339287,23.2438332009661,22.6278231523847,34.7178613503503
"7280",16.174552626753,10.9935568680922,16.174295009392,15.6309919265716,15.2864598898285,15.4288378159763,12.2436088864475
"7281",39.0438050330785,30.9046397000619,39.4895499036598,39.4895499036597,26.6203643172854,29.2553287366724,35.183066066809
"7282",12.5950368264401,12.5950368264401,12.5950368264401,12.5950368264401,12.5950368264401,12.5950368264401,12.5950368264401
"7283",36.8060896978778,40.6852165468526,38.0907497072908,41.7925895599002,38.3272091746967,37.0205791447335,40.083292596873
"7284",18.3625570759257,18.3625570759257,18.3625570759257,18.3625570759257,18.3625570759257,18.3625570759257,18.3625570759257
"7285",18.9386878868068,19.0561641578312,18.9596530404684,19.0561641578312,19.227290272626,19.0561641578312,18.8105220924157
"7286",8.57390774098543,8.59422483009632,8.57390774098543,8.57390774098543,8.57390774098543,8.57390774098543,8.57390774098543
"7287",27.743703267614,29.2076626000909,27.743703267614,27.743703267614,28.2783836740481,27.3130686491396,28.7491550864284
"7288",30.7800678940707,29.8351765416435,30.7617805130734,31.6385267044416,49.8947161401682,28.4376289980489,30.0248826074443
"7289",20.7898629277198,19.8086400986834,19.7473350986311,17.3127640904281,36.2207880922914,31.6686124231831,18.3027989288997
"7290",6.62360863703579,6.30093502960749,6.42862264269846,6.68507503009306,10.8889207628478,6.10460047231695,5.58711184682088
"7291",11.7963425222281,11.8459840836785,11.7963425222281,11.7963425222281,11.9946956470999,11.7963425222281,11.7468250013479
"7292",10.2258435969276,8.845644252173,9.65746519692376,9.56737017177531,9.61474694323401,9.49708972452063,8.63446266366324
"7293",5.01911605092633,5.01911605092633,5.0201319543972,4.96241888595873,4.90636531059971,5.01911605092633,4.94289961389997
"7294",35.1935472396532,35.1935472396532,35.1935472396532,34.8737255226915,35.1935472396532,35.1935472396532,35.1935472396532
"7295",19.1639063166675,21.5078600726105,17.614090197913,16.2528952997654,25.5878897671658,23.8377748060262,22.9464846732153
"7296",33.0920634867183,33.0900379555728,32.8401017803383,33.0920634867183,33.0920634867183,33.0920634867183,33.0920634867183
"7297",7.12583893559441,7.12583893559441,7.24803154082276,7.12583893559441,7.12583893559441,6.81816268555378,7.12583893559441
"7298",5.17563475563502,5.58751041912454,5.58751041912454,5.01607015111428,5.17563475563502,5.17563475563502,5.58751041912454
"7299",7.95345594152916,7.80691113486496,7.80691113486496,7.80691113486496,7.80691113486496,6.285418940318,5.87715295798368
"7300",7.34318990992625,9.181969179004,7.29584490381183,7.38215062100882,7.34318990992625,7.4585444366392,8.81117025484886
"7301",13.8802530321186,18.2673799200652,13.8802530321186,13.8802530321186,13.8802530321186,152.846945685953,11.5210767452762
"7302",30.794737312465,30.794737312465,30.7848304663516,30.794737312465,30.794737312465,30.794737312465,30.8013364639751
"7303",78.3608119008662,78.3608119008662,78.3608119008662,78.3608119008662,78.3608119008662,78.3608119008662,78.3608119008662
"7304",158.700109138749,168.478380371292,158.700109138749,158.700109138749,158.700109138749,158.700109138749,156.135100698461
"7305",122.202435177228,123.528225493975,122.186332524482,122.321382691487,122.070811816657,122.249301733514,123.528225493975
"7306",66.3096787271454,67.0357063415975,66.3096787271454,120.808643697657,66.3096787271454,66.3096787271454,67.889873953766
"7307",114.085666290172,130.85591236253,129.154868660696,319.464325927576,111.704722450173,130.85591236253,130.85591236253
"7308",134.376072941519,134.376072941519,134.376072941519,134.376072941519,134.376072941519,134.376072941519,134.376072941519
"7309",26.5715630457996,25.0778616962116,24.5191153288202,24.2513982569437,25.9034441750703,24.8212977998002,23.7926244893971
"7310",34.0953121778365,34.2797863224699,33.4015481591805,34.5708727372708,34.9791277613472,35.8287554456359,35.7460445495359
"7311",31.2833455043378,23.5071884916342,31.703177958119,31.2276629975265,32.6306326421187,35.3855011132385,25.8030927528744
"7312",11.0960834201351,10.6819542408757,11.146001914975,11.0960834201351,11.0960834201351,11.0960834201351,10.6819542408757
"7313",6.54808591469532,6.35783142457278,8.52073049679447,8.76708657374147,6.68906113812811,9.44825303417332,7.2875566103847
"7314",19.7901116520225,4.01103231634428,6.9201966367411,6.22504074564284,6.53718144527092,5.77003444752965,7.15400361184126
"7315",29.8496841482459,29.1833326091256,29.8095124953172,30.2356374606071,29.7859142585393,29.6880372980592,29.9594861338228
"7316",28.4002398421968,28.4002398421968,28.4002398421968,28.9338800196161,28.4002398421968,28.4002398421968,28.6432176413657
"7317",60.4930424546085,69.6682520932523,74.0621229638086,73.2975597294876,69.6077383843609,70.8718453846451,116.880543462386
"7318",94.8127958363579,93.7537998756091,94.8127958363579,94.8127958363579,94.8127958363579,96.0273033530053,176.27355278474
"7319",109.4469777939,9.80884555685246,7.81183680817396,7.52273556865757,41.4056976925223,8.11460389513961,9.18978983443994
"7320",48.980673635383,36.3642799636949,158.889350632351,38.7752764919337,41.7302406625421,41.7567062977945,35.9333862644801
"7321",35.3247229005119,34.2931834581055,132.516300365399,32.1438885352966,34.2969407503007,34.2931834581055,34.2931834581055
"7322",59.7773413230463,57.324855717034,173.702391532156,57.8240405999799,61.9855130199333,59.0562912252268,60.5651838965562
"7323",49.5579868163168,42.6367541507079,175.864920358334,51.6255963974006,48.1121774887862,47.7411687555308,44.3050912620313
"7324",59.2246596153066,52.6118682460224,189.611163050512,44.5495452930073,55.992710508577,58.8331621978413,51.5820749068199
"7325",74.277600422202,50.2110491626298,230.078050892653,71.55762482711,61.5343398760471,62.6934947395659,50.3551987127006
"7326",9.2334111980104,9.54705404342364,9.54705404342364,9.54705404342364,9.54705404342364,9.54705404342364,9.54603314359844
"7327",38.3991346442065,33.4916672955493,38.2974014158376,38.448844353045,39.4096075617969,38.064481355362,34.8964243127806
"7328",26.4781964742,24.9480085263203,26.4520690249205,27.5462297955388,28.055951973315,28.4041399645393,24.9480085263203
"7329",5.30317642809784,3.10987545955495,5.16412073482997,5.06150804662026,4.92788146666527,5.09868732092422,3.21813929879928
"7330",32.3852834701033,32.3852834701033,32.3852834701033,32.3852834701033,32.3852834701033,32.3852834701033,32.3852834701033
"7331",7.90053881702057,7.88569717461719,7.89490603419062,7.90053881702057,7.90053881702057,7.90053881702057,7.90053881702057
"7332",24.4426579411703,24.6749901258563,24.3362674563871,24.6755887863299,24.4922660509918,24.9033182624651,24.8426839048486
"7333",17.6140255981207,17.6140255981207,17.6140255981207,17.6140255981207,17.6140255981207,17.6140255981207,17.6140255981207
"7334",12.7662598400285,13.8608697198529,13.8780040728278,13.399269977085,14.1140294701094,14.1140294701094,14.1140294701094
"7335",36.5601117381542,27.7465220209988,34.2235984810686,98.7704530400645,17.1886122642438,34.3610552298446,26.8440907980631
"7336",20.6923212858563,30.2566646232857,30.2567102733115,104.46101512996,15.9624920605268,30.0541738113466,30.4301902249553
"7337",32.0475279831869,32.046980333442,32.047543241308,84.0929924365069,26.6272552894656,32.1020041284741,31.5632934217067
"7338",22.5793799452369,22.6908414500588,22.5793799452369,77.6013762340049,21.9252004594771,22.5793799452369,22.5793799452369
"7339",16.0022046078294,26.6121948790861,24.1736565507917,96.4228690421068,12.2731534263418,20.050959528345,26.9249181973716
"7340",19.0918076693712,19.1491340074374,19.6260571941126,96.8340939997008,30.4869928825372,19.0918076693712,22.48335664082
"7341",25.2448987490222,29.0913940025211,25.2400014050595,106.336158351506,24.1044984972073,25.2336241585733,30.3419565744556
"7342",33.0123650608292,31.572305577789,33.0123650608292,33.0123650608292,32.3923161160022,33.0123650608292,32.5977214608469
"7343",31.4484934553622,30.1337418866455,32.9056369240699,31.8777538519601,33.0893257843931,31.932937298202,29.355415585926
"7344",14.7953918353739,15.4711560283171,14.46336311966,14.3680197432764,14.3688935483541,14.3891950068315,15.9839001199252
"7345",38.1519212087177,38.1514636767163,71.9584218391544,38.2921055390348,38.1519212087177,71.511256976621,38.3946619098237
"7346",83.3301442707586,263.972024709657,76.9318322486169,82.4644934230807,412.814034737374,74.3968198056813,268.297490721619
"7347",42.8596164372269,165.87935682596,46.9377102634453,42.6739409152621,345.668195505454,46.9303480890289,176.835481143836
"7348",60.1636555387983,194.869430984344,65.9008507823141,59.5633050889926,381.104961758024,65.7283449325998,139.551455452381
"7349",56.5729032467244,216.647157862723,51.025224554631,52.1959586028471,255.450822727372,50.3170770727166,234.191025532521
"7350",104.01235426246,283.139664352109,103.749110611418,96.0564208478,431.238197376063,103.794548894615,271.057689808583
"7351",53.4334509897667,201.107470958497,56.2388499826552,52.9912664171699,322.416208083914,56.2973500107439,157.021703125041
"7352",120.491130195102,345.772758205915,82.1027399603465,114.769377782487,399.684054743244,82.5876817682784,272.10059160008
"7353",93.6104187276823,295.815629809164,92.6732830456091,89.7525795910449,521.637432013625,87.0355174696156,300.620708408939
"7354",82.8181129942904,251.125640666016,78.9706339629116,82.2402461336535,398.42383440053,78.9706339629116,260.459647866734
"7355",110.921852206149,295.047248658888,97.1656520948778,104.397879810266,385.893705996016,95.8377358039518,241.586767112103
"7356",79.0806397408486,198.721524918805,79.1083716790068,79.0806397408486,260.181555131345,79.0806397408486,210.243378235463
"7357",68.0025496156955,276.105450943338,48.4589593261645,62.1883204359206,436.367486155745,43.8828381704008,335.291832021694
"7358",41.5018884266935,148.238781180342,37.6134813951986,41.5018884266936,182.654388583361,37.4787451868254,126.608354433275
"7359",114.73282485772,295.974338554677,93.7301713954346,110.737832988162,389.457907990496,91.9003139198322,304.496973420656
"7360",80.8905618557549,260.611721122327,64.7056519507801,82.3294777189614,336.121264708969,62.5420588756358,251.806968081897
"7361",40.2138482513049,122.104041856868,34.3916361026361,39.4962997789797,257.664634335704,31.98259197694,116.13332541988
"7362",30.7878952956074,8.02103308518264,75.9438855553261,14.7460438907806,17.7613157162201,18.6557697848276,15.6931619540325
"7363",65.0703140331689,32.5267371362323,78.7466502339003,36.3673511566266,35.8745620592126,36.0431812434888,34.1517414654273
"7364",16.8157177952167,13.5757953390078,31.5847327257063,17.2045008876677,17.2045008876677,17.2045008876677,13.486743437644
"7365",54.8613718386845,194.374144800389,52.2970032399093,55.5913865036636,272.324149418599,51.6597064663517,48.9214907256068
"7366",47.7861377291123,169.747338351737,58.8386369668641,46.5956070402799,273.145863603024,57.3786889864537,84.8634522750343
"7367",55.2660852168874,164.169741283028,51.1971791088561,55.2660852168874,222.257097202861,52.3115117787651,73.2152837477501
"7368",51.4211296316414,187.045899195538,47.5549714104281,48.1432615952135,256.429741901045,32.8447476187807,53.7855030594587
"7369",17.8620880544092,18.9549604479223,38.6452194431247,16.9799503409753,19.0266320333934,18.8056554647568,19.2270755538626
"7370",26.1325583907271,26.1325583907271,36.2982118065325,26.0596634820095,26.1325583907271,26.0778129881558,26.3164129659579
"7371",20.7391815980557,18.4719463003719,37.4329995138481,18.6767270346884,18.9013986008442,18.6524388676941,18.8589917632684
"7372",17.21629691239,8.78249841494373,9.03133701781214,9.90647829276605,10.5421358843049,8.56162891462066,7.03551890068111
"7373",20.9768886471149,6.08503483479252,21.8912087026515,6.23959806719938,6.11315218411685,6.07977036038591,6.07977036038591
"7374",165.238194400735,13.3960638044243,16.4849687515429,19.7609272407478,79.8505073901032,13.0614632591921,17.1191998651365
"7375",8.17087493127725,8.17087493127725,7.87403718796119,8.17087493127725,8.17087493127725,8.17087493127725,8.17087493127725
"7376",40.5582274713149,6.23090143718258,6.23090143718258,8.04368335365641,40.5582274713149,8.0513693611899,8.0513693611899
"7377",8.46777992308786,8.51703328955276,8.46777992308786,8.46777992308786,8.46777992308786,8.46777992308786,8.38016757187768
"7378",21.501430396912,27.0135231603898,6.13376441018509,15.475128349627,21.8615354084982,22.227157525409,28.1012869372536
"7379",5.65881347365582,5.65881347365582,5.65881347365582,5.65881347365582,5.65881347365582,5.65881347365582,5.65881347365582
"7380",16.026460433029,18.5298731517723,5.9378717058007,13.245202812159,16.5528170575791,17.1025618366857,19.5944497882679
"7381",99.2935856607187,99.2935856607187,98.3445362766068,97.5188910246796,99.2935856607187,99.0407423917293,99.2776864325126
"7382",91.389891801744,91.389891801744,91.389891801744,91.389891801744,91.389891801744,91.389891801744,91.389891801744
"7383",80.422692699483,80.422692699483,169.582350563105,80.422692699483,80.422692699483,80.422692699483,80.422692699483
"7384",127.409442672253,138.346041506552,131.006314975128,129.881193985482,131.783152470885,126.635870598493,137.366936730174
"7385",63.0655335532656,63.0655335532656,63.0655335532656,63.0655335532656,63.0655335532656,63.0655335532656,63.0655335532656
"7386",69.1984809413865,69.1984809413865,68.5708809196371,67.8778045656527,68.5891298419025,68.0279708961593,67.6643627190128
"7387",81.5860652157992,81.5860652157992,81.5860652157992,81.7827164013112,81.5860652157992,81.5860652157992,81.5860652157992
"7388",133.011102387493,139.686569822661,135.40996890033,134.829707619341,133.72737263362,133.011102387493,140.142250750711
"7389",111.834578870976,118.636398716774,534.284451294436,80.0308286048553,113.610223864888,108.081524008726,122.756837106006
"7390",92.5662577583772,98.9299044329332,315.014047416657,58.560895102973,95.5494261264121,90.9345884552194,103.702733798599
"7391",147.826156133102,112.415585071048,437.166380741432,81.1575399490223,114.549630680423,115.502442710661,117.490760309559
"7392",32.3980974120581,32.3980974120581,32.3980974120581,33.0988170114777,35.3559815698626,35.7388992946584,34.7061964126816
"7393",24.2589327975766,24.2589327975766,24.2589327975766,24.2589327975766,24.2589327975766,24.2589327975766,24.2589327975766
"7394",21.7406341044336,21.7406341044336,32.4102223459913,21.7406341044336,21.7406341044336,21.7406341044336,21.7406341044336
"7395",39.4976346540653,74.400335407158,37.1379173475193,39.5807701384453,39.3107206162712,39.4976346540653,40.4870428774907
"7396",21.7959099821097,49.8435544449475,16.0249249017695,23.1442756778582,25.4905400806596,23.1442756778582,22.0495016851494
"7397",5.73435637017707,5.55880286549343,5.55083479886101,5.55083479886101,5.55083479886101,5.55083479886101,5.55083479886101
"7398",12.006348379673,17.4202377039368,3.89387177922401,12.9329805820841,3.89671069332797,12.8724133034889,16.9761884534596
"7399",8.33622368309666,8.33622368309666,8.35295104154844,8.33622368309666,8.33622368309666,8.33622368309666,8.37366276957245
"7400",16.5932491030519,17.7759830580789,10.4990905501796,10.3932285097615,10.3932285097615,17.4987365075269,17.5291664080368
"7401",6.12311998053164,6.12311998053164,6.12311998053164,6.12311998053164,6.12311998053164,6.12311998053164,6.12311998053164
"7402",12.3310351833154,12.293118238326,8.22111196329519,8.22111196329519,8.22111196329519,12.3310351833154,12.3310351833154
"7403",3.76310930602194,3.76310930602194,3.76310930602194,3.76310930602194,3.82259521958236,5.84308397462387,3.67819230424185
"7404",10.5420325948344,9.83653768196677,10.5420325948344,10.5420325948344,10.5420325948344,76.8374040068408,9.84052352175233
"7405",20.5045213623109,20.5045082040307,20.5045213623109,171.137735904561,20.5045213623109,20.5045213623109,20.5045213623109
"7406",18.1495332344216,11.1633172359354,15.6320937213321,162.662239176276,18.4650560061912,15.9105812219165,11.3342796118177
"7407",20.6014034733912,15.8359746488412,18.0060715782183,153.887593731526,21.1767850367074,23.3368074768451,15.5716188471901
"7408",26.9313853854693,15.2733601498567,21.0606745383599,230.144784216725,19.158231900207,13.334139598732,16.5470411822561
"7409",7.1290960035114,7.1290960035114,7.16990931495318,7.36220590736194,7.13401300942598,7.1290960035114,7.1290960035114
"7410",10.0994760105151,11.5780962694127,10.2599913967649,10.2805182177944,10.2541186495519,10.3836261817135,11.5164851038023
"7411",3.94661729515067,3.94661729515067,3.94661729515067,3.94661729515067,3.94661729515067,3.94661729515067,3.94661729515067
"7412",13.5244894571588,13.5244894571588,13.3856273071176,13.5244894571588,13.5244894571588,13.5244894571588,13.5244894571588
"7413",18.2309959696599,18.2309959696599,18.2309959696599,18.2309959696599,18.2309959696599,18.2309959696599,18.2309959696599
"7414",8.95877209624209,8.96504933556928,8.8840800220732,8.95877209624209,8.95877209624209,8.95877209624209,8.95877209624209
"7415",19.0824055736058,19.1444830883778,19.317497861056,19.2007733559339,19.0824055736058,19.1028399651031,19.4786676783744
"7416",5.22596945890693,5.22596945890693,5.22596945890693,5.22596945890693,5.22596945890693,5.22596945890693,5.22596945890693
"7417",20.203458117474,19.1346741517537,19.396180037656,18.2140836265329,18.5509764904765,17.6825868625985,17.1070876297383
"7418",6.20427853716398,6.20447244725368,6.64363675376775,100.981627018464,6.999899253243,6.85558287057729,6.52572903560276
"7419",76.5242597487215,76.4497251682219,76.3922896586057,237.62568692912,66.104594315039,76.6926506361041,76.4941155984401
"7420",107.487161904873,91.2038395686357,108.592608788682,280.658300731903,88.4619234305947,104.979285974116,88.3806215274467
"7421",65.8831732668946,66.5422797326489,63.7186212347559,229.068324444773,60.5802352516376,68.7167168802647,63.5156432306794
"7422",83.8209920133722,84.1063938518888,83.0576397069783,273.585067795649,64.4754167551265,89.2693734131266,84.3135627213105
"7423",54.085026643091,45.6774986277282,56.9295893582339,216.87071112721,53.0757461214266,55.0931206672534,42.2251376412804
"7424",106.750397516964,106.86246431817,106.750397516964,142.928712529831,107.168279969212,106.750397516964,106.750397516964
"7425",25.8012063714498,21.6417469007284,25.4935515112983,47.2711557644376,25.4662638175667,46.5834336378732,21.4787018097006
"7426",5.1068065832687,12.5770627823122,9.72870945001103,61.0549893060081,51.0767090933625,6.45513807624205,90.4674903430777
"7427",6.11067490156334,6.10622604601619,6.11492735069511,23.1879498232883,6.16404283457483,6.14089136561375,23.1879498232883
"7428",46.008509525525,45.7970022154698,119.622772519454,46.0004962362109,30.1550036282278,28.8272638564943,46.0004962362109
"7429",64.9825352398661,61.2690721047966,182.832152376578,53.6365362545289,41.1002297020844,41.9015665450915,70.9210987572044
"7430",20.4373818026233,20.4501947132799,20.6585597877667,19.5972151335738,36.150090851751,16.6740554203599,21.8463971717023
"7431",21.0669573978039,21.4963348583889,21.0669573978039,21.0668371086041,21.0669573978039,235.612685789696,21.0669573978038
"7432",17.0071690526274,17.0071690526274,17.0071690526274,16.4738396589311,17.0071690526274,155.451142729055,17.0071690526274
"7433",12.7380714745325,13.3703254535892,12.7819388364528,12.3134508992194,12.7380714745325,140.096008030578,12.2597477395476
"7434",101.012522319541,106.318149380307,101.012522319541,251.037026404553,101.012522319541,101.012522319541,101.012522319541
"7435",108.736448102778,118.175041071467,118.175041067756,284.927529787057,109.891557822429,118.175041067756,118.175041067756
"7436",21.4861449739801,9.69582467678899,9.69582467678899,9.69582467678899,9.69582467678899,9.55782871363464,10.2764613618482
"7437",39.2412487645327,34.2372883932596,156.707457377317,39.0508229732848,34.7466195571265,34.7357167665847,34.3446794917384
"7438",31.5537438411542,29.9927817272434,30.146938851951,29.7783334269514,30.1148323955685,30.0569866384071,30.0569866384071
"7439",90.9311581542455,79.4965080420796,90.9558139385195,90.9558139385195,90.6860316446601,90.9311554068452,77.7316532302018
"7440",82.6356088150123,45.2592038815799,74.0323127615793,77.0667542051115,78.7624185120265,70.9847205277258,41.6594026640299
"7441",92.5679511161893,51.5287288430447,85.1587392068373,84.1251203473646,86.3927555094925,84.5978052099731,51.7892785005804
"7442",59.9737393355919,51.64427778515,58.828243600154,58.9391028743974,59.0977048581409,58.9609039567867,51.5925717926295
"7443",74.7990777542226,50.1481875587208,70.6906699497508,70.4384179521946,70.8819443653223,69.6790670500759,50.2168377068459
"7444",10.4314046964042,10.4314046964042,10.4314046964042,10.4862563349764,10.3566173935659,10.4042467427758,10.4117805955376
"7445",98.9650617653518,105.53074182831,98.9650617653518,98.9650617653518,98.9650617653518,98.9650617653518,108.130411847866
"7446",47.9798540146334,47.9798540146334,47.9798540146334,47.9798540146334,47.9798540146334,47.9798540146334,47.9798540146334
"7447",10.7954975587391,14.8563168996633,10.718510440222,10.9299910681396,10.9958825363952,11.0238878987468,15.5718132061191
"7448",6.43833799542646,7.59687376980212,7.19075652466448,7.1024575957392,7.21784734713,5.20570893864755,6.94411478582927
"7449",2.88096606014918,2.88096606014918,2.88096606014918,2.88096606014918,3.09774525159557,3.11695390912959,3.11162106003476
"7450",14.1432543899808,15.5520410820539,14.1411490976618,14.1411490976618,14.1411490976618,14.1411490976618,16.1318868649706
"7451",15.4574871167973,15.4373290370347,15.4373290370347,15.4373290370347,15.4373290370347,15.4373290370347,15.4373290370347
"7452",15.1755165224121,15.1755165224121,15.1755165224121,58.8811776586356,15.1755165224121,15.1755165224121,15.1755165224121
"7453",49.465170128102,32.1480616002894,41.8054701510123,200.709261063384,42.5703491353474,39.8472447458825,32.7321889571897
"7454",21.6588626630997,21.6588626630997,21.6588626630997,28.7368149105016,21.6588626630997,29.2469033020785,21.5513229731176
"7455",81.8810328592774,57.7273191605815,70.0075044306718,210.005735090309,62.7600532632112,286.275212318768,50.6762491461062
"7456",54.6939477393638,36.1777520424137,46.2470648647301,169.524826358853,44.5449885658874,202.145173886426,31.5866921167973
"7457",121.250383541435,107.473163441115,116.337564128727,311.555337879095,90.2979402030022,337.908731785542,73.0301292085347
"7458",99.7914962143947,87.0619024861235,93.1008124439905,229.495642115348,82.0038576375598,273.119489089195,73.2974723837254
"7459",45.9735661752231,45.9735676008732,46.2719186607003,179.798657221109,42.0748654096709,224.149283011424,42.3584631340666
"7460",130.706436646323,103.048322891237,125.41261901499,310.946872292892,87.5492240400669,332.260439404529,63.9980732903263
"7461",66.3377615526142,52.8287976039205,61.2390268590747,176.953643235092,55.420881448446,221.827583438418,39.9148194462404
"7462",60.4633035228422,49.9259212801851,53.3860077994541,156.953765892741,48.7380161350558,190.492131189758,47.6321903907618
"7463",50.8248057989217,34.5477391954488,43.2579499099136,153.342162084154,35.7638042096786,222.544424978078,29.5555551705091
"7464",32.5638012257426,24.8115350612275,28.0598493370998,120.755942621434,25.2695452455217,162.694586310662,18.9534555503394
"7465",46.0058627079626,46.5995318533459,131.126935387272,46.5995318533459,29.4294108133393,28.1992597936147,46.5995318533459
"7466",43.8351962320641,41.0611507637991,137.755381630575,47.2671950226981,32.0056020012792,31.4020551395025,40.4750617734649
"7467",101.893241442027,102.362756180708,213.973809608702,81.5914696094781,90.0245908826544,103.600365444579,119.544940276782
"7468",44.2362809527052,64.7945060701848,220.189365656361,50.8190208831119,34.4205855516142,44.5074575127842,61.7890265543783
"7469",54.0682312421609,54.6712015230821,142.564356826846,54.0130545221215,39.9970989939247,38.3617538716561,54.6712015230821
"7470",93.786670853194,79.4807868244452,280.503046188793,110.688331487101,70.8407789831338,74.0232616899336,77.3670213378998
"7471",110.691923187789,97.8963335996866,325.481717306089,115.366891489561,78.7443270275426,102.763198982316,125.87670086559
"7472",93.3065007665131,92.3785084093658,211.635703631556,93.9045482318662,54.9732594342405,50.8063902361392,93.9045482318662
"7473",20.2277344511301,17.4251149661881,19.233331521896,19.1940706956568,19.205086376395,20.870281016194,24.5684131571337
"7474",23.7176543313083,23.7176543313083,23.7176543313083,23.7176543313083,23.7176543313083,23.7176543313083,23.7176543313083
"7475",9.47670391785818,7.86669173485963,10.8609044583464,8.86008760779883,9.36701953543894,136.433458010341,7.29224660889181
"7476",23.0908474469956,23.0937902984474,34.4536705258207,23.0908474469956,23.0834571938711,23.0908474469956,23.2385072966728
"7477",34.1746267200336,33.0386614033185,51.595585538831,33.7424838744265,33.1796008922219,33.2151309487726,32.8788927749638
"7478",55.8141725486378,4.63378129087247,5.09135713217215,5.92052462632416,57.3989626624077,5.88738557474496,5.43099538267448
"7479",3.93960478100377,3.66685211653416,3.93960478100377,3.29802012760354,8.21465897201941,2.46920672912641,3.15233713549315
"7480",8.78379789004005,8.65224190451487,8.78379789004005,8.78379789004005,8.78379789004005,8.78379789004005,8.78379789004005
"7481",52.5952090424144,49.5144558131056,138.639721582201,52.5952090424144,36.9753751233787,35.616690625277,49.4836122087429
"7482",24.6245935260012,17.9876623254976,25.9881094517978,25.1346108566474,24.4931335901367,26.2684989226442,18.1450156222627
"7483",33.8003366598401,33.8003366598401,33.6878855475146,33.8003366598401,25.872111022716,24.7615994540418,33.8003366598401
"7484",47.0357652163158,46.8161518145109,46.826288576567,46.6512206054265,35.4244290828597,34.1276234771724,46.7578731394532
"7485",100.128756520615,92.4766248394261,99.5826563587727,100.344452472437,68.7089522978242,76.9878690515186,101.423780157243
"7486",31.555182325097,31.8407836467393,32.0359096605538,30.5074872501255,19.6761623312804,19.6761623312804,31.2146703761459
"7487",62.2157277716672,64.1655372169737,62.3947572591563,63.6420581728681,44.2424078505583,51.5563090004589,71.4782640866905
"7488",50.7251601411312,50.4678251580485,50.6695414510176,51.1740656564569,31.672332826724,35.6336661500437,59.0346195220778
"7489",80.4911236006281,80.7382284237675,80.3791773569189,80.7382284237675,55.253032343277,53.0701445512449,80.4600869821882
"7490",15.5698544972494,15.5698544972494,15.5698544972494,15.5698544972494,15.5698544972494,16.60294537321,15.5698544972494
"7491",21.3549470070018,16.4669300215087,20.560530361606,20.4051476724376,20.0689304392111,21.6830934526668,21.0814125499424
"7492",4.57465629356067,4.57465629356067,4.27919042118856,4.26037158900921,4.57465629356067,4.17081243409633,4.24140144387528
"7493",9.85972024678357,10.3139380369141,10.1342105841545,10.3033848696901,7.74539222508675,7.34248325857893,7.34248325857893
"7494",9.74084558977093,6.53356518407078,9.39753220395293,9.74084558977093,8.53808943114663,8.53808943114663,8.53808943114663
"7495",4.04377969396559,4.04377969396559,4.32885429088942,3.82334438085762,4.30212099237639,3.78875338960712,4.16155936565944
"7496",5.86160318602612,4.76020293030772,4.82954761373862,5.0127405380066,5.36527413007353,5.51497137616584,5.11343394374091
"7497",16.5277099150509,15.8191675106573,16.2673589387854,16.5257976019372,25.7982933188883,18.0524043687529,16.9808326271682
"7498",2.83897067590057,5.38942875845522,2.84997805782532,2.88282325452025,2.88830962593258,2.89398405004998,5.51538463665458
"7499",97.3080067045555,72.9107912306497,93.3526030416702,90.5057583673876,76.8964623770466,74.2308021670636,55.217960300262
"7500",119.949060894667,97.2465378163365,140.9823375282,156.105350315246,125.478406427276,115.518533787385,94.752423797009
"7501",73.0023212322722,70.1527933858964,73.1682808814779,72.8743525363772,73.4046627223011,73.4046627223011,73.2235325431525
"7502",124.774683870062,125.062640316091,124.90705273392,125.270114712688,125.469518026205,125.469518026205,123.452484215647
"7503",40.5080234573446,40.5080234573446,41.8274138149933,40.5080234573446,40.5080234573446,41.3763267374821,40.4003053624186
"7504",31.8809219837797,25.9949709364674,29.4954260267782,27.6497614010486,27.1801298776794,26.2800856769919,24.007466940123
"7505",39.1496227051637,48.6618098264507,40.7524951647257,39.0052749508135,40.6271608291216,38.7589442389392,46.2333958217844
"7506",65.3792155256662,69.6979743301433,61.7582192825931,59.1479558145586,61.4706981906897,60.0683554721816,63.6068756087238
"7507",251.685836438383,251.685836438383,251.685836438383,251.685836438383,251.685836438383,251.685836438383,251.685836438383
"7508",21.8135672148923,21.8135672148923,21.8135672148923,21.8135672148923,21.8135672148923,21.8135672148923,21.8135672148923
"7509",74.882102064836,75.0703220946818,74.882102064836,74.9382745418152,74.882102064836,74.882102064836,74.882102064836
"7510",17.1761188783966,17.1761188783966,17.1761188783966,17.1761188783966,17.1761188783966,17.1761188783966,17.1761188783966
"7511",48.559751964978,48.559751964978,48.559751964978,48.559751964978,48.559751964978,46.4973208503195,48.559751964978
"7512",17.3387093112926,17.7648735031442,17.7648735031442,17.8013266357657,17.7648735031442,17.7648735031442,17.7648735031442
"7513",51.7000358894266,51.7000358894266,51.7000358894266,51.5474145886753,51.7000358894266,51.7000358894266,51.7000358894266
"7514",11.4981571630768,10.3023642468367,12.1059959154276,13.6398132029193,12.0865419651646,12.0441348711476,10.1223763729799
"7515",26.433965899298,21.7253335224352,26.3280014536504,26.433965899298,26.433965899298,26.433965899298,23.4415795722227
"7516",21.2258553687347,14.6045803890928,22.2200763938442,21.2258553687347,20.7221210263317,21.2258553687347,14.6045803890928
"7517",8.35801363322787,8.03593890580861,8.35801363322787,8.32604902372487,8.35801363322787,8.35801363322787,6.90632037232602
"7518",35.8425515684948,28.2678189111681,31.9846442292853,32.4793783108212,32.7455532512517,32.7455532512517,27.2579565065755
"7519",32.2524457895963,20.7140481872242,26.1075018516838,25.4949351954052,26.8790152243225,26.3091601352883,21.3766911052917
"7520",31.965413622526,20.9485912510595,26.9375331540482,26.9443393588073,27.0687313518187,26.8586732779699,20.1036365436135
"7521",48.9931418439275,31.6192488258058,42.3743021736526,43.5380961660387,42.3650760358848,40.8577551137693,31.7838506945905
"7522",44.3206249262289,23.4604049255965,27.22418146017,27.8573781427896,29.1884290922014,29.7223778510091,31.4336089171568
"7523",52.1435576976011,30.7000001403777,38.3473717308803,36.9670931724006,37.5018323165013,37.8567316203505,41.6345038496871
"7524",25.2537939260092,20.6257469946519,26.2408195796453,26.3884826643325,25.7422479659447,25.2537939260092,21.0880698984523
"7525",19.2575196862847,19.4974574627247,19.4503584556071,19.450358455607,19.450358455607,19.4644199282076,19.6129472490941
"7526",51.9941148058583,42.7493831858375,51.8777260889806,53.0953840409124,53.9206433491358,52.3172693585296,43.4749213275699
"7527",12.8115921073968,12.8115921073968,12.8115921075405,12.8168621987725,12.828805579163,12.8115921073968,12.8115921073968
"7528",23.7497824867857,16.9912726792941,16.8443727093964,16.0815657921131,16.8630233739186,16.5225807040473,17.3135443906612
"7529",47.2606559645583,31.0242936702515,41.6811279234933,43.0012215809992,42.3178052315507,40.9008651815809,31.862034906406
"7530",4.32287824985234,28.6868023230263,4.32287824985234,4.16252319020599,4.32287824985234,4.53660756533425,4.32287824985234
"7531",5.89587908450232,7.02169284085268,5.89587908450232,14.4812244621422,5.89587908450232,5.89587908450232,7.02169284085268
"7532",65.8464739864082,69.4553456798462,66.3673517832886,65.8880566966006,65.724816569088,67.1941106618889,68.1699551704271
"7533",172.6807322012,174.706478801609,168.106288597332,176.003482856329,179.831454373297,167.573514096597,166.168650191846
"7534",12.6909888135342,12.6970064234779,13.0821139362283,12.9060137759146,15.5504827128766,15.2327597029312,12.351583307501
"7535",28.3935593920726,28.3935593920726,28.3935593920726,28.3935593920726,28.3325756106244,28.3935593920726,28.1852242514198
"7536",120.585008668339,118.595576546763,132.488463729331,124.459690736454,132.488463729331,131.883374522684,132.488463729331
"7537",24.2213038459349,20.7968753188405,23.0453763318502,22.4532954207198,22.4652561296113,24.3325940093551,19.0747174889648
"7538",71.9955523626058,71.2056449982455,72.5106679971715,85.3175218619759,71.2775811472956,79.1369098316567,80.1976456383253
"7539",91.4412915473791,91.4412915473791,91.4412915473791,91.4412915473791,91.4412915473791,91.4412915473791,91.4412915473791
"7540",99.0043528923472,110.594782130592,101.299091991071,103.681602291433,101.676061583386,102.374571785317,109.859479443141
"7541",163.712994777777,163.871160762803,163.712994777777,163.712994777777,163.712994777777,163.712994777777,163.712994777777
"7542",3.3117627803195,3.29177658247547,3.2890197328465,3.3117627803195,3.29994308143888,3.34267933021232,3.29268540784361
"7543",5.05048278376973,4.4052795039466,5.26474035323997,5.12968751766252,4.67151252081816,4.91744306206134,4.34322929077023
"7544",6.52129953659674,6.52129953659674,6.52129953659674,6.52129953659674,6.89903595137345,6.52129953659674,6.52129953659674
"7545",8.21102677739831,8.21102677739831,8.24037242257352,8.21102677739831,8.21102677739831,8.21102677739831,8.21102677739831
"7546",12.2031738308339,5.19628111101198,8.12507313024325,3.31105010271423,5.11508102635251,21.8557759153789,3.88569267050408
"7547",10.9691148409819,10.9691148409819,10.9691148409819,10.7575960938177,10.9691148409819,10.9691148409819,10.9691148409819
"7548",8.19269121962126,8.19269121962126,8.19269121962126,8.19269121962126,8.32374426428313,8.19269121962126,8.19269121962126
"7549",28.1664957065424,12.5150573004856,16.97169428474,5.65473420090628,10.1647063507117,50.0752016206479,5.37191472300578
"7550",7.29899083994426,7.29899083994426,7.29899083994426,7.29899083994426,7.29899083994426,7.29899083994426,7.29899083994426
"7551",9.80803934577385,39.3854774087787,5.59664532519623,14.9970100491128,10.329749984426,9.80803934577385,9.22291232331745
"7552",7.80693646065691,17.7357071647445,5.12876062436803,10.3233438399957,7.32777075085301,7.32777075085301,7.32777075085301
"7553",14.4170276963401,35.5912549545852,20.5509378676479,15.2665310666495,10.5978389462885,9.07303808437049,11.7793993535624
"7554",5.05910104741644,5.05910104741644,5.05910104741644,5.05910104741644,5.05910104741644,5.05910104741644,5.05910104741644
"7555",2.51970757450058,2.65090218439149,2.51970757450058,2.51970757450058,2.51970757450058,2.51970757450058,2.51970757450058
"7556",10.5701125631975,10.5303522437703,10.5701125631975,10.5701125631975,10.5701125631975,10.5701125631975,10.5701125631975
"7557",8.80319700701662,8.60838831743346,8.60838831743346,8.60838831743346,8.60838831743346,8.60838831743346,8.66680690302419
"7558",5.07754045507503,5.07754045507503,5.11847407450625,5.05008246903599,4.80288694824559,5.06402590225372,5.07754045507503
"7559",15.2433018375039,14.5261408726474,5.72763689107499,5.07862207432565,15.2433018375039,13.1353361736403,9.2970025803163
"7560",5.71819116270053,5.71819116270053,5.71819116270053,5.71819116270053,5.71819116270053,5.80725352747301,5.71819116270053
"7561",68.1961316937546,66.1530628682578,49.2995044541718,48.5977058329121,31.6059242274674,31.228364747382,33.9509441052353
"7562",9.78811763082236,10.1915615664391,10.402356315479,10.4273741012419,27,27,10.4273741012419
"7563",7.13568113509998,6.96079158852912,6.77549324975373,8.3232192069651,7.13568113509998,7.13568113509998,7.05758902089553
"7564",6.82866190068307,6.89678524970754,6.92978275675981,6.82866190068307,6.82866190068307,6.82866190068307,6.82866190068307
"7565",7.39959191572756,7.39959191572756,7.39959191572756,7.04126834380571,8.95381937633459,8.95381937633459,7.39959191572756
"7566",8.63023240721535,8.63023240721535,8.63023240721535,8.63023240721535,8.63023240721535,8.63023240721535,8.63023240721535
"7567",8.75530905840446,7.55998632900964,8.75530905840446,8.0209869359338,8.75530905840446,8.75530905840446,9.18456068906405
"7568",5.45593697460782,4.64240329586955,5.51870998748828,5.51870998748828,4.57706795217364,5.51870998748828,4.57706795217364
"7569",10.1565866067207,5.15557631424718,9.44343612238469,8.67816941467099,4.68881400596771,10.0590858224119,5.70745498750699
"7570",66.5545052106882,71.1874009884198,66.5545052106882,66.6524574313572,66.5545052106882,66.5545052106882,71.0391720058304
"7571",146.3054117316,146.3054117316,146.3054117316,146.3054117316,146.3054117316,146.3054117316,146.3054117316
"7572",43.8232125924817,43.8232125924817,43.8232125924817,44.0487759284096,43.8232125924817,43.8232125924817,43.9421949482983
"7573",4.43805832117926,4.43805832117926,4.47337834236204,4.43805832117926,4.43805832117926,4.43805832117926,4.43805832117926
"7574",26.064453841872,29.5899155860564,26.2776540249559,26.2608030664332,26.2648119739566,26.5480198412298,29.4884253223581
"7575",58.0375390879663,58.1777746267426,58.0375390879663,58.0375390879663,58.0375390879663,58.0375390879663,58.0375390879663
"7576",21.1795397803896,21.6061168832983,21.7680137784879,21.6887049530632,20.7712125203722,21.1387644033341,21.8016182083996
"7577",19.360821353492,20.4981209642802,19.4904923361376,19.360821353492,19.360821353492,19.3677350274005,20.4981209642802
"7578",7.89366412787629,8.25547582285717,8.25732239952988,7.72834996020473,8.49620899181774,8.35633454111202,8.15285862452724
"7579",13.9489523184449,13.8990070039581,13.9673462007216,13.9209002386886,13.9673462007216,13.7575773213989,13.9309088339669
"7580",3.20739387132472,4.13895534794218,3.20739387132472,3.20739387132472,3.20739387132472,3.17688023808598,4.13895534794218
"7581",4.85364829121109,3.94989147565569,4.72201865750519,3.35817371424314,3.67969786021537,6.47504822224552,3.33348011786037
"7582",9.18187850372334,9.18187850372334,9.18187850372334,9.18187850372334,9.4378646953968,8.8031627049839,9.18187850372334
"7583",6.00505872662726,6.00505872662726,6.00505872662726,6.00505872662726,6.00505872662726,6.00505872662726,6.00505872662726
"7584",7.18569595290151,7.04293650696847,7.08403740615813,7.07134780897148,7.02088695848233,6.9847314242522,6.98732564848924
"7585",4.52706671223065,4.52706671223065,4.51164089681125,4.52706671223065,4.52706671223065,4.52706671223065,4.52706671223065
"7586",14.6393960662645,14.6393960662645,14.6393960662645,14.6393960662645,14.6393960662645,14.6393960662645,14.6393960662645
"7587",15.9235687868268,45.3974195722584,9.805327058551,14.2244002197433,12.3490856245491,10.7671832785772,14.5388616757316
"7588",8.00940821025509,73.7094256780734,12.3762507357413,18.7548645948801,13.3364741373527,8.33235546114249,8.65349466031257
"7589",10.3632789358734,10.3632789358734,10.3632789358734,10.3632789358734,10.3632789358734,10.3632789358734,10.3632789358734
"7590",10.7229286600139,11.197980819302,10.7229286600139,11.2861653525754,10.7229286600139,10.7229286600139,10.7229286600139
"7591",10.5201317977005,48.3580073704299,9.02448233862008,12.2012207891437,10.542814416927,10.5980147959985,8.13434787613604
"7592",7.29352983293816,7.29352983293816,7.29352983293816,7.29352983293816,7.29352983293816,7.29352983293816,6.85499207877723
"7593",5.34753606894765,5.34753606894765,5.34753606894765,5.34753606894765,5.34753606894765,5.34753606894765,5.38605401687799
"7594",40.1718956275894,39.7998241291177,39.9025779443117,38.7446699935817,39.1518411779783,36.7645608034943,37.6019007492373
"7595",21.2336814937393,21.2774578318628,21.2774578318628,21.2774578318628,20.5415573893083,21.0209391440324,21.2774578318628
"7596",14.6241444844252,14.6241444844252,14.6241444844252,14.6241444844252,14.6241444844252,14.6241444844252,14.6241444844252
"7597",25.4567743353487,25.4567743353487,25.4567743353487,25.9732868519643,25.4567743353487,26.0084551527011,25.4567743353487
"7598",10.0929681487047,10.577971917649,10.0929681487047,10.0929681487047,10.0929681487047,10.0929681487047,11.227702293238
"7599",7.49732467153712,7.49732467153712,6.71766341644701,7.49732467153712,8.08182090192612,7.49732467153712,7.49732467153712
"7600",16.0966345427923,16.0966345427923,16.0966345427923,16.1507759809504,16.0966345427923,16.0966345427923,16.1332260896318
"7601",26.8964749718608,26.8964749718608,26.8964749718608,26.8964749718608,27.1596320398539,26.9952856404598,26.937209055635
"7602",23.5790196385767,6.99952043160738,5.44952696846452,5.44952696846452,25.3901518111228,15.7426760538077,5.17900803262672
"7603",3.86196817366553,2.98647592894036,4.39860720013154,4.39860720013154,3.81567147208376,14.9793314114258,3.03936902689544
"7604",5.90445090895897,5.90445090895897,5.90445090895897,5.84765456122529,5.90445090895897,5.90445090895897,5.90445090895897
"7605",7.43739836851847,7.75418002514938,10.2711427149634,7.95119473018164,8.06490119219605,8.05056754581777,8.15163614506655
"7606",9.00233430411423,8.99451795452495,16.3589834338537,8.99451795452495,8.72942920244426,9.17766047953401,9.21894050943952
"7607",4.81997024721835,4.92765628983986,8.10964440511889,5.11501984508523,5.17977639025125,5.11501984508523,5.11501984508523
"7608",8.64653332523195,8.76378710189966,11.6379157146067,9.43733054058988,9.43733054058988,9.43733054058988,9.43733054058988
"7609",7.32847735663171,7.29118304277872,11.7780782039971,8.12473091124673,8.12473091124673,8.19092692569723,8.12473091124673
"7610",8.31999149127736,6.47854582003721,10.7556520025622,7.07581193535839,7.75707510280639,7.86622342291309,7.79327243150713
"7611",13.8670878780655,13.7446227709219,13.5608162150243,12.8839483641344,13.0577532149264,13.8670878780655,13.1870644581329
"7612",3.88383628761507,9.32089918042961,8.48140323298397,4.6687218559517,4.5189871670353,9.04828100169562,8.38639470489202
"7613",14.44407993367,14.44407993367,14.44407993367,14.5444990825148,14.3548558199895,14.44407993367,14.3740005500168
"7614",51.9943322733059,59.7380423585994,57.1534116849418,54.8772523797891,56.576303266738,57.4514163913177,56.0197401615974
"7615",29.1457997118395,29.1457997118395,29.1457997118395,29.0019033166953,29.1457997118395,29.1457997118395,29.1457997118395
"7616",12.242161399392,12.2447113598154,12.242161399392,12.242161399392,12.242161399392,12.242161399392,12.242161399392
"7617",139.50954630912,140.484477404517,138.19827718265,138.968558208083,137.721257193857,140.781309030194,140.996189172842
"7618",30.257232364312,30.257232364312,30.257232364312,30.3380222535929,30.3215517189873,30.257232364312,30.257232364312
"7619",35.5008569042711,31.6657749235832,30.6106001211143,33.6121965077912,31.3047545020383,33.8424432488278,33.1877044526702
"7620",102.848237958922,103.566610447952,104.413058912781,103.076407034903,103.658637059489,102.153137937595,101.199965491487
"7621",13.7184145721831,12.9715671881687,13.7184145721831,13.7184145721831,13.7184145721831,13.1433493836713,13.7184145721831
"7622",11.3441425273515,11.3441425273515,11.3441425273515,11.2202262862538,11.1329535129561,11.2202262862538,11.6192670400458
"7623",5.98317442229328,5.99981843571586,6.09796361646707,6.09396819841283,5.98317442229328,5.92596593467033,5.93430045604859
"7624",13.624103013137,9.20988253948537,7.13471350528984,7.31040634568563,7.2118576399434,7.2118576399434,7.21185763994341
"7625",23.7287097197975,10.6722953644033,3.71175490765174,3.66327074629118,3.66327074629118,3.66327074629118,3.66327074629118
"7626",8.0903772578038,10.3586458234323,7.25975411676909,7.98049906621198,7.81309861503479,7.76100795834374,10.5670152892518
"7627",7.50525757004947,7.50525757004947,7.50525757004947,7.50525757004947,7.50525757004947,7.2466565101041,7.50525757004947
"7628",11.6784025679168,11.6784025679168,11.6784025679168,11.6784025679168,11.6784025679168,11.4294654889985,11.6784025679168
"7629",12.6817767315534,12.6817767315534,14.1666206391834,36.3747109667741,28.3383579917356,12.6817767315534,12.6774970221728
"7630",5.12480332198595,5.03419522626935,6.20842780853191,18.5803924450595,22.3401283918626,5.26135182615232,5.12480332198595
"7631",3.98045872201615,4.40176692914628,3.47348975684196,5.40474791909933,5.41767423443494,6.79076215698385,6.92120111348703
"7632",3.89463019586907,4.19135730503864,3.89463019586906,7.47898467125149,7.37570302559308,6.85683350456546,7.0623602354338
"7633",8.99862356431648,7.53036937360992,6.28989568207322,6.22910299121199,6.22910299121199,6.10810036479052,6.15063204409394
"7634",7.56828846480404,12.7144315867066,12.3332028665903,7.32000323060659,6.74646674760359,7.95194970958116,7.63861288063916
"7635",45.0625282583231,17.3044012724638,23.5990369807951,13.8396398830937,7.15200442137272,34.6280474241421,19.9817477775082
"7636",10.2417326690291,10.2417326690291,11.7089639460529,31.2190353508376,26.8291005862145,10.2417326690291,10.2417326690291
"7637",18.2439804350985,8.71694299411413,5.5767852975957,3.74516949496111,25.4114819757275,17.5125811729613,17.0202251753887
"7638",26.0813620726642,25.6496437781108,25.7300942145589,15.0393205939153,8.99954244377369,23.4592504498014,25.6209972547103
"7639",11.3930434482165,11.3930434482165,12.8528941626704,35.0752911995331,30.1906608211428,11.2864399619427,10.937306360237
"7640",45.9369396745962,8.43409092557154,8.48308620384442,6.0222087558336,47.3537590090468,27.0227101627134,20.5921618821648
"7641",6.52116720012314,7.61775702372402,6.15565356711776,6.42108690370491,6.33331789122251,6.01957736916217,6.79151926483054
"7642",13.5726765313881,13.0591033279231,23.2319507218512,25.2260789983265,19.8722235112705,15.3146529436051,14.0754309857194
"7643",14.3319692473626,13.2086385267585,25.9388161288109,39.4802588857729,20.0843011991424,13.747064725801,12.6372067373596
"7644",4.2441777285904,4.29761454822532,6.28592059788441,11.0221773442297,7.12903742275355,4.29761454822532,4.29761454822532
"7645",4.62454088217352,4.38575453575312,2.52750531571715,2.99866308698707,2.77269362065724,2.77269362065724,2.77269362065724
"7646",16.3991104506638,16.3781819168986,16.3991104506638,16.3991104506638,16.4401284413019,16.3991104506638,16.3991104506638
"7647",8.3041015091174,8.21149155520535,8.13072860228986,8.21100859023438,8.1978589431579,8.21100859023438,8.21100859023438
"7648",14.3568715562912,13.9526332016686,13.5992043153485,13.4663649809388,14.136552500288,14.136552500288,14.0794943682887
"7649",6.19326111193647,6.19326111193647,6.47954010806002,6.19326111193647,6.19326111193647,6.19326111193647,5.97973585579146
"7650",8.94124308377407,8.94124308377407,9.02038649900235,9.06231237515497,8.94124308377407,8.94124308377407,8.94124308377407
"7651",5.54728877867096,5.54728877867096,5.54728877867096,5.54728877867096,5.54728877867096,5.54728877867096,5.54728877867096
"7652",18.4983212115602,12.179290580442,12.179290580442,12.2789424899229,22.0579592341308,26.2163039603053,33.0596752895396
"7653",20.6413723204536,53.972397003334,45.0645389731696,7.37995729397399,43.4886327011086,45.1282161639911,51.0763113809552
"7654",14.2674094505341,40.5070518776881,30.330239692983,5.22460348227519,23.3591702296835,34.769615575071,39.1470963901128
"7655",24.1717644757328,24.1717644757328,24.1717644757328,24.3092390155327,24.1717644757328,24.1717644757328,24.1717644757328
"7656",22.7698986061083,22.7698986061083,22.7698986061083,21.7276875547186,22.7698986061083,21.7791717869525,22.7698986061083
"7657",5.42018904124633,5.3769091932056,5.42018904124633,5.42018904124633,5.42018904124633,5.42018904124633,5.42018904124633
"7658",23.517421773355,24.1725184612919,23.517421773355,23.517421773355,23.517421773355,23.517421773355,23.517421773355
"7659",6.19433087508,6.51461122719206,5.56577874287414,5.17408497033741,5.17408497033741,5.17408497033741,6.14315522447251
"7660",6.91103416704486,6.91103416704486,6.91103416704486,6.91103416704486,6.91103416704486,6.97966993062088,6.91103416704486
"7661",7.1797450250939,6.78944148868533,6.78947583785245,16.9863871627425,16.4017426974115,8.49190439732589,7.11408857683447
"7662",12.3677309223131,12.2819066519004,13.7735239913546,13.6384126633743,13.6384126633743,13.6384126633743,12.9288348057493
"7663",11.2754800843648,29.4870644507385,74.4858295162671,34.0104264611754,23.082446953641,19.8904636168684,7.41268666942354
"7664",5.12204683180473,4.28861542196989,5.42317581500654,5.81523960979142,6.85289303853227,5.999617198215,4.52296574358716
"7665",8.90781347411433,6.79270883307678,8.88024937904765,9.72457706793769,10.3285625670001,10.5548357331088,10.730255603782
"7666",7.07420751500308,6.09088716817521,8.01878845998759,10.2203550841709,9.8052735778119,10.5263746061372,9.90808027025577
"7667",19.3145941551604,19.3145941551604,19.2554203878634,19.3145941551604,19.3623889990852,19.3145941551604,19.3145941551604
"7668",11.3494925378305,11.3494925378305,11.3494925378305,11.3494925378305,11.3494925378305,11.3494925378305,11.3494925378305
"7669",11.115621477737,13.8729435192607,11.0564295494486,10.5754869277911,10.5467071810806,16.1030234552094,16.9571550963871
"7670",9.04079538893398,9.04079538893398,9.03533090807951,9.03317181353245,9.04079538893398,9.04079538893398,9.03446467681474
"7671",12.5243580714604,12.5243580714604,12.5243580714604,12.5243580714604,12.5243580714604,12.5243580714604,12.8769708060116
"7672",6.50386815552994,6.50386815552994,6.50386815552994,6.50386815552994,6.50386815552994,6.50386815552994,6.50386815552994
"7673",14.0175808586848,14.0175808586848,14.0175808586848,14.2059490104241,14.8614873587917,19.0182997261746,16.3372023424646
"7674",5.80007480093063,5.80007480093063,5.80007480093063,5.80007480093063,5.80007480093063,5.80007480093063,5.80007480093063
"7675",12.7394874829818,12.7846542202328,12.9390351196563,12.8986143029052,12.9749325511817,12.8479081043085,12.6579849278834
"7676",6.87792805847335,5.88819545112614,6.83788430748768,6.33686053821366,6.2716771295939,7.39206765096289,6.58897938926064
"7677",16.6468359985144,18.3322707293032,14.6536941568857,16.6468359985144,16.4897485808042,19.3144826122572,16.6468359985144
"7678",6.20627492486656,7.75908376423675,7.9417164065771,7.92024549164144,7.9417164065771,7.9417164065771,7.78099802657493
"7679",13.2732757719271,14.5888856792316,15.0483399324946,15.1266457687317,15.4306126482584,15.6272921886184,15.6803618634741
"7680",14.8084543876032,18.4441005510981,15.0871304782392,15.1899823625801,14.8578106409816,15.2798954165174,18.8775517218509
"7681",6.0479028697095,6.43769830074715,5.38989071234401,5.15125790993176,5.20183188789944,4.92068756176324,6.43769830074715
"7682",9.69864082798645,9.69864082798645,9.69864082798645,9.53257107237657,9.69864082798645,9.69864082798645,9.21611492570001
"7683",59.4598590759689,8.62258382554667,48.2279887445231,88.4109388847176,69.4176920920072,12.0087475818786,5.24262087806203
"7684",68.117377489368,30.8765945412955,74.1454168039916,98.2586586746608,71.1749238367601,30.8765945412955,27.6895376749729
"7685",47.1476832916253,14.5705993964777,58.5859329195478,73.2892886748088,49.9012863575419,17.83784352356,13.5524370039186
"7686",31.5760581518386,20.1141972751438,37.2610546863186,41.3209614881787,38.1991953508768,22.2455176495609,20.1141972751438
"7687",44.4448870771623,15.3321183726181,45.1147965201122,70.8650821455962,41.7009942596012,16.4765283951713,10.3343014243293
"7688",298.657541752684,68.5162748808156,337.027107080662,454.376226836737,300.869261616222,64.8123988522845,52.7256873480854
"7689",71.3812449939298,18.7616642440889,65.9753693392712,95.059666162553,55.701628049291,18.8797556580014,17.1785141422448
"7690",79.8791716909532,18.9119153432823,76.0510669108573,133.641403933447,78.3302990979003,24.6715717298146,17.9796676650575
"7691",103.599545459214,25.8375689414944,132.804322472545,237.145771444739,121.293492250932,25.2654261199729,22.7192795537993
"7692",69.621919239714,23.1917976786635,61.6333251676478,100.958485295229,64.4755270491625,25.0719010668528,23.1917976786635
"7693",114.698207574206,35.9561472526181,114.295568245828,147.620198526065,106.094604174098,35.9561472526181,34.4970980499167
"7694",76.7260798290494,20.1309189893184,85.899600749518,121.139810629962,71.9976363808702,24.0935366648248,20.1310367833019
"7695",58.5994385171051,19.5766201029414,68.4440851860318,124.559901699932,41.4167593061615,19.6804684964288,19.0001167376622
"7696",98.9829036156581,27.9060893889669,108.942358656002,144.937515637676,85.1452087111354,28.3275395492041,24.7487492523929
"7697",148.993491580779,36.2090024607897,158.079059724874,180.934140548925,142.083276509599,36.3848222949984,31.1109897376182
"7698",61.2978283937614,21.6625033863328,60.240744904572,103.626099043535,55.5838732051135,18.9259299059628,16.3565829745901
"7699",94.618119537253,27.6979932571054,114.34791548289,127.746752781065,75.2631244048593,34.5252147316845,26.6295415345505
"7700",60.210925086349,13.5574127947897,63.9251269649099,75.3947607563868,55.2253163978556,12.4591402071524,10.9032508726621
"7701",96.8187098942981,29.9251164103428,83.2840961955554,134.059999656087,79.1116166848366,29.7818712533814,22.5828649075024
"7702",97.4735380022224,29.6055296208161,91.4597915535779,126.889146684,89.7741628782679,28.6675451636592,28.2185123633702
"7703",103.836384344875,12.9395588716467,98.422855111517,121.293590665512,71.7287539931915,14.6974306659052,11.1594996228073
"7704",55.3135216280704,18.6516802918809,76.5150128730927,98.0158171616677,62.5859245795995,17.0784684639897,17.4023118106259
"7705",83.685566673425,25.018030360191,80.3025365472428,110.980519327777,82.3785755998565,24.8956165803459,25.018030360191
"7706",87.1284944970543,17.9925649076048,61.8374019881023,107.228946962963,65.8699565322588,18.2067554787858,16.6458334427017
"7707",17.4311236254925,11.9105441943581,14.1930397376234,18.1609864249112,17.6309272000266,19.1113588763376,17.9254225290073
"7708",27.1214884514944,12.5862213547597,26.4070234659657,33.3343700902521,32.4017150425255,32.3378600022409,23.1490369895018
"7709",21.3625667732039,12.6257369112732,16.8160324621014,21.5960948311589,22.4865499325164,23.2593465938806,19.2656212534765
"7710",21.3841173596199,15.0577993219596,22.3505571680549,25.3646984999552,25.9858714735624,28.6069683601975,27.7076144835129
"7711",93.7075955490948,23.4947678873573,90.5231227450171,135.764256347532,97.236527507659,29.4433448488214,22.483990236406
"7712",79.3959924790879,31.3645814375824,88.9550663536989,110.786575067034,87.9539721267944,25.0028869707533,22.3248082468777
"7713",87.6379720686955,23.7976112105273,74.3682701763771,111.944356151945,74.9497957337602,34.0258362481905,21.1076337389116
"7714",137.54852286994,28.5473136592463,85.472814112603,145.535565487214,90.0639752384596,34.1821517697962,22.4313310032585
"7715",183.092314312372,36.2541073837706,295.517857235056,270.681359645953,190.366280895577,39.9252788614878,23.5625467525778
"7716",67.6596290523311,25.4716251351306,84.3241247650401,113.709556878594,77.8428341291827,31.2776647639266,23.0650602913142
"7717",97.6571276502869,20.2097003945784,122.986685365815,136.12732352792,109.818502135947,33.5736316173342,18.8093234871522
"7718",133.475267521367,28.4337773611724,110.24921450926,204.971636555194,120.39552641386,33.1541035000921,23.540839570784
"7719",112.1945350095,29.5652616157884,145.941675035269,215.45156236471,124.747949852165,41.6012859572366,25.7475994127472
"7720",138.206221960672,29.0167647425504,113.116640089877,222.0624591024,125.998505030284,34.5873840767734,29.0167647425504
"7721",78.1494601413014,18.2548761855664,67.4015630630294,105.172818718321,79.7797004522245,24.5398368894547,17.7782189296417
"7722",64.2980299069581,22.5088023850332,54.060282151413,90.7875543589631,55.3527958160347,22.3076649076381,20.9845355909121
"7723",98.1858810304586,31.1391215104097,97.7521746104777,132.053807222047,105.194050543672,39.6639325995298,29.4502194240631
"7724",82.5765562308339,23.9242797140866,67.2247101903484,98.0519836019475,64.9520775151558,21.971132390523,17.0080930119207
"7725",12.0478164127584,12.0478164127584,12.0478164127584,12.0478164127584,12.0478164127584,12.0478164127584,12.0478164127584
"7726",7.81924368379803,7.81924368379803,7.81924368379803,7.81924368379803,7.81924368379803,7.81924368379803,7.81924368379803
"7727",14.6157936223832,16.469013296707,17.5280150762292,16.469013296707,14.6285773093467,11.7563593903376,11.5371812516221
"7728",8.8667531426839,10.7849072153974,12.8696729254828,10.8521462721655,9.4234885094693,7.72555986955779,7.06349192688652
"7729",44.3173033461603,15.567184987558,43.9789933311465,51.5272247521412,45.2851134346784,17.202923783494,17.202923783494
"7730",61.0593530378152,25.3670870945061,59.293947014709,90.3201494549158,58.5863034295341,25.1789261805783,17.4061762439384
"7731",9.03876815321979,4.8551027438519,4.18914240933102,4.11197559717881,5.48483244689301,8.06289469345623,7.65836824003379
"7732",8.75252932202716,9.95154629566287,9.40672157384314,6.10243964981121,5.67828906804202,5.67828906804202,5.74830685703954
"7733",28.2180903031888,24.6445920604604,25.6472773615524,25.1252933532709,25.1252933532709,25.1252933532709,25.0737567927419
"7734",112.441792473083,120.533064262733,114.419261677396,120.904936806374,114.766483198677,108.341392714491,124.312736828856
"7735",108.739195527819,107.451286188419,129.502213723619,118.049684382788,107.958312741809,107.451286188419,107.451286188419
"7736",42.9864777502029,41.3970852619434,44.5217530187473,45.692474137413,42.617070065313,41.3970852619434,41.3970852619434
"7737",33.2662488167212,33.5752148766583,35.3555230601707,34.9228719649955,33.2662488167212,33.2662488167212,33.2662488167212
"7738",18.721078458034,14.7010226598853,18.2474872250193,18.5014812642061,18.6569989499,18.5458060709267,14.9817559021448
"7739",10.4375027815849,15.7595780567971,12.3685850485739,12.5125237287773,40.6880550104589,13.3867672971576,18.3670038952256
"7740",5.84338528019709,6.28498982165703,5.84338528019709,5.72570166012942,5.84338528019709,5.92932393776203,5.84338528019709
"7741",33.3909576363136,6.92751252051075,5.72395642144127,7.91024002907305,33.6308203725691,24.2210048942577,23.4265849348272
"7742",39.0896370155439,21.4785548472221,23.7565064215726,12.5303158909511,5.18875085057286,31.762373133097,27.0493784156092
"7743",23.5856572400779,25.3331034900708,23.0851187503194,23.1377090114473,23.6761292030322,22.9917320629173,25.966449467142
"7744",7.87341918427014,8.86922919210131,10.2409968406535,13.638675305098,14.0574070882752,11.3277390230574,10.8040096012039
"7745",3.11820591584342,3.11820591584342,3.11820591584342,3.11820591584342,3.11820591584342,3.11820591584342,3.11820591584342
"7746",6.17686374795409,6.17686374795409,6.69102924144653,6.69102924144653,6.69102924144653,6.69102924144653,6.17686374795409
"7747",3.67577212095487,4.17489006273887,5.47090439764138,4.13940592439905,4.14877185250525,4.13995465571838,3.0373204536956
"7748",11.3707910417547,9.61259636111923,7.95367412786108,8.40172467967783,8.96684629722746,8.75267813264347,22.5264631674761
"7749",45.4006769626412,56.7194083186951,54.4361299915999,41.9468084515943,34.5049206083001,43.2244584185231,64.731967930854
"7750",9.84369190300658,9.54752083608579,12.1817066974931,14.2669845156314,12.0790514873464,9.54752083608579,9.54752083608579
"7751",7.92188307206866,7.92188307206866,7.92188307206866,7.92188307206866,7.92188307206866,7.92188307206866,7.92188307206866
"7752",5.68045455966938,7.1315659214226,7.94273746408817,9.54194570552879,7.50135852003012,5.78291178435027,7.16376450591628
"7753",5.94195770332923,4.05302296370453,2.25054562745926,1.59477928068821,1.6436711239801,2.4035546783318,5.95005794197723
"7754",26.0277774938422,25.9904383081348,26.3344869413324,26.7879849794975,26.6014109809646,25.9403847625333,26.1655203648059
"7755",18.1743824470592,18.1743824470592,18.1743824470592,18.1743824470592,18.1743824470592,18.1743824470592,18.1743824470592
"7756",23.782445690388,23.782445690388,23.782445690388,23.782445690388,23.782445690388,23.782445690388,23.782445690388
"7757",14.3767458693942,19.6246088393881,8.68583735935333,6.19923063908046,11.9612982082896,18.5800103490734,7.1640650967581
"7758",100.142735406249,116.967543980426,55.3672943017328,49.460273111228,54.1706389577547,105.282393566653,121.237149762489
"7759",5.5277108446446,5.35442428181932,16.4118552736099,16.725969754276,8.7900471251144,5.36158903586947,5.18880481892129
"7760",11.7586669532486,13.2482463229069,11.8111592986404,11.7586669532486,11.7586669532486,11.7586669532486,11.7586669532486
"7761",48.4928619502393,38.8664808911319,14.3161182268557,9.39089078606031,17.3320851651829,50.2878586176992,51.6549165926604
"7762",5.75732259833778,7.40007957695941,7.24565088938664,8.93279270066165,8.99244221666168,8.40281343292547,8.04442150512656
"7763",7.24004431814795,8.11135758162064,8.52120354138305,8.71634168771507,9.28070127191207,8.84593901408507,9.33322891691289
"7764",6.93933167292036,6.93933167292036,6.92308182655946,6.94266033539517,6.93598719147121,6.81928319109121,6.78659541920027
"7765",21.1242990861406,18.9036687931701,22.7459662040988,16.5534002629816,6.88459657075844,15.210856124454,14.3793248848903
"7766",7.51869331103616,7.51869331103616,7.5791317291247,7.51869331103616,8.50327307026279,7.86471348023451,7.46414912084752
"7767",6.45696266276923,6.11369116379963,5.70519073804018,6.11369116379963,6.11369116379963,6.11369116379963,6.22338787118857
"7768",7.70580091875012,9.69287093094741,7.77315442451224,7.74036291292665,7.86219521097813,7.67933764414289,9.47931666063656
"7769",10.1388141331079,11.098306404304,10.1388141331079,9.87693746341321,9.80165194155617,10.1388141331079,11.4019555760948
"7770",11.921662098307,4.14979103207313,4.64679447128023,4.83848250295556,8.62763656294569,9.39902961335585,18.3858910215777
"7771",12.1799487699394,11.1003016141551,11.1003016141551,10.8516260904297,12.4441629966917,17.2762477849849,12.6457365200504
"7772",6.87351296190843,5.91640784930936,7.81670698557731,7.10520236694479,15.0894261447978,17.0505009160388,12.5311173281088
"7773",8.68367650690875,7.16631746297951,8.29142026125855,8.98926363473189,8.02060828455104,7.243829289014,6.82419974498885
"7774",5.51898599917125,4.78019454706942,6.52305109410366,9.64284555218932,7.40802157965451,5.26820802335291,4.1882834454025
"7775",19.314575048868,14.4544746746304,22.7094944698717,70.5530612518977,45.4399468054601,12.4108968891922,10.2218951667536
"7776",4.09973737006075,4.09973737006075,4.09973737006075,4.09973737006075,4.09973737006075,4.09973737006075,4.09973737006075
"7777",11.9837004538302,14.8757938737858,12.243066924729,11.4161036788847,11.4161036788847,11.4161036788847,11.0533553534889
"7778",4.41580599937669,4.41580599937669,5.18534213350368,6.11249899237486,6.11249899237486,5.77342386228148,5.18534213350368
"7779",23.0360251749384,22.7670722497723,60.4747131821512,61.7697488933389,43.2607553585268,22.6815686117192,22.7680531801339
"7780",29.7983012126821,113.672086174605,52.7706777949503,6.26358521691851,27.1722933737392,71.5097795593569,44.9226787948716
"7781",39.6228442763727,97.9943933122392,59.9290154394806,11.058999303609,118.813796407312,100.649476317096,115.984363137344
"7782",5.52470602289069,4.74490813158757,5.52303436611112,5.57507521867451,5.80711973449088,7.48190567445527,7.71409018428224
"7783",85.2736061247638,151.819670351456,85.1740025974554,24.1622571536696,94.7394113150467,119.469584592598,123.599202184069
"7784",81.7087629390499,133.396551376468,81.0800273070934,21.8322789848653,76.4487048320194,127.961272982966,73.7383132825927
"7785",76.4625116421914,113.274795150447,86.9999630100751,23.6490586073698,85.0735267076008,109.015571883282,68.7896287511862
"7786",68.0766621845875,93.1953298853081,68.7328306302302,25.0074263478373,67.212511881362,97.4755086199611,71.6263864453788
"7787",101.561037429998,193.871026720248,86.6364761887391,27.1267383378037,97.0428101070449,125.18953540612,107.911684101585
"7788",59.659660469859,109.932477884419,72.3457335000836,23.7493636065126,57.7426004499176,93.7576167693322,69.5163473268862
"7789",14.0174451377356,12.8390614542792,7.71169127459409,12.8390614542792,12.8390614542792,12.4093829483072,12.8390614542792
"7790",4.28443671337049,6.29647005973952,4.67408554252186,4.59984646528393,9.61763762250438,6.6293815240755,6.68608021628447
"7791",4.04031963884074,5.81710033342601,5.71416129045658,5.13292704497176,6.06622688862007,6.14262573637491,5.88733922045745
"7792",5.49917516779748,9.58008837640111,12.5249694235403,12.5249694235403,12.8846601495373,12.450475037236,9.48850295704169
"7793",9.41771264684379,22.2654790411641,13.8189328521745,10.6554923870076,10.6926398859296,11.0941858745376,12.5455436285238
"7794",7.4428508405016,7.52427001804328,7.4428508405016,7.4428508405016,7.4428508405016,7.4428508405016,7.42329723318204
"7795",9.37983769156551,7.22533555220909,7.19155807291722,7.19155807291722,7.97599358374867,9.14039545102856,7.38266427239876
"7796",4.07866872187248,3.86377697458945,3.32893893772807,2.65696061005253,2.59975440227367,2.5969174052718,2.7812884737158
"7797",12.0177603778308,26.2657240142017,15.7177006606204,10.5923715823301,8.51727398014935,7.6501791554056,7.53044391588726
"7798",41.0916215866561,41.1966842529863,48.866069396146,49.2662883320461,58.9851529339048,48.0127979242515,42.2309593788795
"7799",50.016101723068,38.9785462439638,48.285785496378,50.9336708679327,51.6673774104691,51.9179918533577,40.8389418296096
"7800",47.8572432860693,46.484072334393,51.7225522480355,51.646429591275,67.8700134257981,42.8717363430238,43.6137530976589
"7801",36.7976738504737,36.7976738504737,36.7976738504737,36.7976738504737,36.7976738504737,36.7976738504737,36.7976738504737
"7802",47.8193190961912,40.0759745511337,54.9906456398835,65.3705692396525,69.8372779411202,53.998833916682,42.2776056268184
"7803",60.2050183297272,52.8985288823688,64.8835004243109,62.1143185430271,84.5279707313678,62.1143185430271,51.1300260003494
"7804",64.222691719885,46.604327557639,68.8285494454782,73.2862652311701,86.3901400246037,69.3874378354975,52.1665538848027
"7805",54.4053333313331,52.9877061701014,50.4287500979694,47.7831838039329,54.600550984768,54.6237594391593,48.1492219493733
"7806",52.7116111416877,46.2876332742289,56.5405183331722,69.4806988809251,85.7006864831797,59.3428383458957,44.0368855879617
"7807",45.3269322836385,43.655109215632,50.7551848933345,50.3207065259547,72.4582348883087,51.178114961203,46.3422799744639
"7808",7.76566033855286,4.09910124140545,6.72014539786422,6.23704835639344,7.46296180737112,8.34151139750367,5.17000197649022
"7809",61.4154058803,62.4609254675013,62.4609254675013,62.4609254675013,62.4609254675013,62.4609254675013,62.4609254675013
"7810",24.9262487172395,24.0900202899192,24.0442773773783,25.5251154475331,24.0442773773783,29.0775477877705,24.0442773773783
"7811",38.7822754340284,29.0053975017999,48.193779259456,45.3739322054828,52.6948170235436,42.251445435887,32.4726093993399
"7812",45.8266174747348,45.8266174747348,45.8266174747348,45.8266174747348,45.8266174747348,45.8266174747348,45.8266174747348
"7813",15.7350533422992,11.0558270102294,14.5568980357293,12.6551628863804,15.6079962092324,15.0801158187737,10.6462558496631
"7814",63.5689055556492,48.1652678650087,85.0749530000713,83.3091096983244,109.138557530291,72.8703145734786,55.0282499488235
"7815",102.266721445539,83.4447296408693,108.130558714553,117.042205642385,146.133424226111,107.55511601425,81.286075950926
"7816",51.444871795707,62.3987351219063,62.3987351219063,62.3987351219063,62.8537010381905,62.3987351219063,62.3987351219063
"7817",24.8975446235441,20.3128435886229,24.7550693815239,24.5170396519029,31.0003072994969,25.4983838987942,20.6862512274589
"7818",5.92751694613528,5.92751694613528,5.92751694613528,5.92751694613528,5.92751694613528,5.92751694613528,5.92751694613528
"7819",50.7850586275395,37.7132430296885,49.5958684089645,47.9387222061412,48.6819955609711,49.6812336510924,37.7132430296885
"7820",14.7251707093526,14.2088143100784,14.2088143100784,14.2088143100784,21.6134172269183,20.3905846266295,14.2088143100784
"7821",15.3881421921247,15.3881421921247,15.3881421921247,15.0342373702675,18.8764808178364,21.9983407561008,15.3881421921247
"7822",11.6654580132717,10.5078883959651,10.9234172926439,10.9234172926439,36.1579165429406,24.393453177767,10.5078883959651
"7823",18.6096497585323,16.9576466985561,17.6976128900455,17.0449473206866,33.07166459787,23.137261331216,16.2584372148059
"7824",4.06588770711329,3.41049015401204,4.9602201655931,5.1307832683877,4.72806479415724,4.72806479415724,3.86089186474892
"7825",30.0675353727946,24.538613879297,29.5357136364929,29.776724917822,33.5822461588252,36.5029026002334,63.1072055713863
"7826",9.97447641284583,8.23947137325592,10.1601836781092,10.4704731923415,10.3701369696001,10.5849332712831,8.23947137166433
"7827",42.4822069816805,43.4168036081444,43.7062142220109,43.3347106076626,44.8837057892661,44.3477301004147,43.5514196785226
"7828",171.604275673161,179.592921747909,173.924451766085,171.586204969344,174.381789340636,167.454338294056,173.915572429288
"7829",553.577661310303,537.839129396309,556.494648544406,540.410692994765,548.702626905508,566.009473317477,546.903546684145
"7830",777.950688383337,783.953951020385,776.390319677094,784.19310134423,784.223011174354,790.245032823685,770.895254194246
"7831",10.2959106719764,10.2959106719764,10.2959106719764,10.2675819888356,10.2959106719764,10.2959106719764,10.2864214408178
"7832",147.003771375308,141.221620552518,174.547503210307,161.205799991165,152.913998776352,162.617019325998,155.393163646479
"7833",29.8191837615701,29.8191837615701,29.8419844234813,29.8347471118056,29.8191837615701,29.8191837615701,29.8191837615701
"7834",283.746054165964,301.752963685942,301.457305978576,280.251735999527,281.744265074582,281.959146547367,303.072553735401
"7835",22.0987525998555,22.2627605875754,22.0563268034701,22.1154216394099,22.1121277320176,22.0987525998555,22.1333865905563
"7836",67.5924068588315,72.8071347907639,67.7852111521366,64.9980218125837,69.2486603690761,67.5765876385468,71.9100694435349
"7837",197.393586309785,211.241659102487,215.21224834125,211.189763236826,220.94555913668,197.99678232401,191.955815917808
"7838",1243.64260974623,1247.40016261932,1249.01196277318,1249.01196277318,1249.01196277318,1249.83004575591,1249.76602988944
"7839",24.1577176005477,24.1577176005477,24.1577176005477,24.1577176005477,24.1577176005477,24.1576587449405,24.1577176005477
"7840",50.3904488085797,54.3124354505966,49.0537840179301,49.2065819500848,48.6748192540534,48.284824097487,53.8592159171031
"7841",194.818614083396,194.063224093852,202.161687726655,194.818614083396,201.393375783703,194.818614083396,195.43260356003
"7842",1673.68110170152,1669.04225069343,1669.04225069343,1669.04225069343,1667.39139264866,1668.57919289317,1656.12954339041
"7843",15.540091453636,15.8104360767213,55.6855005990493,56.1446801698457,53.3221919032075,15.9292015423991,15.8629446766646
"7844",19.3980048288093,25.9651507453517,15.1675729876087,11.2151102847416,11.1083642238564,11.1809375684202,11.1809375684202
"7845",17.37607466248,17.1919205665166,17.3327475463151,17.1604088286652,17.1604088286652,17.1604088286652,17.1604088286652
"7846",19.4535762625776,21.6217025253332,21.2275756991549,20.254546474112,20.254546474112,20.2838254661053,21.1538944470119
"7847",4.99194787490832,4.99194787490833,16.32743169035,17.9820158663453,21.8575941574171,8.31556020532934,5.42547161090747
"7848",18.4938791180031,22.6741618979323,18.4690954539028,18.467659913463,18.1876811232453,17.9133840571376,22.6741618979323
"7849",13.5039144000667,17.1832581367483,18.6123329309396,16.3955631421163,17.8789308472504,16.6904853877029,29.1525166881535
"7850",18.2116132493032,18.2116132493032,18.2116132493032,18.1056990588615,18.2116132493032,18.2116132493032,18.2116132493032
"7851",7.9568762476112,8.06875923540803,32.4150110100507,36.1558075901686,36.1069666566807,23.7689137387168,7.98326978814505
"7852",6.73141644095914,6.55267154198485,6.73141644095914,6.73141644095914,6.79205422321033,6.5934350857718,6.73141644095914
"7853",5.09403728411626,5.09403728411626,5.09403728411626,5.08543237999472,5.09403728411626,5.09403728411626,5.12676396278675
"7854",28.0572464023489,25.6492442087579,28.3854479369371,27.9752892067103,27.9752892067103,28.016911270341,25.4570121865811
"7855",26.2122800263973,26.2122800263973,26.2122800263973,26.2122800263974,26.2122800263973,25.5678396672681,26.2122800263973
"7856",11.4062579977818,10.9460434824614,11.1287529659276,11.9428483666499,9.9974717604347,12.5870834177621,9.95597520862989
"7857",4.27830529806208,4.27830529806208,4.27830529806208,4.27830529806208,4.27779469575309,4.27172796223251,7.3554371948824
"7858",20.6099290420374,16.316166341333,3.3058842010887,7.80821402934179,29.9441450077427,16.3617983224086,7.3240398237736
"7859",25.5199620872233,10.4772749817345,4.89158032336927,7.7134159525216,37.3113571241115,17.0276015383557,11.0517208381544
"7860",8.33682135403267,7.20834007092905,7.40956008842006,10.604185965088,11.8798895114246,9.11463589074041,7.49980142835542
"7861",28.3228891658044,15.2267018865177,12.1777453362942,14.1426922752586,38.5361993199027,25.3919124668432,20.8308529044991
"7862",14.1134812729984,14.9090495975362,14.4432572275008,14.7503731168138,14.7503731168138,14.7503731168138,14.0644920151082
"7863",32.8117275787437,31.1144681164922,34.2391081877878,34.0352382044339,33.8509815034974,33.6269813424271,31.4751298045611
"7864",15.0329125689134,14.1847760504319,14.2399879215463,13.8348287060369,14.2399879215463,14.2399879215463,13.9277002355304
"7865",29.7843654528494,28.2718266004151,28.1345651530893,28.1345651530893,28.1345651530893,28.1345651530893,28.1345651530894
"7866",10.4300859530402,8.70611937615116,11.1730737666547,10.4300859530402,10.142361202634,10.142361202634,8.50417072582443
"7867",9.84207360046533,6.22945884626112,9.83967556161422,9.83484379020747,9.00705908255641,8.83298539987312,5.51798740687171
"7868",6.73461523830882,6.64158677811501,6.63372189337049,6.5955256166981,6.63372189337049,6.63372189337049,6.63372189337049
"7869",8.48297042482362,7.94855824059527,7.94855824059527,7.94855824059527,7.94855824059527,7.94855824059527,7.94855824059527
"7870",7.41503116162014,6.5732858125647,7.73925741601638,7.0384532471121,7.41503116162014,7.41503116162014,5.55177559121875
"7871",7.27176634009774,7.41360618472859,7.45689830652381,17.8440465747145,20.4932601516532,11.4708858433536,7.94621710794176
"7872",11.3265519530407,8.37640665382828,11.3265519530407,11.4289433921958,7.73143957303899,47.4554632231973,29.711930637185
"7873",9.05451045170706,7.829688672114,8.28624425999008,7.43704647690442,7.53707511577061,6.99994333726272,6.38464062566495
"7874",26.5708422662656,26.5708422662656,26.5708422662656,26.5708422662656,26.5708422662656,26.5708422662656,26.5708422662656
"7875",5.05081689592137,4.15075924531214,5.05081689592137,5.15123963920339,5.21580879135739,5.10416481954739,3.86465206213942
"7876",9.04747660525194,8.71160300550969,9.04747660525194,9.04747660525194,9.04747660525194,9.04747660525194,9.04747660525194
"7877",15.5478132918974,15.5478132918974,15.5478132918974,15.5478132918974,15.578372386896,16.6603139223589,15.5478132918974
"7878",31.2113908158181,32.4702662507878,32.4702662507878,32.4702662507878,32.4702662507878,32.4702662507878,32.4702662507878
"7879",8.39622534743241,5.89412253182704,2.04919015510578,2.89615047706651,2.01085808941211,8.97922424556808,2.8190256914705
"7880",59.98038925039,6.77159423407731,23.6781657250852,10.2784532893114,6.77159423407731,40.1952497540716,27.1436763912515
"7881",5.548344919797,5.548344919797,5.548344919797,5.548344919797,5.548344919797,5.548344919797,5.548344919797
"7882",4.95236862599704,7.98410493606188,11.9623738928403,9.40644892316213,9.60517789083264,7.64920247273669,7.39876508791291
"7883",4.25921303216994,4.20595337180079,4.29901906751123,4.5095217104995,5.11974335778369,5.26597104305273,4.37841098005714
"7884",9.67022119897492,7.14412398979014,9.31701303050108,9.50557049188997,9.67981023937249,9.90754752775202,7.25094935155663
"7885",8.71088211321371,5.53124287677611,10.5438863950748,10.9562413606005,14.5152769106302,12.2886607791675,6.43251766498328
"7886",4.10390210615284,5.20368519620794,6.28824089416777,5.73724617502167,6.66590256104209,5.61644665281645,4.35583995056386
"7887",16.1505832145415,16.4053130268949,16.7137204788809,16.5027902642896,15.8158570444031,16.4053130268949,16.4053130268949
"7888",14.0312528877862,14.1171174889056,14.1171174889056,14.1171174889056,14.1171174889056,14.1171174889056,14.0725852481555
"7889",11.7669268027453,11.7669268027453,11.6850392135961,11.8479357402943,11.7669268027453,11.7669268027453,11.8855322175479
"7890",11.9904253591827,11.9904253591827,11.9904253591827,11.9904253591827,11.9904253591827,11.9904253591827,11.9904253591827
"7891",18.3530266208596,16.419298961996,18.9567740531904,18.5320720973229,18.8024092404921,18.4523737183603,16.4670183254278
"7892",16.0410618860558,16.0410618860558,16.1759320657937,16.0410618860558,16.0410618860558,15.7889733134754,16.0410618860558
"7893",11.5724184553713,11.5724184553713,11.9337841734269,11.5724184553713,11.5724184553713,12.2282957798306,12.0210457604016
"7894",17.9475705684842,17.9475705684842,19.0207684729585,17.9475705684842,17.9475705684842,17.6988999020624,17.9475705684842
"7895",6.34540343667838,6.20526437916416,6.34540343667838,6.30939156515014,6.34540343667838,6.34540343667838,6.34540343667838
"7896",20.44274279811,20.1283778340789,23.6293834779648,23.289413961955,21.3787909305378,20.351211190783,20.1475928575853
"7897",9.68313392649239,9.68313392649239,9.64897783104744,9.68313392649239,9.68313392649239,9.68313392649239,9.7873196765014
"7898",10.190717962831,5.64481207456939,4.10416723542221,4.45267183550477,5.31015451112759,4.46964992923191,4.17539867482951
"7899",22.5657699380913,16.1586733929145,14.4411022025613,19.2839504726861,21.1731249867015,15.2602852884267,14.5315254896952
"7900",17.4450410351556,7.64982054101166,4.83483482073567,8.61483002596303,8.82385010702793,7.25656501335711,8.72414838494872
"7901",9.05658630370545,5.55758524544731,5.67570824337294,5.67570824337294,5.66145463555846,5.49637537323721,4.19824285607001
"7902",21.8488461209689,27.0898219468228,21.4735475233945,21.8683724403117,21.4217673718423,21.1361038273868,26.8624199420046
"7903",6.57330272411823,6.57330272411823,6.22824336308609,6.57330272411823,6.61023996671516,6.57330272411823,6.57330272411823
"7904",105.237952717689,76.8497738877906,65.59537765179,109.64906644179,89.2314796844618,65.4583211309676,65.59537765179
"7905",44.8547430985427,46.8449708876702,54.9463092882927,49.9915841357868,45.3381219486639,45.0017902353825,46.7547275430545
"7906",24.2699682449324,24.2699682449324,24.2699682449324,24.2699682449324,25.2178110124578,24.6414658806872,24.2699682449324
"7907",38.664911646034,35.7914926713904,29.2411151743697,31.3088504461498,31.2723300812104,31.3538304537263,45.5962880935577
"7908",93.7347616318646,83.3872200034049,55.4867513700633,89.7410394980889,74.0601912198174,52.0994436604103,54.0395665257185
"7909",29.2537004964318,35.492388905655,38.3579334533426,33.3059970969405,32.1421465140227,34.1619198804797,35.735211806673
"7910",16.2561914569944,16.2561914569944,16.2561914569944,16.2561914569944,17.6941149533895,17.0064603044336,16.2561914569944
"7911",21.2229746200612,18.8619196456567,18.2061377881563,20.5297237962074,20.3734511081391,20.3695469832615,26.7744410257
"7912",24.6280004870054,16.092921824764,17.284865665034,24.4617805854269,19.6122446658369,17.284865665034,13.8680475382681
"7913",13.5362532340356,13.5362532340356,14.8363736589444,14.6619055635434,14.0797221227606,13.6530254574821,13.7193134876759
"7914",16.8784644459263,16.8784644459263,16.8784644459263,16.8784644459263,16.8784644459263,16.8784644459263,16.8784644459263
"7915",7.97248263526403,7.97248263526403,9.46667982117845,8.9034229023233,7.97816322229221,7.97248263526403,7.97248263526403
"7916",24.997305517743,23.9296542681736,55.4285592773341,26.4662510813797,23.8085115877556,24.521105767267,24.521105767267
"7917",16.1444851981677,8.62512559068685,16.3453470586992,16.4017498321764,16.5183401790651,15.9876331426469,8.87302906305258
"7918",16.8853517898398,16.6504187626244,29.0726610925155,32.3832850781451,16.8325085620474,16.8325085620474,16.8325085620474
"7919",18.5560100294526,16.9123755076418,35.7252018142161,41.4703638879647,18.6487485200187,18.6487485200187,18.6487485200187
"7920",69.4794537028273,49.0264998436846,210.547244855534,123.478622095266,47.9786743364199,53.3954507307954,46.6091749162444
"7921",12.5415912252752,12.6507479509156,64.0064931818411,30.3690670374518,12.9288583130603,12.9288583130603,12.6318472386707
"7922",17.159791553897,11.4014254526079,112.493945978376,96.4943235310026,21.6966068550536,16.4102226787201,10.9906632222023
"7923",27.0629250736558,26.2934442656608,102.22512514575,46.7533599073466,26.4813907851981,26.4813907851981,26.4813907851981
"7924",15.0447306167925,13.8098692037408,56.4397883024238,63.5014673783064,14.5604950673543,15.0405829651494,14.3922336427449
"7925",19.1231367435837,18.317198022017,62.1652061996742,34.1981479081894,18.6049251348038,18.6049251348038,18.6049251348038
"7926",37.0383690989009,36.0289002597633,108.59184448492,84.3114924859982,35.9278867011328,36.0772919010304,43.3276145535076
"7927",21.4503542288822,15.2531154626422,102.893591339559,65.1097217952911,20.8110523179648,21.9615533196764,16.3913389559245
"7928",18.4778792351847,16.0688642489634,71.0594429641299,29.7748836272466,12.8758693288108,17.5362734266019,16.2377295858466
"7929",15.7652968343306,12.6852928239497,61.9903427306343,47.8502575465986,21.5986372094022,15.2506615496523,12.7039653777226
"7930",20.7955503623493,15.9093227630078,49.513102143671,36.8905451335476,19.9541018609428,21.1625200998086,16.478453138314
"7931",40.1035886552048,39.586145389662,147.487505474654,39.5397714638402,40.9145990039158,37.6316478575914,36.5022572041326
"7932",27.7661412380965,24.8119540538715,84.9983801354611,48.2356998541529,27.2543478376205,27.2845782236509,24.9448193805153
"7933",21.3912349836144,19.7929712631588,57.8655927079326,47.327106172669,18.3980137302321,17.7535381785443,19.6849900821579
"7934",19.9011398379732,19.0098044676888,55.9079871035803,35.034631196402,19.2986750434077,19.2986750434077,19.2986750434077
"7935",21.6738275688889,14.8268043998331,70.6356154352697,43.9595701306721,23.9386506209764,21.6331804698095,17.4925579924296
"7936",11.6455574925711,11.5865997799929,41.2868194919566,18.7770059698545,10.4149148110282,11.6709604640834,13.0859003958267
"7937",14.5854522458102,14.1751103264769,86.7368245430922,28.3548084275437,14.1601975772044,14.4728818627813,14.4728818627813
"7938",21.0848297551521,19.6804830191677,51.1629903693247,39.7791181336546,19.9517691070624,19.9914126881469,19.7234957168509
"7939",20.217144813131,19.8824628406047,69.01635021551,45.18501463198,20.3565107886239,20.0185512044474,20.0185512044474
"7940",17.6577046896964,13.7067329577007,58.0802916493565,36.4277079763634,18.4531734377306,17.977428965573,13.7763060870537
"7941",16.6177137661508,14.0384216911276,74.6836223746954,32.7973129537552,17.7896100619454,15.934623031074,14.2481042634427
"7942",15.5882411649726,11.0577146031903,71.8459799578353,35.5600521233547,13.8198178873193,14.7523818431376,11.3225654090477
"7943",4.07530178685573,4.07530178685573,4.56548826286086,4.07530133036068,4.2473236953502,4.07530178685573,4.07530178685573
"7944",21.8669965921955,20.8450149292871,22.0417705957703,20.5228172635245,20.1152288102184,20.3969798532149,18.0089735402675
"7945",20.7221945330982,20.2713246606615,20.2523390157592,20.2552754673329,20.4626926012518,20.4626926012518,20.4803776517554
"7946",36.5467311449286,33.0351202076779,38.2163090594119,23.1904497491848,51.2865173064523,37.6332630404492,34.1395636689157
"7947",22.6634569749369,21.4578276809323,21.5935395021186,21.5109977221534,21.753319178336,21.753319178336,21.753319178336
"7948",28.2145806491105,26.2192701457382,26.6793651562207,26.2247929611069,26.341131479586,27.1165255034421,25.4933713330918
"7949",29.2869159965996,27.9153440643676,28.0406368437171,28.1894094706198,28.3506111062258,28.323576278531,28.323576278531
"7950",30.0100408972849,27.1051384631837,40.0792696891379,37.3787885665449,37.730689669341,37.3393741713144,27.3469531778745
"7951",18.4232040194081,17.7363453489946,17.8103615343936,17.8739474812825,17.9897358394966,17.9897358394966,17.9897358394966
"7952",21.4218293614328,20.3908193480876,20.4459149686353,20.658634530079,20.7056934987842,20.7056934987842,20.7056934987842
"7953",16.1521259038553,17.8383720210294,15.9246324781753,15.9696701835732,15.9998223056085,15.9998223056085,17.8133490453672
"7954",18.745186882758,18.4042008819191,18.2877961507426,18.3974384814733,16.8613364139042,18.4557406032019,18.4557406032019
"7955",20.0432415192996,19.7145683998839,19.7318629742526,19.7843400153004,19.8415483137731,19.8415483137731,21.5968415911059
"7956",4.85759950487886,4.85759950487886,4.85759950487886,4.85759950487886,4.85759950487886,4.85759950487886,4.85759950487886
"7957",4.33687984913522,4.12260669282683,4.13063105761931,4.04531179802973,4.04531179802973,3.78106127754962,3.87314885391339
"7958",6.88747557614081,4.95774871693763,7.7580070869839,9.38817770366397,6.31180557139819,5.35137049189201,4.17158167695394
"7959",5.08346040710014,6.13118678988555,8.08353037396509,7.44090700939207,5.08346040710014,5.08346040710014,5.08346040710014
"7960",3.74441618242682,3.74441618242682,3.74441618242682,3.74441618242682,3.74441618242682,3.74441618242682,3.74441618242682
"7961",11.4167595949288,11.6187768255406,11.6664327233258,11.4167595949288,11.4167595949288,11.4167595949288,11.5890150693931
"7962",7.40778603102388,7.40778603102388,7.61774531121048,7.40778603102388,7.40778603102388,7.40778603102388,7.40778603102388
"7963",4.99684810642269,4.99684810642269,4.99684810642269,4.99684810642269,5.02628075872891,4.99684810642269,4.99684810642269
"7964",4.34308508288459,6.41710638815146,7.06062026208768,5.8464653962642,3.40187550215235,3.68524585894881,7.86102459874544
"7965",4.17713141416936,5.02885381225383,5.41181905547725,4.4629081952497,4.97382393297368,3.7586132608542,3.45545299027532
"7966",4.44455042558193,4.39437208563449,4.27253197789082,4.6651893671182,4.72179735151782,3.17099312785752,2.3743362968582
"7967",6.21388275564018,6.21388275564018,6.21388275564018,6.21388275564018,6.33712113843196,6.21388275564018,6.21388275564018
"7968",33.543184741109,31.9872694740706,15.1460044784829,10.6186251456926,13.7511402826045,33.3825887394813,18.1241277978752
"7969",5.44124712098926,6.36492927128533,6.29065554803932,17.350254748265,12.1384650124011,7.73102133544537,8.37652339552085
"7970",6.08405344903058,9.06465056448102,7.95907054777371,5.50471847486844,5.17010107442587,5.53464127193942,5.56804058942956
"7971",36.3747758980086,33.2016832816964,32.7466191152423,32.7466191152423,32.5950955199324,32.7466191152423,32.7466191152423
"7972",97.4460289992581,56.9118522577994,21.2426217460988,21.0839062321744,46.7636348299873,72.3892050618372,109.875524411242
"7973",5.29189156908493,5.29189156908493,5.29189156908493,5.29189156908493,5.23867859149748,5.27330780036092,5.29189156908493
"7974",3.51988838840566,4.30492384060427,4.36622833079805,3.97159187895172,3.91081402389676,3.91081402389676,3.82290204160597
"7975",8.15984792312684,5.01710931626291,6.13122228016668,6.00348787731316,4.83329999738059,6.29209654786599,4.79059285073425
"7976",13.8142798839029,13.8334358825846,14.0541361676721,13.8536415691378,13.8553988678979,13.8270945043184,13.8142798839029
"7977",12.1069316940495,12.1069316940495,12.1069316940495,12.1069316940495,12.1069316940495,12.1069316940495,12.1069316940495
"7978",9.87276015993451,9.66839789031586,10.5253939186167,10.9597591286495,10.2746344595896,10.2651766425024,8.5088870510991
"7979",13.9351559958599,13.9351559958599,13.9351559958599,13.9351559958599,13.9351559958599,13.9351559958599,13.9351559958599
"7980",11.7466643401529,11.7466643401529,11.7466643401529,11.7466643401529,11.7466643401529,11.7466643401529,11.7466643401529
"7981",10.9080502103944,10.9080119573613,10.9080119573613,10.9080119573613,6.85336785399195,21.7321459061071,16.3999471240387
"7982",14.0969450434102,14.3561770797649,15.5991474832185,15.7262611259081,14.8360781495599,14.0969450434102,14.2036508998724
"7983",9.09440046945494,9.09440046945494,9.09440046945494,9.09440046945494,10.2705594214546,9.09440046945495,9.08492370518194
"7984",11.9744775113998,8.80866267794486,98.2704573494479,91.4592970122787,13.4043943362477,13.1648654041366,11.9831124902234
"7985",15.2220686993259,14.5814360076283,42.7478142463713,25.5780284540797,14.8814449588686,14.9333980866585,14.8814449588686
"7986",16.1181640624599,13.5868523736744,49.9949258624687,40.5182955228247,14.6346574098461,16.4296282701635,13.7479293102157
"7987",7.97811033812531,7.97811033812531,7.97811033812531,7.97811033812531,7.97811033812531,7.97811033812531,7.52299281441169
"7988",3.45544020901433,3.48311747128922,3.8912722148982,4.02881187511568,4.02881187511568,3.38151537933964,3.87451531451406
"7989",12.1725332563527,10.4611932338875,13.8969061856194,11.0260690462307,13.1152812271965,12.0089175633649,11.0745338761971
"7990",9.69017756410275,11.2010552963908,9.78807820208284,9.69017756410275,9.65856674203202,9.69017756410275,10.9504770161801
"7991",3.73928640855738,4.05330526332944,4.05330526332944,3.98739775055397,4.05330526332944,3.97651769264746,3.78186190314279
"7992",8.52422291647853,9.41562158534948,8.54122096230151,8.03743249980572,8.83773526910596,7.98875623368277,9.59131656945117
"7993",6.51717897429702,6.4347123324574,5.35935053423663,6.49813413361944,6.51717897429702,5.35478381849048,6.51717897429702
"7994",7.45106543267721,8.07976724465177,7.45106543267721,7.45106543267721,7.45106543267721,7.45106543267721,7.89931604211775
"7995",16.2387839203836,10.3834303905862,10.7851170590542,15.714541370332,36.629487197835,20.1575043943126,10.7348115829213
"7996",15.4079099440309,10.9812986729467,10.9812986729467,11.0488476134283,26.072535519186,15.2690114632867,11.3113693034122
"7997",12.1460883362356,5.56696878805961,11.3415896260258,11.8339155582093,47.8218437997285,21.7224979799481,3.96534427924509
"7998",13.4452655445714,5.31498595688181,5.3149859568818,5.85377023498892,30.4223554660426,12.9884004478641,5.25804584992634
"7999",18.4815053887952,6.18919259941915,10.4962614935125,10.1188209066012,27.5139283962508,23.5996431587949,5.62733888729448
"8000",23.4504875845498,8.81215835687068,8.57271945055623,14.5855417046989,21.0764900520271,18.8311724552631,11.8231467288836
"8001",7.4816435258004,7.35425983292364,29.0955563273225,14.3471650742449,14.1249459243923,12.8857675980792,10.4802584739524
"8002",15.4988401729278,15.5244501299254,15.4988401729278,15.4988401729278,15.2372176517979,15.4988401729278,15.4988401729278
"8003",89.4456237511448,32.3978432755382,26.6675377156094,43.1529804816819,53.8426216113822,34.201819302053,28.2023645344372
"8004",14.9520909412696,14.9520909412696,14.9520909412696,14.9520909412696,14.9520909412696,14.9520909412696,14.9520909412696
"8005",39.978627028065,15.4710643049299,10.5347478122367,24.8638717844419,18.4483558674789,15.6227973774216,8.14449842447389
"8006",67.2251230243991,44.7347383580192,28.4675778549337,30.3187653374464,37.8986806648302,28.8469360751752,27.8877420844535
"8007",25.282663694584,11.1232454056663,9.45017748265062,13.8640036654591,18.2698474567163,15.3845333909175,9.79112611827527
"8008",21.8919853141772,7.39911799411206,7.96180220812126,13.1031750536329,10.0604957870177,10.6224969028662,8.05911945610175
"8009",37.0431013017003,27.1938199524959,12.5189546912897,16.0073891822186,17.9551383997789,19.7901079231966,13.564458626373
"8010",40.950225261442,16.4492178300866,10.4343901259868,13.7715635858852,15.1041503121864,12.9366545327779,8.36655456074967
"8011",8.36978228368515,8.36978228368515,8.36978228368515,8.36978228368515,8.54239803370672,8.36978228368515,8.36978228368515
"8012",86.546495374549,54.2123803653206,34.7601613285188,41.7490072370336,43.5788114360868,38.3749493653869,29.2206973393119
"8013",30.9769366475249,23.3642279939107,18.0548022535366,19.6093023089991,21.16330909345,19.4798073835432,17.6508240192135
"8014",54.8796065966157,16.1762428440723,13.8402369050045,16.6579463334736,24.3562314713415,17.5207578405309,13.8650101759148
"8015",49.0105815043956,29.3157116880958,15.6434535499326,21.4421273720443,21.9837201178373,20.106516569488,15.9633953072714
"8016",13.9791487305612,10.2965538744454,9.81595193182955,10.0856581173108,10.5891384715711,10.007558386568,8.17678369935529
"8017",6.66938224820647,6.28211055607747,8.05252025042099,12.366032988152,9.57628978459184,8.13421764321257,10.1697627058921
"8018",45.0572500391844,33.3096550275187,27.3752702302982,23.8427079100581,28.3631993281809,25.6728013407957,22.8473493145512
"8019",8.39418170724487,8.43735636855469,7.22413302868931,8.42114607824876,8.16834756112683,7.15772744798831,7.17569849036738
"8020",78.055422679814,37.3429648444993,38.7906740574178,50.5994782615813,52.5145756681242,38.4367160120775,34.847275642476
"8021",60.6670638514249,23.2387331970473,10.4311246426925,15.4425331862175,20.0298313986807,11.9249110189212,8.75058359613548
"8022",115.115295769018,54.4761945129468,31.9615208003097,39.7927725430469,49.1174124928633,34.4529469162604,30.4893195798078
"8023",21.6103624381721,17.7816619616703,12.6773494943758,19.0726788682528,19.950148252749,16.6608669818148,13.0690296595823
"8024",27.4310038765536,17.4014528184568,14.7595275759817,21.9473992824064,25.8213857066102,20.4133235014188,16.3795690411051
"8025",13.0844017778898,13.0844017778898,13.0844017778898,13.0844017778898,13.0844017778898,13.0003297849552,12.8436618185054
"8026",3.54313722504731,3.55854756842503,3.54313722504731,3.54313722504731,3.54313722504731,3.49899459701309,3.49226300645271
"8027",3.78464528457843,3.75972796746999,9.01118312610708,9.97274772622128,9.94873737680651,4.66677169887216,7.7818870216684
"8028",23.99846217148,9.39343244716048,1.90956371765231,4.29739050104502,4.33412986603273,12.7674575848669,14.2972481752839
"8029",11.1222871667007,11.1222871667007,11.1222871667007,11.1222871667007,11.1222871667007,11.1222871667007,11.1222871667007
"8030",51.4628263951832,50.9141304462128,50.7701224895354,50.9141304462128,52.5745736031783,51.3029095657462,56.3013134096239
"8031",39.4281689526951,39.6633455762468,41.5658222011183,39.4031735147767,39.4268521925209,39.4231659803799,39.8511169098037
"8032",172.222768148281,170.520221711016,165.964325991544,170.807089809615,171.537616940197,167.160352141319,167.761984769194
"8033",204.684984650709,200.657095258041,202.064970704969,206.250541837958,210.043156260644,206.7323029649,200.312007715811
"8034",28.6933043960984,28.7241288144797,28.6933043960984,28.6600514662041,28.6933043960984,28.6933043960984,28.5877494669557
"8035",35.8471890270905,43.8653256008596,38.3406383800716,36.0843740475249,36.5499397440759,35.8471890270905,43.5934510534728
"8036",1007.69366906462,994.62924107675,996.42110723549,1002.20300362198,1007.08836651556,1028.16926368434,997.109338318591
"8037",71.9506600493088,76.167010210234,72.1476260895034,72.1946757293163,72.1656298260008,72.1799035973759,76.0682567083721
"8038",18.2355048164555,18.2355048164555,18.2355048164555,18.2355048164555,18.2355048164555,18.2355048164555,18.2355048164555
"8039",171.660327212971,203.431505571728,188.953902950996,173.095599689727,173.479779305479,176.906231431222,202.535857644908
"8040",86.4375003693219,86.4375003693219,86.4375003693219,86.4375003693219,86.3993983840284,86.4375003693219,86.4375003693219
"8041",204.14526441778,248.428152794198,209.125245839102,193.167434033997,205.118227826264,205.80598805814,247.412849208987
"8042",1410.16594448018,1419.90344897181,1417.54469858747,1419.46971745048,1411.74749981475,1408.39939139662,1408.51866248228
"8043",11.7051485906553,11.7051485906553,11.7382286902632,11.7051485906553,11.7051485906553,11.7051485906553,11.7051485906553
"8044",7.34496832977577,7.34496832977577,7.34496832977577,7.34496832977577,7.34496832977577,7.34496832977577,7.34496832977577
"8045",13.0163347987036,15.2170808549639,11.0016422775272,11.3329241658519,13.1871225734496,10.4067703589601,11.2550913149995
"8046",14.6051639858595,14.6051639858595,14.6051639858595,14.6051639858595,14.6051639858595,14.6051639858595,14.6051639858595
"8047",8.92531515389925,9.16815183394842,9.16815183394842,9.16815183394842,9.28051635192221,10.5979779963572,13.7902273103992
"8048",5.68183849318183,5.68183849318183,4.99530714888608,4.96488857643901,5.06561331529319,5.92756389700609,5.68183849318183
"8049",6.6827175287407,6.59437461188239,7.07356696919263,7.20728375170815,6.90250944828316,7.12340736820872,5.68173777334877
"8050",4.78613969344873,3.78949531956011,5.29912663658575,5.4194730261607,5.4194730261607,5.48440875159207,3.78504237627234
"8051",6.66629017457585,6.22252316024533,6.22252316024533,5.26318981061054,5.31923197500425,6.22252316024533,6.00727417210688
"8052",5.79299338718616,5.8370376357121,5.79299338718616,5.79299338718616,5.79299338718616,5.79299338718616,5.79299338718616
"8053",5.68677868136415,6.24819875470655,7.72167341991097,4.89805141992435,5.10826471487546,5.18401581672113,11.0403522552141
"8054",7.28790440738491,7.0161061108111,6.51089085240723,8.42049792711987,8.47785360943873,8.47785360943873,9.09196920005298
"8055",3.31169094013091,3.20264990375154,3.20264990375154,3.15262531820298,3.14098414844864,3.12476904747625,3.21354428142055
"8056",18.0122357929737,6.26656724156043,5.97714738750733,6.7992195843402,7.5623342206834,19.1609374682072,6.23500814812626
"8057",18.417574349747,18.417574349747,18.417574349747,18.417574349747,18.417574349747,18.417574349747,18.417574349747
"8058",13.3106399016873,12.6734075971217,12.697898746052,12.7555393030636,12.7162329553134,11.9264157399828,11.3303882801897
"8059",16.9832443832093,16.9832443832093,16.9832443832093,16.9832443832093,16.9832443832093,16.9832443832093,16.9832443832093
"8060",4.66939528226961,4.791337689118,4.791337689118,4.791337689118,4.82420384382547,4.791337689118,4.82486437270439
"8061",7.14399202028656,7.14399202028656,7.14399202028657,7.14399202028656,7.2593036608481,7.14399202028656,7.14399202028657
"8062",26.8740935783784,28.3594807038051,24.974444167213,25.1834409509372,80.354665451484,58.1952858071726,27.5571776555079
"8063",27.2132800004382,26.311892311556,27.0981732994377,119.35728862175,195.287410107217,27.3611926774876,26.3067531775558
"8064",76.2241995776488,71.0015139751432,69.9530403606944,71.0015139751432,287.375301544127,102.838969231542,71.0015139751432
"8065",52.9514546222661,52.9514546222661,52.9514546222661,251.377599527487,424.387206099776,52.9514546222661,52.9514546222661
"8066",21.5893451650401,19.7484897614285,19.0177479355896,19.2756139684369,87.98774818826,25.995619866021,20.5239132674408
"8067",30.904336963943,29.9106621100122,30.6944384408093,130.587682281101,213.468357373735,32.1758351326949,29.7779032161459
"8068",29.6831729328079,38.6712343944749,29.5878928827972,29.7258591828284,113.61167210049,42.0332988531541,38.1888133813054
"8069",25.7406054056437,25.125227105527,25.7406054056437,131.701220824069,227.186599997394,25.7406054056437,25.7406054056437
"8070",6.83063383054678,6.83063383054678,6.83063383054678,6.93433833102032,6.83063383054678,6.83063383054678,6.83063383054678
"8071",5.94841154562716,6.40202843641064,5.07313046411235,4.45611073633107,4.37891610405213,7.90901353711655,11.3362024273205
"8072",4.93422488916332,4.74991401122734,4.61703861994415,4.93422488916332,4.93422488916332,4.93422488916332,4.93422488916332
"8073",8.64681415847817,8.14217444739028,8.64681415847817,8.64681415847817,8.64681415847817,8.85400121424447,8.63338585629828
"8074",5.43776162823366,5.4509550820071,5.43776162823366,5.43776162823366,5.43776162823366,5.43776162823366,5.43776162823366
"8075",6.45753226565607,6.45753226565607,6.45753226565607,6.45753226565607,6.45753226565607,6.45753226565607,6.45753226565607
"8076",4.52230709350895,4.61367333182326,4.52230709350895,4.52230709350895,4.52230709350895,4.64655975891138,4.52230709350895
"8077",5.37485812245486,4.46727094685998,4.55943818664108,4.45383098913975,4.88940196357845,6.24626628112327,5.71774596197941
"8078",11.4779133188355,8.9657350760755,8.17305260353537,8.17305260353537,6.77394566555982,5.74293916607707,6.35992700583714
"8079",9.41982106221389,9.5550059461012,9.55553248637465,9.40201204246869,9.58511366985676,9.55553248637465,65.2980330368885
"8080",10.7657531022048,10.7657531022048,11.0148820051752,10.7657531022048,10.1321531491638,10.7657531022048,10.8856705626663
"8081",7.45317023618134,7.49345533666509,7.30960983133869,7.8258972045864,7.31421084603378,8.05953451904715,34.6939954882858
"8082",11.7131654313339,11.8113787883859,11.7131654313339,11.7131654313339,11.7131654313339,11.7131654313339,75.2097130435723
"8083",24.1045580818016,22.8812763590867,41.8789990849998,41.6317833132194,41.7130752683908,42.0209855417893,41.0324230677317
"8084",21.3542201935564,174.08171849631,32.3501679322703,32.3501679322703,30.3593332377244,32.3501679322703,29.2467185884666
"8085",18.4691896241009,14.9965516222611,22.4394975340288,22.4394975340288,21.9555054200879,22.4395024159338,17.7480159432
"8086",28.8082644728119,27.0751783493977,27.3310583054701,75.7729681472827,73.764567039663,71.2393352389157,69.9760451820281
"8087",31.9159686768609,10.5405184056953,15.8246065015959,17.6185060589717,17.5857453482884,17.5132672955045,17.3811389105688
"8088",14.4384423267141,193.680386276931,24.9248025076206,28.5365645283242,24.5324539594752,24.9704384888749,22.7084912695015
"8089",25.0244158691125,24.729267432731,43.2060087992688,44.1958694344098,42.814832983939,43.5558887649655,42.5922420983682
"8090",8.76104015358445,8.76104015358445,16.1577407684298,18.669476116751,17.0761034736471,17.5565555349486,17.2917057466615
"8091",37.5129978377529,158.561644997068,21.6841281512262,21.6841281512263,21.6841281512262,21.6841281512263,20.4499267119252
"8092",16.3905248144452,16.3905248144452,23.1138528912948,23.1647972716235,23.1138528912948,23.1138528912948,23.1139594257963
"8093",22.0501028727897,15.4459640742821,29.2375297163756,27.3927643748203,26.6911309778898,27.4282753791808,23.4668367605341
"8094",10.3708794930296,10.3186454452825,19.3667166417432,18.0893730084614,17.4234908357218,17.5326747457304,17.4234908357218
"8095",20.6441474465717,20.6441474465717,28.3969477845413,28.3969477845413,28.3969477845413,28.3550774433845,28.3969477845413
"8096",15.09396187125,10.0479203814138,22.9633842266056,19.8569229892891,21.5687570054012,19.3686171762222,12.0398687915014
"8097",23.0552646159367,18.5635384493543,30.3324355313335,32.3851405672019,31.9978292538391,34.5447021041862,54.4277626084737
"8098",8.29797787421806,8.26422489996653,12.9888987415724,13.4454818809564,13.4454818809565,13.4046218843118,37.2144432752789
"8099",18.487062146972,18.4151491303336,27.0869811428195,27.1221971362671,27.0869811428195,27.0869811428195,66.0685833773752
"8100",24.0971095311221,25.3251810117275,40.7164466233556,45.8707012049019,45.3868646294708,45.9110884474642,110.964615480573
"8101",17.1986046772981,13.0520453841013,25.2857840662871,25.9189615013113,26.703595098087,29.8081401150542,36.0519344562987
"8102",16.3733774462704,13.9976286853664,20.5700128705723,23.2791461639372,23.1289181571007,23.8268719976667,60.5249257944238
"8103",17.2991584627345,14.0010364878877,28.5642495605591,31.1032316676353,30.9019988401519,32.8304659251252,41.5892329667424
"8104",28.0634053960963,19.7295331898783,42.1643778002589,44.7116688790307,51.5709249881886,51.7187580506204,50.1525079370097
"8105",27.0912896725737,23.4504981571529,44.657470919762,41.5795742889848,42.4159384656886,39.7775937934261,51.2271100351471
"8106",18.4163082235784,16.9802666885898,26.0405796990178,26.0906123021905,26.0405796990178,27.5686888659495,54.0777477911724
"8107",13.5847341316385,15.9127528804638,23.1144709486535,29.2579497425545,24.6831641847706,26.6073234290432,52.8413445778555
"8108",21.8770312882191,21.8770312882191,30.9880711304709,30.9880711304709,30.9880711304709,30.9880711304709,70.0325353949582
"8109",13.3057212067616,6.56057205538047,14.2583118676085,15.4247120051912,16.0068908682288,15.5099615994835,30.0078943686688
"8110",10.5045445781611,7.98652910959627,15.4863724738411,15.9023688825736,15.9040737509363,16.157981681549,31.0685628408733
"8111",15.9852092847442,14.9018088571683,23.0677565595631,23.4328966468777,23.4942989703642,24.7592527955833,53.3411103584641
"8112",17.0225045976635,13.1989755643594,25.7603223060244,25.4252290925413,25.4252290925413,25.4252290925413,48.920512888704
"8113",18.142027805614,12.2605741608528,23.5699163583066,27.931778794219,25.5703682350683,27.0002628078058,37.2241943372267
"8114",11.9829397565786,11.9829397565786,11.9829397565786,11.9829397565786,11.9829397565786,11.0877835564634,42.0400030890708
"8115",8.55649896932478,8.55649896932477,8.55649896932477,8.6489422558401,8.55649896932477,8.55649896932477,27.4341141981476
"8116",10.9827596722747,10.9827596722747,10.9827596722747,10.9827596722747,10.9827596722747,10.9827596722747,10.9827596722747
"8117",5.36700484692002,5.36700484692001,5.36700484692001,5.20801105591689,5.36700484692001,5.36700484692002,5.10874763185619
"8118",11.2748580545229,5.15005234128911,6.78013981646078,8.70348798123427,8.70139521612504,10.5939229896135,5.15005234128911
"8119",33.7440160259631,33.6075561032496,62.828753775286,109.860358485087,42.9404437974344,24.0181869379733,23.9056049564318
"8120",29.555633624335,29.6893514581281,123.393270459306,120.939886292072,19.7699094768503,13.6589972034761,13.6589972034761
"8121",29.8526167132802,30.0501038476451,124.21821917836,139.703370469983,16.9211063594979,15.410509114008,15.2312095898575
"8122",31.1138311700833,31.2310612551024,97.8020523915787,95.4854403818585,14.1505862157551,14.1505862157551,14.1505862157551
"8123",22.1827480201291,18.7127988313128,102.035942803551,92.6616005375331,13.0654809889687,9.89191626072678,7.83973984276826
"8124",17.9297809882646,16.4147839217037,78.0609097737736,118.942732840076,18.6729233876269,10.3609228021527,7.92336000850393
"8125",22.891850692223,23.2703613531205,84.1912853188955,84.5510073770035,14.0603402274833,11.0095796802284,10.9115957815918
"8126",29.7045384224575,29.7045384224575,103.406583293557,106.889760865132,13.154236304361,13.026346413733,13.026346413733
"8127",27.9078080183848,21.7957708959707,192.288876505065,148.745112939798,19.5373155190013,3.28208808451247,7.53766731371974
"8128",5.39915203303632,5.38244168967749,5.52652883229497,5.52834879281592,5.52834879281592,5.50967053349734,5.52834879281592
"8129",10.3232885818568,10.3232885818568,10.3232885818568,10.3335482406967,10.4867688815028,10.2379264460135,10.3232885818568
"8130",6.67638788509034,6.25176414355296,6.67638788509034,6.34931368064748,6.67638788509034,6.67638788509034,6.67638788509034
"8131",32.6878641164967,21.3224576051277,24.8712274807649,24.6060319537153,25.5341521745505,26.1576848206358,23.5318743207552
"8132",44.3796179101139,42.9380923894453,41.817274781322,41.6675137437467,41.7618549392511,41.7782951091593,40.4578837260171
"8133",13.0243510484713,13.0243510484713,13.0243510484713,13.0243510484713,13.0243510484713,13.0243510484713,13.0243510484713
"8134",7.33311197337337,7.55366571531119,6.91219415016944,6.33818469852999,6.60109094215827,6.19398113864287,8.43615185478556
"8135",13.7426771128043,14.1232255170405,13.361882224601,13.4507325698085,13.1015896881517,13.1555598861243,13.5718778085302
"8136",3.44156451458079,4.51046951102874,3.44156451458079,3.44156451458079,3.47799159856642,3.65631613219903,8.61128995427031
"8137",6.83784324614874,6.83784324614874,6.90790817371812,7.05983193687922,6.83784324614874,6.79404560160399,10.9083029934604
"8138",10.9374797298224,10.9272166326182,10.9374797298224,11.140107187545,11.0176424757161,10.9374797298224,15.6635290656847
"8139",5.84501351798983,5.21984329427804,5.84501351798983,5.58441326114327,5.52875940425633,5.84501351798983,4.95202250364745
"8140",18.248665869958,14.9293030633644,16.0120251139277,20.3034323587758,19.4286008582126,20.4238144944874,56.8907457967081
"8141",12.598045156069,12.598045156069,12.598045156069,15.7632322117222,15.7632322117222,15.7632322117222,30.3862071685726
"8142",12.1547150011268,12.1547150011268,12.1547150011268,14.4510463272067,14.4510463272067,14.4510463272067,32.6977546435974
"8143",11.5293167211456,11.5086599458344,11.5293167211456,15.1775498268767,15.1775498268767,15.1775498268767,36.7939066851723
"8144",13.4651115613177,13.1411392585323,13.1411392585323,16.2466920793035,16.3031364083835,16.5588323763937,41.94431306613
"8145",7.40316923243963,7.40316923243962,7.40316923243963,9.80915360074632,10.7613886972093,10.6242953520725,38.5510565742701
"8146",6.89611799202628,6.89611799202628,6.89611799202628,6.85960950824357,9.42814097583859,6.78808085313136,6.89611799202628
"8147",12.2566190162867,12.5096591770924,12.4731443713626,13.6346391990689,13.6346391990689,13.6346391990689,44.1877076416383
"8148",7.78167478348666,7.78167478348666,7.78167478386215,8.8783535640714,9.43354140910179,9.40809712713207,31.4376966885912
"8149",5.57365443567735,6.10962174682181,5.28475783674425,5.65869073726973,8.20069874466504,6.03077078188922,6.08534449700969
"8150",2.96216448219384,2.96216448219384,2.96216448219384,2.96216448219384,2.95217793724467,2.96216448219384,2.95063800710891
"8151",25.5620412591815,13.5973903944291,15.4549938038221,13.6434317562114,13.5028833424258,13.5151844272511,18.0729171268463
"8152",22.8300549133967,14.6866513284799,11.6808927837433,12.2465428433378,12.3413992977239,13.0042671328998,15.4750577813976
"8153",8.10266655320073,5.58867857026791,5.58867857026791,5.58865264241474,5.58867857026791,5.58867857026791,5.63189263181809
"8154",16.4751631440843,10.1696708027508,9.45164439781278,10.4985636091616,11.3635343083702,11.199584294545,11.3412281276862
"8155",17.3671127379297,15.4264684349127,16.2914300603906,16.999546329286,17.4554509575494,16.184574355318,14.5366903899409
"8156",10.9536482210136,10.9536482210136,10.9536482210136,10.9536482210136,10.9536482210136,10.9536482210136,10.9536482210136
"8157",11.3421042883622,11.1933312259133,11.5764790684547,15.5670945457844,20.1219160510508,11.3421042883622,9.98834164207656
"8158",25.7462585084316,25.5205141499838,26.6240713390258,29.093692002364,28.2703681314801,25.0277641166469,24.4728412434204
"8159",25.7743101769333,25.7743101769333,25.7743101769333,26.314751772123,25.8691463390611,26.0808828505369,25.7743101769333
"8160",14.8307719016504,14.629033555022,14.8307719016504,17.6510184102425,20.6679525785224,14.8109510234341,13.4468677508964
"8161",6.2866873958314,5.10913123925497,6.2866873958314,6.2866873958314,6.2866873958314,6.30461676738005,6.80470485773757
"8162",6.279087367728,4.89348820242864,6.13515218250791,6.20474271189079,5.95871956935209,5.58990166556737,4.89691404548388
"8163",3.52803088318502,3.06658416739399,2.84834936853367,2.82616677763213,2.86878563031198,2.91748665602128,2.60608852844908
"8164",10.8017949410714,11.1052924406206,10.8017949410714,10.8017949410714,10.8017949410714,10.8017949410714,10.8017949410714
"8165",35.5222069343344,12.612236052296,9.55763653150656,7.60806189896178,7.28396628637342,27.5918430096688,35.0893582955333
"8166",8.41065160817177,8.7544561589597,8.58138536819794,8.76854432218195,8.41065160817177,8.19660124786145,41.0723829151362
"8167",5.9238247730823,6.16022607850939,8.36799773809218,8.37082694684363,8.41568955582692,7.86497945832469,5.74648025317781
"8168",6.93430735168222,6.93430735168222,6.93430735168222,8.23278377384386,9.09507899491953,9.09507899491952,27.9102146554249
"8169",9.92400907389875,9.73442692451108,9.49654017892267,13.6497819876964,15.9705954674118,15.8197225500317,38.7002662748967
"8170",11.2718596756974,11.2718596756974,11.2718596756974,13.1358123930928,13.1358123930928,13.1358123930928,39.4145853136494
"8171",10.1718727017603,9.78451053735512,10.384315326538,13.6820403356997,14.0768231910168,14.1324956846848,36.3443248023828
"8172",6.28677979280598,6.28677979280598,6.28677979280598,5.94225934444491,8.53244305345791,6.28677979280598,6.28677979280598
"8173",8.54666403713191,9.4480489606376,8.49170212068191,8.45255701576938,8.4626379622921,8.4932669739312,9.28022392629813
"8174",23.0064658439144,18.9649605457844,23.0055145323782,12.9963278075408,11.692987926905,11.4617989891715,9.65714431665504
"8175",22.8814053957348,22.8814053957348,22.8814053957348,11.1768906162711,11.1768906162711,11.1768906162711,11.1768906162711
"8176",6.90801501997175,6.00169355934152,5.48261252355472,4.74497171837861,4.74497171837861,5.37344870633599,6.69812596812351
"8177",5.1500045667643,4.46915666648246,4.42259101218178,4.36394884447923,4.80480488550181,4.75694371888018,4.80480456355959
"8178",6.38160634530887,6.48473582232321,6.38160634530887,6.38160634530887,6.38160634530887,6.70938922348738,8.68244127229744
"8179",5.0489709120212,8.44849793642076,8.03565863492061,9.66210869161928,9.66210869161928,9.50302007077894,4.83219695097387
"8180",8.04773432318391,9.46727965217864,10.558192079092,10.4025540887163,10.2302956136937,10.5581920789935,7.19376981549704
"8181",10.3384049233483,8.9233514909084,10.5264878376566,10.5264878376566,10.5264878376566,8.01315562197263,6.42595083256607
"8182",11.3838870147625,12.7019083470872,11.3838870147625,11.9041554444278,11.3838870147625,12.4460215921975,12.979671141655
"8183",10.4354551410213,10.9119646617835,10.4363428913586,10.4286012100989,10.4354551410213,10.4354551410213,10.9775787240369
"8184",4.3442924608526,4.3442924608526,4.3442924608526,4.3442924608526,4.3442924608526,4.3442924608526,4.3442924608526
"8185",7.26350859415982,7.26350859415982,7.26350859415982,7.26350859415982,7.26350859415982,7.26350859415982,7.26350859415982
"8186",4.73924587445634,4.73924587445634,4.73924587445634,4.73924587445634,4.73924587445634,4.73924587445634,4.73924587445634
"8187",37.627656384761,58.6471077927979,37.627656384761,41.4172667237138,41.4172667237138,60.0802835452424,41.4172667237138
"8188",32.555604644595,38.9490583119363,32.555604644595,35.968968273733,35.968968273733,38.9490583119363,35.968968273733
"8189",33.9155875689821,45.4905564176851,33.9155875689821,37.1344005773597,37.1344005773597,45.4905564176851,37.1344005773597
"8190",42.6856617812247,65.4155083773659,42.6856617812247,51.3761338828638,51.3761338828638,65.4155083773659,51.3761338828638
"8191",26.7610669340147,27.7743919239,26.7610669340147,27.7743919239,27.7743919239,27.7743919239,27.7743919239
"8192",44.5936686716501,64.9559134551871,44.5936686716501,67.8501672576743,67.8501672576743,30.7094811722426,65.5825184015293
"8193",26.2408113339422,26.313873080788,26.1599642700169,22.7714779143249,38.2127608614754,22.2630640157809,22.6856531176404
"8194",6.6609472173644,6.6609472173644,6.6609472173644,6.6609472173644,6.6609472173644,6.6609472173644,6.6609472173644
"8195",79.6260081519665,92.6270173783549,71.9191144325998,79.6161179162599,79.4506538941277,76.2876625932611,78.539252042389
"8196",56.3706741317619,56.3706741317618,56.3706741317618,57.2112707468839,56.3706741317619,56.3706741317618,56.3706741317618
"8197",35.0298135842187,35.0298135842187,35.0298135842187,41.054736755135,41.054736755135,41.054736755135,41.054736755135
"8198",211.816187415489,241.753858478036,211.29966452809,217.086518008184,209.486433193652,207.252286121599,210.590513172643
"8199",7.48643415548954,7.48643415548954,7.48643415548954,7.86941250132058,7.78320834939231,7.48643415548954,7.639839988576
"8200",54.0019479809511,57.4062764897395,49.4219557646337,48.2351133066765,46.1036384143594,44.4156323648989,47.2160051111909
"8201",420.139327121531,480.475456633568,445.714236676851,467.714485165751,507.381053646991,466.550309156933,460.890470879576
"8202",21.3818240204055,22.6511309166649,22.0588158718358,22.0588158718358,21.8894431723029,22.0060150139547,22.6040879450423
"8203",136.629116380267,155.250618234357,134.024707024724,143.615007287249,140.879158492595,137.414185042058,144.63182003513
"8204",41.2828235119388,41.2796482308385,41.2831263072332,41.2828235119388,41.2828235119388,41.2828235119388,41.2828235119388
"8205",37.4927836175769,37.4927836175769,37.4927836175769,37.4927836175769,37.4927836175769,37.4927836175769,37.4927836175769
"8206",28.4576503953523,26.9485687253496,26.948633605498,29.4014844310692,31.1970487517281,30.7573776755211,30.7410152380668
"8207",25.3015743220556,22.1713966847517,26.6461643205543,26.5185209290855,24.0526603495747,23.7578749989107,26.7972214895407
"8208",13.1509844696905,13.1509844696905,13.1509844696905,13.1509844696905,13.1689172748668,13.1509844696905,13.1509844696905
"8209",24.7981979913481,33.2118099192778,24.7981979913481,24.7981979913481,24.7981979913481,24.7981979913481,25.7375771195421
"8210",72.2022557301933,23.5215238203682,21.0226099682534,67.2929170148931,63.7178037496297,61.0318476141995,90.2257703313795
"8211",47.5551564064198,46.8214623654167,46.8214623654167,46.0886712048718,46.3686696754997,46.439873051964,46.0595953034463
"8212",14.2176116305961,18.1542643236918,14.7540802196574,14.65765067311,14.4764647249452,15.4992929683403,20.4363999546537
"8213",9.97686531236928,9.97686531236928,9.97686531236928,23.2550294243692,9.97686531236928,9.97686531236928,9.97686531236928
"8214",11.0111378522097,11.0431642242444,11.0111378522097,11.0111378522097,11.0111378522097,11.0111378522097,11.0111378522097
"8215",12.0727154939728,13.8006027158832,11.8650962737268,11.8650962737268,11.7793100244893,11.8650962737268,13.577236158845
"8216",5.2320007781637,5.2320007781637,5.25548684963443,7.23077405031819,6.93722642151926,7.19279476774217,6.94266063731303
"8217",3.97837032884109,3.09422678561678,5.00478047443247,5.78066642074713,5.18152375985356,4.68953261391334,2.83206885571873
"8218",3.43549704432996,3.53568552989581,3.43549704432996,3.43549704432996,3.43549704432996,3.43549704432996,3.43549704432996
"8219",4.75590802532836,5.05126231055344,4.75590802532836,4.75590802532836,4.75590802532836,5.05126231055344,4.75590802532836
"8220",15.4583641822105,15.453266296798,15.6546592537289,15.7713180379989,16.0878556649036,16.1416352942886,16.3602164744648
"8221",78.8532825652371,82.2954155313784,51.4986534425659,58.7329141087091,57.6251812655567,54.2118418350472,47.3176732621579
"8222",83.0041164744545,90.609838774113,92.1893470482122,116.689817716866,127.998382376571,128.789381335558,151.119022015267
"8223",83.7483077932316,83.7483077932316,91.1664615183993,98.180143352545,104.845895190057,99.4777858785699,100.602420299302
"8224",8.60868503356825,6.07030766259174,8.75199390299606,8.07689462428956,8.20979632465332,8.66715086686686,6.67348908064322
"8225",52.428535474924,55.1959728276006,34.7322753871472,32.0707961973701,46.4396891987239,52.428535474924,55.5271747917287
"8226",15.3436816445601,20.8130226723446,8.79233314654784,7.56540237344277,14.9390404984633,15.6702922640273,21.7373127390045
"8227",4.4623668149704,6.38920660210632,4.43373386576641,4.57941194814695,4.76023610729951,4.73055108620578,6.45189891833915
"8228",20.4807738791872,20.4807738791872,20.4807738791872,20.4807738791872,20.4807738791872,20.4252211769751,21.389047749774
"8229",4.96041088488285,5.02257204248278,11.5657573956355,9.72037577086414,6.89939190804758,4.96041088488286,5.02257204248278
"8230",7.38588126744176,11.1568501183764,19.098920550576,21.1116925403698,9.485947518747,10.1871367417835,12.1688677608081
"8231",17.7259843856851,21.6371989421276,15.2152846671363,8.82564142480782,22.1238686959139,22.5253659361042,21.8117293809359
"8232",7.47892972267948,7.49340971789105,7.62428355208825,7.49098022444954,7.47040672285759,7.4741488224041,7.47063249207694
"8233",8.3949271835705,8.39703868744907,8.3949271835705,8.3949271835705,8.3949271835705,8.3949271835705,8.3949271835705
"8234",18.198115144524,19.672469605414,11.3561427103452,8.34681032009414,20.4207259186315,17.3631470387419,19.5461820053823
"8235",4.04098723616181,4.02344943059732,4.02339504597754,4.01336574364161,4.06687678660183,4.06687678660183,4.06687678660183
"8236",11.5652741459872,11.5652741459872,11.5652741459872,11.5652741459872,11.5652741459872,11.5652741459872,11.5652741459872
"8237",45.1679193580497,47.3574164100603,31.6211844857996,29.7618629032476,43.6784636441354,43.8646372528747,47.880270477556
"8238",23.9203803475274,39.8806876364583,23.2325391409656,23.8200618207968,22.2142440948656,22.3259122762455,29.9919719930575
"8239",43.1422297066175,43.6812674213679,44.5757328119757,43.7088534044441,43.1422297066175,43.8877527454313,43.512648690783
"8240",7.78833784042684,11.0544043500289,20.6667517273794,9.92108322185419,6.22521611566684,10.6221434378413,11.5260817470478
"8241",186.780994537616,190.983792620725,131.837069791656,125.074092486781,177.221684985342,180.135886533727,193.87376020614
"8242",31.1948275932971,19.1130990798051,13.4422497377967,29.5560361341777,31.1948275932971,31.1948275932971,18.0612970805106
"8243",83.3868830057599,133.86011826371,81.0258673826185,78.4365687376462,76.6815279585164,76.5156725949161,110.375369111402
"8244",54.9856359119042,45.312936546601,45.1297345123387,44.986870595907,45.1297345123387,56.125121535882,45.312936546601
"8245",8.86123160783062,15.0021366736162,22.4167236401822,25.2059134267205,10.8054877590471,7.65837082795746,17.187802495655
"8246",21.3835078599874,21.9315038163992,18.523064250376,18.5233321484176,18.523064250376,21.7042371603731,22.0172649616032
"8247",39.4370823499654,42.1882383991609,28.544555109656,27.3517861736482,39.8270925422075,36.8653500541654,44.2320145362461
"8248",13.723776801642,19.0769294889345,16.6844851239694,16.2195033844588,17.7985737093457,14.3165558648424,18.9105271635379
"8249",18.7222106179029,30.8249004911153,17.4869414779071,20.7964704554198,16.6612927662529,17.1400908768852,28.3135898743574
"8250",14.686939920707,14.6240848840156,14.6505463835595,14.4507649871989,14.6695572112851,14.6185243689072,14.8113496928575
"8251",12.434451945721,14.6998047845802,14.4346616220108,15.4323247287149,15.4323247287149,12.8537252040339,14.6974049185924
"8252",13.1575058829255,15.4822164055826,13.1575058829255,13.1575058829255,13.1575058829255,13.1575058829255,15.5710191717404
"8253",7.5576477728581,7.5576477728581,8.30866861572021,7.56533503000723,7.5576477728581,7.6625371088487,5.1240306958733
"8254",16.8933206982269,19.6701938489585,17.0382480639925,16.4736617211511,17.1623694726126,17.5840241718565,17.5749847325836
"8255",8.06476678452808,8.06476678452808,8.51940005566408,8.06476678452808,8.16994746467301,8.06476678452808,8.75783743119133
"8256",321.644463585942,122.06497267371,76.2987142263867,79.0442309106377,189.829995144423,174.72501038243,214.439274306815
"8257",13.5500371169625,7.85696060255182,4.66088391507379,4.67309164436971,13.5500371169625,13.7993163547247,13.5500371169625
"8258",10.0825371472145,14.2431061281185,10.5891929961916,10.0825371472145,10.0825371472145,10.0652909198417,14.2431061281185
"8259",15.1557199454316,14.7302346522547,14.9478315591444,15.0206532905545,14.9522910042515,14.7447020754409,14.6768822573269
"8260",14.1806331636356,14.1806331636356,14.1806331636356,14.1806331636356,14.1806331636356,14.1806331636356,14.1806331636356
"8261",71.0125496439944,32.7136015436473,25.8070677272767,25.8070677272767,71.0125496439944,88.8399486452865,71.0125496439944
"8262",8.58577493851099,9.63500725150855,8.58577493851099,8.77789480537417,8.58577493851099,8.56158338990598,9.63500725150855
"8263",28.9955675673851,40.9210758683212,28.9955675673851,29.0283779388619,28.990451727052,28.9955675673851,20.7297293078558
"8264",67.3503017834206,44.5492643530542,67.2198080665226,74.8629395595563,68.2269393439385,67.6462933276871,77.6211804055711
"8265",22.6975705135856,15.8333798447131,25.9132890497488,29.0989796711317,22.639776120079,23.0415354239478,27.0550392471071
"8266",18.9316681320318,17.8019066578545,18.8474555858596,18.9372949461216,19.1722949834707,19.5568004455061,19.9185888625179
"8267",3.3987604017339,3.3987604017339,3.3987604017339,4.59429048993339,4.64869204988649,4.64109259261527,4.6476168201765
"8268",7.20871393115464,7.20691796280609,7.20691796280609,7.20691796280609,7.10736168714296,6.43459512225367,6.45690299963945
"8269",20.5137382669499,19.8761506871016,20.5594202484785,20.6835749810477,20.5137382669499,20.5137382669499,19.9580007986
"8270",4.65339269313724,3.61035308777957,4.63773541663169,4.65339267551705,4.689830697143,3.14197385860588,2.39107768859339
"8271",9.69169922016899,8.59460394721008,9.63539449048176,9.33853178831113,9.97961344075088,9.69169922016899,7.99075403230629
"8272",12.9775412362592,11.4455439456284,11.9681497439672,11.5623220119416,11.9051500775404,11.6011514540148,11.8333669247993
"8273",6.11458455227697,6.11458455227697,6.11458455227697,6.11458455227697,6.11458455227697,6.11458455227697,6.11458455227697
"8274",7.44704635862576,11.614515875626,9.08914298268941,8.87907666136908,10.5372249275336,10.7565858801811,14.2699795860164
"8275",6.52000928920361,6.52000928920361,6.52000928920361,6.52000928920361,6.52000928920361,6.52000928920361,6.52000928920361
"8276",7.51561564764771,7.498842168913,7.498842168913,7.498842168913,9.00560618514961,9.04924801741759,9.0492480174176
"8277",24.8475936165299,24.6203333401408,24.4797406132863,24.3508401462387,24.6012076289955,24.0923858896969,23.9766048253879
"8278",22.1869013896783,22.1078749382244,22.186917131411,22.1869154279207,26.2926588725937,26.0902951201383,26.5741610477613
"8279",6.34646670667905,6.34646670667905,6.34646670667905,6.34646670667905,6.34646670667905,6.34646670667905,6.34646670667905
"8280",3.94153274146,3.84350442169623,3.94153274146,3.94153274146,3.94450915831861,6.42809047886857,4.95685991923155
"8281",5.09660891197136,5.57804681395032,5.08265904102257,5.09660891197136,5.09660891197136,5.09660891197136,5.53660575175819
"8282",13.3877681041294,11.1959360190261,13.4234193365204,13.6489104158577,13.3877681041294,13.3877681041294,9.40298681279057
"8283",30.7967216389529,30.8707403514518,30.7967216389529,30.7967216389529,30.7967216389529,30.7967216389529,30.8107649412689
"8284",10.8102378068127,8.07026029469157,12.9744820152937,10.9001825585721,12.6927863498729,12.8095818710904,9.36868096271067
"8285",6.98124324906872,6.44162284102287,6.0816373043073,6.96044537937605,5.57121529209699,6.44162284102287,6.44162284102287
"8286",14.2985287389671,13.3433311921596,14.2985287389671,14.0280113589781,15.3147169867207,14.2985287389671,12.5294529572652
"8287",15.0513202136487,15.0355956279345,13.3431573248219,16.0269542489173,16.3911862284648,16.7380095114314,20.7813799174573
"8288",10.7053436117693,8.89227789776465,10.7053436117693,10.5922447663953,10.9812556428639,10.9812556428639,10.9812556428639
"8289",140.102034305557,135.529047819266,142.439027600873,162.062386060927,156.64403091145,172.723784825012,146.851161122219
"8290",20.6542018891106,17.274781282092,20.4542395000839,19.5592943876957,20.1746424108809,19.9694050976312,16.9791689576274
"8291",5.16139730150383,5.16139730150383,5.57418161930542,5.16139730150383,5.16139730150383,5.16139730150383,5.16139730150383
"8292",13.8732332384803,13.8732332384803,13.8732332384803,13.8814148678221,13.8732332384803,13.8732332384803,13.8732332384803
"8293",31.6890665846992,31.6890665846992,32.1714388777425,32.7757970486551,33.3639402904286,34.5115224376427,32.7757970486551
"8294",8.11071162811547,8.23878278864975,8.09102556318756,7.99251805023797,8.02008410125488,7.99251805023798,7.00557970659323
"8295",32.2648745169776,32.2648745169776,32.2648745169776,32.2648745169776,32.2648745169776,32.2648745169776,32.2648745169776
"8296",18.7603434186937,28.5977304268609,22.9176676405053,25.7056342476816,23.7349874313867,23.5456634013362,33.0856919853739
"8297",229.78868728376,127.542718377755,109.559510576252,159.596254604569,157.739371664163,160.674352790939,125.871444964658
"8298",7.49078015606004,8.47234388350511,7.75809304339269,7.48186270693116,7.58875978810107,7.49078015606004,8.55205677394635
"8299",17.0681731407344,19.772043390084,12.9968501860619,13.2285435509802,13.055513396923,17.0422089998726,19.9088639433042
"8300",21.266872868249,21.266872868249,19.8234766534583,19.5672742685918,19.5743713446813,20.9373203086914,13.8291559833846
"8301",4.81753478664468,5.57005294862649,5.02925263627179,5.36698927981664,4.89838613341091,4.94661469830245,6.44984342643165
"8302",7.66229067342535,7.66229147070574,7.44799014618108,7.65332726564362,7.67774353722919,7.65332726564362,7.48518950936705
"8303",10.5209845680797,10.2411319511974,10.4689797351947,9.67245263815072,10.4542301768325,10.3588431562473,10.4542301768325
"8304",12.9026655331086,12.9026655331086,12.9026655331086,12.9026655331086,12.9026655331086,12.9026655331086,12.9026655331086
"8305",11.9552841371116,11.9552841371116,11.9552841371116,11.9552841371116,11.9552841371116,11.9552841371116,11.9552841371116
"8306",7.40024607333361,7.40024607333361,7.40024607333361,6.93368335452005,7.40024607333361,7.40024607333361,7.40024607333361
"8307",7.87877964194539,7.87877964194539,7.73473313198078,7.87877964194539,7.87877964194539,7.87877964194539,7.87877964194539
"8308",7.21205230127321,5.53074450679675,7.94254760924399,7.93395817082168,7.71468455197205,7.74389274408692,5.61867663833291
"8309",5.16768526069491,4.49801173624223,5.16768526069491,5.16768526069491,5.16768526069491,5.16768526069491,5.16768526069491
"8310",5.48055428408248,7.36404358216956,6.09537908663903,6.14009530309909,6.02562293345312,6.14009530309909,6.95479602922681
"8311",6.99694579493249,5.81955530245254,7.39056447634972,6.27607718338571,7.05133279424327,6.06148614541834,6.31340372933744
"8312",23.5496585924406,9.98374255017942,5.34442835896753,5.04710785394802,5.04709105847426,5.04710785394802,5.10763442995324
"8313",4.72308138422569,4.72308138422569,4.72308138422569,4.72308138422569,4.72308138422569,8.70160348665622,11.9003885359641
"8314",9.46690354951979,9.46690354951979,9.8621000838367,9.46690354951979,9.46690354951979,9.46690354951979,9.46690354951979
"8315",33.8253489319659,15.8038663352134,44.0824963648284,14.4879621604806,3.84509611637565,18.8881003816042,14.2215147166035
"8316",4.19894744324036,4.19894744324036,4.17679577918943,4.19894744324036,4.21421859359157,4.29484935808677,4.18795159791031
"8317",7.03858487982901,7.03858487982901,6.42290256798601,7.03858487982901,7.2456305348911,7.03858487982901,7.03858487982901
"8318",13.0090489353492,18.5290801352588,14.0072790601102,13.0705500238513,14.0072790601102,13.9548434477209,19.786713026129
"8319",16.2622277380399,16.2622277380399,16.6955106318516,16.2622277380399,16.2622277380399,16.2622277380399,16.2622277380399
"8320",10.6152734423327,10.4538827410209,10.6152734423327,10.6152734423327,10.6152734423327,10.6152734423327,10.6152734423327
"8321",10.2154397476436,11.0146460110058,10.6914216378775,10.353323332708,10.2983420341683,10.2154272683908,12.798530148196
"8322",15.5988013673884,23.0010678339402,23.1034208580933,15.5988013673884,15.5988013673884,23.0010678339402,23.0010678339402
"8323",15.0415346753277,28.7646315376556,32.4629124907947,20.0046900965777,9.97382410920931,23.6433532846251,20.5065852836353
"8324",9.80574019711956,24.6465252754676,16.3741125290979,12.615640413876,11.1016295466199,21.0364293324792,21.1729582193987
"8325",26.4847624041447,15.4811157132974,18.6158451393404,13.1223706272702,14.1468460081217,22.3660681791565,15.5938942429637
"8326",16.8469908271665,15.1937999711204,30.5335044512106,31.2815640483588,21.2835586046142,21.2427204276315,13.5090849657036
"8327",15.33967428319,14.2949746465825,16.0731294967301,12.974801529718,12.974801529718,17.3511837676317,14.2949746465825
"8328",24.1848022551706,22.8517859405355,21.2817371724834,16.2809361483451,18.2369033114637,24.3850216440468,20.8910501783862
"8329",48.6215959309816,67.7518893713281,57.4467906098399,54.3837542716631,54.3837542716631,64.2830529185348,65.1893434134197
"8330",8.53720429720121,17.6108789357282,24.1698324882119,12.5704542686921,9.27308273730846,20.3037370620473,16.3955229028056
"8331",22.3010795910084,40.7577191750165,65.500341276696,44.1627768549445,23.4337461028139,45.2371507332434,33.4353828687503
"8332",57.3936435721333,53.6581840589331,49.2930125304914,52.1456939184184,58.6568269413289,60.0266077245695,58.3354232844115
"8333",11.7169114899416,16.3896844359929,29.6668727756351,17.4689554360997,15.3491027428339,23.2434316632762,12.8798593324157
"8334",23.7687176339483,24.1282349704024,24.2127739862482,23.7687176339483,22.4324855385052,26.1331192645314,24.1282610235529
"8335",6.46157143358261,21.1073239304909,35.8728861779095,5.44678552792839,2.6621840916319,17.8818458743676,15.8543335451312
"8336",13.9990220701959,17.6861147488439,16.4734987973604,13.9990220701959,13.9990220701959,17.4623294246786,17.4623294246786
"8337",30.2803937249368,33.2503962588683,40.7996354550499,30.0212620726381,30.2190248985995,41.9821474869133,34.2308278837442
"8338",13.8367450866764,31.2827586079395,33.2871858357859,22.294834574585,10.6447203206529,25.3078989795068,24.3226710947153
"8339",25.0256027670638,20.9616688636638,26.1803704005424,26.3685695650854,25.0256027670638,26.1760890084245,19.871551283415
"8340",6.15856127200855,5.19124799425718,6.08589564677074,6.31414006648991,6.15856127200855,6.15856127200855,5.13395762239744
"8341",7.33440815797977,5.79961377777976,7.87412654587616,8.10401973435972,8.13061911120616,8.28461122719876,5.98100384398503
"8342",29.8353356440754,39.0473544688566,33.3192893398612,33.1296291803267,26.5600277207924,40.1502969126383,30.3182011362369
"8343",40.4851613580656,27.7986794730444,34.9655614432537,33.5255896477995,33.9760837199604,37.3597500022447,29.5732248029618
"8344",6.16078374807427,6.16078374807427,6.16078374807427,6.16078374807427,6.16078374807427,6.16078374807427,6.16078374807427
"8345",15.2501248291811,31.643426342151,38.793623345649,20.235630840459,15.2359908015641,35.8781924008946,28.8761110936521
"8346",31.9853351100334,59.1980632378437,66.2441710104329,35.188824148269,26.4158321388805,54.0743635195291,49.217412750258
"8347",14.0347253634973,50.101716053257,45.2787237647536,25.2283410547101,16.8068012178176,40.8759589915487,40.2470168136372
"8348",45.5309376678289,45.5309376678289,45.5309376678289,45.5309376678289,45.5309376678289,45.5309376678289,45.5309376678289
"8349",48.0515634261156,69.9202863094472,65.6474458870851,42.1267991919167,32.7119371759712,70.9193961303805,53.5593940137647
"8350",47.1705116998557,47.1705116998557,47.1705116998557,47.1705116998557,47.1705116998557,47.1705116998557,47.1705116998557
"8351",46.8882103626323,38.7647838306638,50.0156164310547,42.1353305087495,44.67033787808,52.9217887949366,33.8975341797083
"8352",71.7806680317472,51.057017285685,69.4241297551191,59.3263324404793,59.5704872446694,66.575915565678,46.8270461483164
"8353",81.0932784359376,56.0324771300703,48.7222887260757,38.6518769960038,48.9023841427345,60.6419924598099,49.6485807118134
"8354",26.3298605747726,65.2404857761295,87.3869152312923,39.4623009142373,35.0554385712768,68.0487600703656,51.9416440801353
"8355",23.3203777127698,37.5464849772131,55.0257533486116,28.8708583335411,18.7171302844474,36.9011628416447,29.0649050118835
"8356",19.59557963581,37.9601672817232,43.8066783610034,27.0767283153017,21.1152169192866,39.9096828069482,34.551768572005
"8357",38.184070710413,36.8386060884712,43.8274584917992,36.4470446852667,39.3947885013252,48.7084048011572,33.9181014898578
"8358",55.5092571895107,60.4728468978703,59.116681654315,55.5092571895107,55.5092571895107,60.4728468978703,60.4728468978703
"8359",6.33750877323422,6.33750877323422,6.3302868780645,6.24376866628027,6.33750877323422,6.33750877323422,6.33750877323422
"8360",8.28679397085855,6.3544412019034,8.18820419488851,8.30305340407514,8.99496698384462,8.8685099955391,6.36731744810235
"8361",6.91647393784949,6.73509415088366,7.60296426821495,7.90320362848894,8.10610354919102,8.38040217564328,6.49189590231941
"8362",6.96503448182692,4.79962586708335,4.82328012615311,5.66738148679054,5.3207450346524,5.62466748959048,7.35171925218789
"8363",19.3079214806937,19.3079214806937,19.3079214806937,19.3079214806937,19.3079214806937,19.3079214806937,19.3079214806937
"8364",5.72209955431488,7.28836839993657,7.28836839993657,5.90615211133535,6.21391204282536,4.98733241247398,7.28836839993657
"8365",5.59507099046291,5.7741123479366,5.35979885165516,5.7741123479366,5.7741123479366,5.7741123479366,5.7741123479366
"8366",5.64140837486855,5.65811241115201,5.77364401833402,5.80205263517947,5.80205263517947,5.80205263517947,5.7913045322188
"8367",4.43708508342859,4.41682959826906,4.43708508342859,4.43708508342859,4.43708508342859,4.43708508342859,4.43708508342859
"8368",25.900816210704,24.3920711661406,25.900816210704,25.900816210704,25.900816210704,25.900816210704,24.3920711661406
"8369",21.3060862098754,21.3060862098754,21.3060862098754,19.220270766356,18.5302551764181,21.3060862098754,21.3060862098754
"8370",26.0227529106985,21.0003825776877,28.216545827382,30.475443581523,30.7298778099956,30.2955142349934,23.2205132637264
"8371",31.1661634575092,29.6444727326799,31.1661634575092,31.1661634575092,31.1661634575092,31.1661634575092,31.1661634575092
"8372",26.8523820617679,21.3563783527939,29.6271556504129,27.2094473046642,31.1330002835506,32.8152356503587,24.3507637011111
"8373",30.0362597527905,27.4022177918876,30.5491600154931,35.4689367685162,34.3087394393013,36.5179607760352,31.8251244223902
"8374",37.7447628500259,37.7447628500259,37.7447628500259,37.7447628500259,37.7447628500259,37.7447628500259,37.7447628500259
"8375",28.7517449909891,23.793622881879,31.6984029795652,30.1090676821349,32.1619740946856,35.1980886118447,26.0954242679932
"8376",18.2305523797776,19.3711213348924,20.7266772242914,20.8318151272463,20.8318151272463,20.8318151272463,19.3711213348924
"8377",22.1708647509939,22.1708647509939,22.1708647509939,22.1708647509939,22.1708647509939,22.1708647509939,22.1708647509939
"8378",24.9804337236446,25.2210131638905,25.2210131638905,25.2210131638905,25.2210131638905,25.2210131638905,25.2210131638905
"8379",8.63215194423986,8.96842077255458,8.69421573996652,8.69007144974311,8.4062453037232,9.21701430002514,8.16898806935991
"8380",25.0453655973664,25.0453655973664,25.0453655973664,25.0453655973664,25.0453655973664,25.0453655973664,25.0453655973664
"8381",10.6561754046188,10.6561621511107,9.57659999818651,9.20853768775482,10.240114599134,10.9680906706423,11.1522611318512
"8382",31.0358386832854,33.356965616999,23.0468180118071,23.2728879518005,23.4901076919847,21.4831410237339,18.8468219441266
"8383",20.7600429894146,20.7600429894146,20.7600429894146,20.7600429894146,23.7704029258107,20.7600429894146,20.7600429894146
"8384",8.37034720980615,5.66196816352373,4.62464928853641,4.74251271100899,5.14044327036454,5.62069048802711,6.56003147801062
"8385",10.5404184154628,12.5251389117874,9.06550749686056,9.11563441257603,9.37018188313508,9.7142219242356,11.5603570249292
"8386",32.475698491127,33.1079159772809,33.9605829678289,33.2435104396734,33.3252915811315,33.3252915811315,33.3252915811315
"8387",4.19034691925852,4.19034691925852,4.19034691925852,4.19034691925852,4.19034691925852,4.19034691925852,4.19034691925852
"8388",9.42859949152621,9.34465242608491,9.37965245066263,9.39607993679073,9.4189411440772,9.37939473015432,9.39875886869581
"8389",9.03942794976949,9.11419407814725,9.03942794976949,9.03942794976949,9.05255149391648,9.03942794976949,9.04538546347771
"8390",31.7396418625018,31.7319877552055,31.9662218999088,32.0209949524618,31.8662634280811,31.8588043911459,32.2967708702835
"8391",29.7268991965674,32.3093831452984,29.3088270109909,29.3054464930789,29.3974743026136,28.6337159550026,30.0634698933808
"8392",7.15888756932484,7.15888756932484,7.15888756932484,7.15888756932484,7.42284310265599,7.15888756932484,6.78088347358404
"8393",9.49531393965622,11.8522316311906,8.99600961609652,8.80042257007949,8.38885828665546,8.53959397564681,10.4753017342667
"8394",18.0381108617167,18.2798306864255,18.0381108617167,18.0381108617167,18.0381108617167,18.0381108617167,18.0381108617167
"8395",52.3480808980723,54.351395655542,53.5497039937529,55.9860928990781,54.4933235572416,53.5497039937529,47.4223588342785
"8396",65.3858652833017,59.2192876864876,58.6206974076419,59.4064841571023,59.266798069083,60.0895991098494,61.1930452467839
"8397",52.028472642281,50.3411443685594,49.8079672123664,49.8079672123664,49.8079672123664,49.8079672123664,49.1181769585547
"8398",36.5109547911395,41.7348657281682,36.55048286111,36.5470148211372,36.5471166249744,36.4218494277139,41.4313497276775
"8399",17.3381550041445,17.3381550041445,17.3381550041445,15.9111884516049,15.646567559362,17.0376225759518,17.3381550041445
"8400",193.689272618096,213.22832153656,223.019968411147,217.032545701552,216.950213424494,217.324722523557,210.755479142288
"8401",101.523571217238,101.523571217238,101.523571217238,101.523571217238,101.523571217238,101.523571217238,101.523571217238
"8402",48.6838653202349,48.5114758397487,48.6838653202349,48.6838653202349,48.8300124776579,48.8621733504763,48.6838653202349
"8403",31.5640832827485,26.6295726578134,29.339977174314,26.2149963667067,28.2229416134673,33.1918706419481,27.7615346452058
"8404",49.1849971528152,48.4816791837752,49.1849971528152,49.1849971528152,49.1849971528152,49.1849971528152,47.7960881525382
"8405",79.0177770045704,73.9103814858968,77.7061994207378,77.8628333460897,77.8234590223223,80.9959708595802,78.695385146028
"8406",12.0020605656051,12.0698573659863,12.2603996389381,12.3742437381544,12.3627100455457,12.4486009619686,12.306284664639
"8407",52.9033173345994,52.1427860820746,50.9517243504768,50.7241146903908,50.7241146903908,50.7241146903908,50.7241146903908
"8408",28.8837827417644,29.441779992165,29.5932865189409,28.8837827417644,29.4885757557485,29.3072780677026,28.9260173001261
"8409",12.9390596890112,12.9390596890112,12.9390596890112,12.9390596890112,12.9390596890112,12.9390596890112,12.9390596890112
"8410",19.9388307223907,20.1934572090108,18.7041000877035,18.6790030897545,18.793573268966,18.6807683660652,19.652103308313
"8411",32.6275000386163,32.6275000386163,32.6275000386163,32.6275000386163,32.3306770600454,32.6275000386163,32.6275000386163
"8412",10.9536900786872,9.8216115306523,8.93332157223265,8.13922508089767,9.11005636126752,7.50215075776676,10.6176580511877
"8413",70.0857678082899,79.3599599555495,45.2771499866302,38.7921072280993,68.3495670876788,78.3628094653392,49.5623438939698
"8414",43.8754374244443,42.1048117483974,55.0044097926878,56.3547337050853,44.3766666038924,42.1812173809264,46.5193516724483
"8415",33.8686594138995,31.5158728869557,33.6275555902457,33.8686594138995,33.8678758122431,33.7252274875623,31.7367113181242
"8416",38.9511574709654,38.7494391327822,39.40612789831,37.5002991189954,37.1612190286881,38.9511574709654,38.7494391327822
"8417",22.197817822283,21.4046280638676,17.8943409336911,19.6307835502336,17.7279269727751,17.4510875656966,16.5438469898443
"8418",68.2348294489564,139.828414597878,64.5570963493336,49.2325718932219,61.983295715004,140.351531251646,117.099513933745
"8419",39.7509268206116,107.234011339372,38.7412684320951,30.7168662521811,39.7509268206116,107.234011339372,63.3003960409707
"8420",60.9773939819435,155.423947054769,73.1449096139159,49.2805195789814,59.1080280711536,154.909699973595,98.8973201667148
"8421",30.5113767162845,77.58123549134,36.3635920057232,29.4742603857591,31.5856788186524,78.691512042258,40.7360103947042
"8422",27.1267951677642,72.7080133614617,32.4197319006977,23.8599981267849,25.7947169289777,69.5190714421418,35.9807804536573
"8423",20.3935263640311,43.9168301364991,22.2749651132878,12.7110008207909,21.5761135730648,43.9168301364991,29.880922633163
"8424",45.983287841515,87.5120853891197,48.8601587287597,28.7719094310171,43.351031475204,101.566813291501,61.360496013276
"8425",54.6777667148061,113.951820661047,53.3071610888448,48.7667926925185,53.0708967147643,117.685443779121,62.4883539133403
"8426",44.4192453267682,106.23336441487,41.3430991637884,36.9182869925753,43.3543607157537,109.473196465417,59.5220711859912
"8427",28.4414373586795,80.2919293471273,34.618906579011,28.084567724408,36.9619300202727,106.477522633525,46.5631573038363
"8428",37.3416758890812,67.4777449144181,35.66460528483,32.350018708948,35.4322972245194,71.8379613987527,37.1354373248019
"8429",22.4030629011153,37.8712817100083,34.9222892228152,22.8558119094769,24.5457406122138,46.5038604114183,29.4257245072752
"8430",56.5091803909038,86.0427540970596,56.5612070603905,54.6132149941215,56.4055600700158,85.644093191831,57.2876569675987
"8431",29.6507255492097,72.7475771441307,32.5716881644379,23.3374401488441,28.9890549984057,75.9546487605113,47.9753909686904
"8432",22.2776334948022,96.3727828141165,31.0632493885455,18.8128077465902,21.1769030680165,80.2893705729274,35.6933600639554
"8433",5.37609406866128,6.7916998240677,5.11615743505223,4.871486737109,5.53536673589229,5.15993868153579,6.84187100000427
"8434",5.08785348109854,5.08785459933877,5.08785318180001,5.52740039833382,5.62116203377832,5.43778429364,5.0878535586199
"8435",11.9000177082789,18.9393665149447,11.5087331605474,11.5087331605474,12.0385785293798,12.3035419924671,13.6188737929812
"8436",16.0809858892168,17.5560917204043,18.5805901250299,16.9108700617173,16.291547325511,16.8463981863861,17.5560917204043
"8437",16.9425941379812,23.3377986389314,17.0844284823364,13.6320667407707,17.1466657163595,17.3208464588289,23.3377986389314
"8438",6.42811080104397,7.73838254964742,6.42811080104397,6.42811080104397,6.42811080104397,6.42811080104397,7.73838254964742
"8439",3.68088453552247,4.98923108781466,3.59056503549575,3.68088453552247,4.47183111595322,3.70612988722141,4.90646105534809
"8440",9.72794374394262,12.4447047980277,9.85732731052952,10.1405805989944,9.48058871958297,9.84886769016369,8.97709641869734
"8441",10.6639726035372,9.98461742158533,9.89259897435476,9.63039514471971,9.61032975731053,9.63039514471971,9.72314621672366
"8442",8.63624590319376,6.43249427958659,6.52663949731329,6.52048537869893,6.52663949731329,6.52663949731329,6.52663949731329
"8443",20.3671596519189,20.3671596519189,20.3671596519189,20.3671596519189,20.3671596519189,20.3671596519189,20.3671596519189
"8444",7.41342420825314,7.41342420825314,7.41342420825314,7.41342420825314,7.41342420825314,7.41342420825314,7.41342420825314
"8445",4.35140937965362,4.57403691658802,4.35377234944788,4.4523727158003,8.5083135219876,7.53212476925028,4.66473661798925
"8446",10.5705821597323,10.5705821597323,10.5705821597323,10.5705821597323,10.5705821597323,10.5705821597323,10.5705821597323
"8447",15.8232165250715,16.2818426220179,18.8440965724804,19.3503094127942,19.4361824978235,21.5713475679735,21.0782252386934
"8448",4.2257189176591,9.08833687990298,10.2120768942305,10.8526138719192,6.19636556973749,4.24862908118719,10.4596235014469
"8449",2.82857295560831,2.85618320854331,5.32662479000874,7.45667013171037,4.24538613081739,2.87369286570943,2.85618320854331
"8450",13.1460411170066,13.0966962129141,13.1145262148859,13.4090467379023,13.034113604678,13.2965653855916,13.4020928528899
"8451",36.7606029718084,40.720175045592,37.0950436431938,37.0950436431938,37.0950436431938,37.0950436431938,26.9167255587066
"8452",6.56301782308565,6.56301782308565,6.56301782308565,6.56301782308565,6.56301782308565,6.56301782308565,6.56301782308565
"8453",8.22361802327347,8.22361802327347,8.20287106549639,8.22361802327347,8.22361802327347,8.22361802327347,8.18845658740516
"8454",7.9918136208821,11.6896401383583,8.23831547054104,8.20923307174143,8.01593026471143,8.26063188057379,6.80114456264587
"8455",8.36376414299151,7.3825292233976,8.30782713810318,8.29862681766565,8.31949994852248,8.34254862376982,7.74519783512591
"8456",6.47048068101988,5.73074711501843,5.73074711501843,5.73074711501843,5.73074711501843,5.73074711501843,5.73074711501843
"8457",5.53288571079283,5.53288571079283,5.57908869796136,5.61868375114869,5.53288571079283,5.53288571079283,5.51970956372087
"8458",4.26073448353996,5.21191316097131,5.26223494593197,5.08531365807593,4.96066860940487,5.04051163025674,4.69632794468781
"8459",13.366665898496,13.366665898496,13.366665898496,13.2553366345701,13.2890640200894,13.3236547007519,13.366665898496
"8460",18,18,18,5.62932286736708,6.32692931548015,5.96846584706702,5.08281848966673
"8461",7.05831241169301,11.4138953504421,7.8214706479222,7.64789576604224,8.45175096015347,7.14902573180222,13.5326233627222
"8462",7.88649317597286,7.88649317597286,7.88649317597286,7.88649317597286,7.88649317597286,7.88649317597286,7.88649317597286
"8463",9.43488152518897,9.43488152518897,9.43488152518897,9.43488152518897,9.43488152518897,9.43488152518897,9.43488152518897
"8464",4.83951929673043,5.6688188227085,4.83951929673043,4.83951929673043,4.83951929673043,4.83951929673043,5.60381636538257
"8465",16.2324465111994,24.1059026538405,21.9196318656875,16.2324465111994,16.6790043095362,24.4014342648321,24.4014342648321
"8466",33.9325151321158,34.9058734530063,35.0137977513071,34.6792558668452,33.3030446106736,33.5258374172542,33.1048544568738
"8467",54.5505247283486,119.978218310736,64.4080830685173,49.1678952582579,52.2626525981432,117.472150840674,55.0426089584442
"8468",51.9105158135268,121.843611341777,50.4588296199459,45.3599467614439,51.1078822059928,121.620396948277,62.8281466444823
"8469",53.2968668094223,93.3847350788928,52.2568675139065,36.3834814169214,54.8375191282868,115.134807723412,57.71701092821
"8470",53.2484057254784,79.2367225824777,51.3369595310672,43.8437582594515,49.8235444784157,94.6480404357054,68.927060351673
"8471",40.0146583357109,83.2184918258332,41.2250923168061,38.300249291371,39.9698208467344,95.3289336728186,42.0079539187794
"8472",38.5586342803084,81.8415739215862,41.8801501433635,29.9365132159735,36.5933138199713,99.4559288056124,39.9779402665623
"8473",55.6146872449493,113.520321435914,66.5457969335038,46.6553377107048,49.2475541698875,135.18728141492,54.6983245388398
"8474",7.09622618996435,10.7040134260124,6.87479045216327,6.73122575498171,6.42212115343865,6.7147037428261,9.07255217900357
"8475",8.62005871752168,8.62005871752168,7.90072739728671,8.62005871752168,8.62005871752168,8.39549307183384,8.62005871752168
"8476",10.1790074166982,10.3185825770458,11.0366751954826,11.8010597560599,12.0149370121951,10.9337175264088,10.468440959315
"8477",5.56872054872174,4.59387646248476,5.4828868570318,5.51527806006206,5.5232395658808,5.42629404987485,5.25852126981439
"8478",8.52118649163999,8.4692626105187,8.59826309405734,8.4692626105187,8.4692626105187,11.0794655245724,10.4150788208654
"8479",6.89721703970437,26.2836533602927,20.8095745132536,24.8766712915421,32.4572709796566,45.6239527409316,15.6984509168503
"8480",22.8040787460721,22.8040787460721,22.8040787460721,22.8040787460721,22.8040787460721,22.8040787460721,22.8040787460721
"8481",7.35132755414601,7.43204126360544,7.43204126360544,7.43204126360544,7.43204126360544,7.43204126360544,7.43204126360544
"8482",7.68748823188714,7.97892663342386,8.18492452598285,9.75763283685386,10.0277818353856,10.4712770820021,8.78013666044231
"8483",10.2056155935216,21.2171979370574,17.5321463384702,10.2967161502355,10.2056155935216,23.6476950940701,21.2171979370574
"8484",11.5803228777969,8.8529250980575,9.18483812516248,9.18483812516248,9.52880128607966,9.18483812516248,9.18483812516248
"8485",5.48757784295602,6.70538595817056,7.38108388202042,5.37412346911867,6.0801470720859,5.84946582698969,8.03525961128968
"8486",5.19907121748996,8.78358523606096,5.38328961752821,5.5077284398805,5.31931978316146,7.28239314407907,11.6419562863758
"8487",5.53835250964111,3.86519028679837,2.17642047639837,2.30040042277074,2.7620246489068,2.80807306983246,5.80608542797027
"8488",3.68300216209542,3.68300216209542,3.68300216209542,3.68300216209542,3.68300216209542,3.68300216209542,3.68300216209542
"8489",51.7746395460272,51.7746395460272,51.7746395460272,51.7746395460272,51.7746395460272,51.7746395460272,51.7746395460272
"8490",5.0018514391877,5.25636515822794,5.0018514391877,5.06012441901811,5.0018514391877,5.06240194601095,5.00315752329901
"8491",7.83572405200626,6.85598824045183,5.38964416056566,4.95454592029019,6.45499890921074,7.10549887458065,5.72727981853678
"8492",9.21766202361851,9.26933884532381,7.99978900185189,7.53155240741138,7.53155240741138,7.55138884251329,7.53155240741138
"8493",15.2881486063291,12.1689902743565,9.45651334329535,10.0851811953618,9.89741666276366,9.81004073027209,8.3573584899522
"8494",11.9060238116336,12.5892014840728,10.8184342071803,8.83126057734769,9.53706237179571,10.0135661380817,9.74848725623287
"8495",7.23718358502517,6.55197210931037,5.15697615219681,4.97755679735229,5.04634154430229,5.33837445026874,4.93187681992583
"8496",14.0408122527223,12.0498875473228,9.8647824716093,9.57486097946989,8.91170977373486,9.57970928643485,9.79101313269416
"8497",9.15984851000012,10.2997527934691,10.6923173352819,16.0236750175661,14.5481195570636,15.8818776360948,11.406657949581
"8498",5.92063510258623,5.92063510258623,5.92063510258623,5.92063510258623,5.92063510258623,5.92063510258623,5.92063510258623
"8499",9.39090714669316,9.92541717984552,9.05731097461988,9.35451099372586,9.45277089121488,9.16083082287573,9.92256840330205
"8500",14.1083904461998,14.1083904461998,14.1083904461998,14.1083904461998,14.1083904461998,14.1083904461998,14.1083904461998
"8501",20.6875035431167,20.4440406693088,20.3622598356843,31.3518309789028,24.7000226129122,21.0536127538071,20.6549257371208
"8502",21.6234172948208,15.1886081123444,21.6234172948208,41.5433704441902,25.9117001040209,22.0298217110859,16.0938421514843
"8503",28.0220102508801,25.5195490145048,31.1938462131231,55.3622980345836,29.9104055989346,28.1271868797281,25.3694391384858
"8504",45.4111494350139,43.9348495052584,48.0615624011745,122.531415137165,54.0621985588622,47.0520806053613,47.3070600022931
"8505",18.2884341132401,18.0320170641514,18.2884341132401,18.2884341132401,18.2884341132401,18.2884341132401,18.2884341132401
"8506",28.2456837286172,25.2973777250362,30.3258571933237,39.3152180010164,28.2456837286172,28.2456837286172,25.2973777250362
"8507",36.9664997332862,35.0690389664338,43.5175949311889,140.412355709528,40.1005243188874,39.5025877426623,35.1701171234099
"8508",27.7792882324042,26.2618121454537,27.7792882324042,35.4835075502546,28.6359888099203,27.7792882324042,26.2618121454537
"8509",35.1163923925942,35.1163923925942,36.6428766358495,39.8784428244766,35.1163923925942,35.1163923925942,37.0964055750595
"8510",64.5334615513097,64.5334615513097,64.7020001762717,95.4521460338076,64.5334615513097,64.5334615513097,64.5334615513097
"8511",23.99478037525,25.1993651179264,25.1344822715984,25.2949658958425,24.5340944504324,24.3209918454259,24.408225688401
"8512",21.5240276935076,15.3591302050779,17.8718676428581,39.122553706571,39.5381907186459,39.9837038708696,30.8761762759507
"8513",10.6649760619377,8.53835242367396,5.91861916652835,5.26545910131841,4.21368332728949,4.24604044465229,3.67586064532084
"8514",11.1167704323629,12.7362835089301,11.218358275663,10.7564317067748,11.1119028194475,11.1071490781737,13.2777445578454
"8515",8.23049041200142,6.62547449396254,9.85835537182058,9.84118385847477,9.98443692437934,9.97813153270158,7.65695639697199
"8516",31.9869064566697,38.8377816158856,27.1202922578508,25.7614937309894,24.7610041155107,25.0381925890225,31.5068207629125
"8517",10.7999096102156,14.067674585375,10.2368481557417,10.2117697362366,12.1825256442589,12.3494856180448,14.067674585375
"8518",133.039871182642,131.797464787649,132.513344617816,133.332164550569,133.332164550569,133.332164550569,133.332164550569
"8519",762.854976556041,742.779609512386,905.775867416843,656.899518025997,724.846064041406,781.326437480241,763.168174286008
"8520",151.013505954566,151.013505954566,151.013505954566,151.013505954566,151.013505954566,152.300012898439,151.013505954566
"8521",29.736874480309,28.6914402697254,26.1514383696216,24.846436695426,24.846436695426,24.846436695426,24.3949088782559
"8522",1682.50994013591,1682.50994013591,1656.69811105277,1682.40443439096,1682.50994013591,1682.50994013591,1682.50994013591
"8523",254.796776693359,254.796776693359,254.796776693359,254.796776693359,254.796776693359,254.796513116118,254.796776693359
"8524",114.701173402438,115.949340847488,109.553736683033,114.141146967348,114.386654013365,112.068983186484,112.911298213146
"8525",560.388644758313,551.021367258491,556.130407743128,566.346511603352,587.673681892073,587.673681892073,583.929659369208
