unique_id,stability,lumpiness,hurst,flat_spots,entropy,crossing_points
0.0,0.024839743589743585,0.01789529914529914,,8,0.8530587733854432,16
1.0,0.024839743589743585,0.01789529914529914,,8,0.8530587733854432,16
2.0,0.024839743589743585,0.01789529914529914,,8,0.8530587733854432,16
3.0,0.024839743589743585,0.01789529914529914,,8,0.8530587733854432,16
4.0,0.024839743589743585,0.01789529914529914,,8,0.8530587733854432,16
5.0,0.024839743589743585,0.01789529914529914,,8,0.8530587733854432,16
6.0,0.024839743589743585,0.01789529914529914,,8,0.8530587733854432,16
7.0,0.024839743589743585,0.01789529914529914,,8,0.8530587733854432,16
8.0,0.024839743589743585,0.01789529914529914,,8,0.8530587733854432,16
9.0,0.024839743589743585,0.01789529914529914,,8,0.8530587733854432,16
10.0,0.024839743589743585,0.01789529914529914,,8,0.8530587733854432,16
11.0,0.024839743589743585,0.01789529914529914,,8,0.8530587733854432,16
12.0,0.024839743589743585,0.01789529914529914,,8,0.8530587733854432,16
13.0,0.024839743589743585,0.01789529914529914,,8,0.8530587733854432,16
14.0,0.024839743589743585,0.01789529914529914,,8,0.8530587733854432,16
15.0,0.024839743589743585,0.01789529914529914,,8,0.8530587733854432,16
16.0,0.024839743589743585,0.01789529914529914,,8,0.8530587733854432,16
17.0,0.024839743589743585,0.01789529914529914,,8,0.8530587733854432,16
18.0,0.024839743589743585,0.01789529914529914,,8,0.8530587733854432,16
19.0,0.024839743589743585,0.01789529914529914,,8,0.8530587733854432,16
20.0,0.024839743589743585,0.01789529914529914,,8,0.8530587733854432,16
21.0,0.024839743589743585,0.01789529914529914,,8,0.8530587733854432,16
22.0,0.024839743589743585,0.01789529914529914,,8,0.8530587733854432,16
23.0,0.024839743589743585,0.01789529914529914,,8,0.8530587733854432,16
24.0,0.024839743589743585,0.01789529914529914,,8,0.8530587733854432,16
25.0,0.024839743589743585,0.01789529914529914,,8,0.8530587733854432,16
26.0,0.024839743589743585,0.01789529914529914,,8,0.8530587733854432,16
27.0,0.024839743589743585,0.01789529914529914,,8,0.8530587733854432,16
28.0,0.024839743589743585,0.01789529914529914,,8,0.8530587733854432,16
29.0,0.024839743589743585,0.01789529914529914,,8,0.8530587733854432,16
30.0,0.024839743589743585,0.01789529914529914,,8,0.8530587733854432,16
31.0,0.024839743589743585,0.01789529914529914,,8,0.8530587733854432,16
32.0,0.024839743589743585,0.01789529914529914,,8,0.8530587733854432,16
33.0,0.024839743589743585,0.01789529914529914,,8,0.8530587733854432,16
34.0,0.024839743589743585,0.01789529914529914,,8,0.8530587733854432,16
35.0,0.024839743589743585,0.01789529914529914,,8,0.8530587733854432,16
36.0,0.024839743589743585,0.01789529914529914,,8,0.8530587733854432,16
37.0,0.024839743589743585,0.01789529914529914,,8,0.8530587733854432,16
38.0,0.024839743589743585,0.01789529914529914,,8,0.8530587733854432,16
39.0,0.024839743589743585,0.01789529914529914,,8,0.8530587733854432,16
40.0,0.024839743589743585,0.01789529914529914,,8,0.8530587733854432,16
41.0,0.024839743589743585,0.01789529914529914,,8,0.8530587733854432,16
42.0,0.024839743589743585,0.01789529914529914,,8,0.8530587733854432,16
43.0,0.024839743589743585,0.01789529914529914,,8,0.8530587733854432,16
44.0,0.024839743589743585,0.01789529914529914,,8,0.8530587733854432,16
45.0,0.024839743589743585,0.01789529914529914,,8,0.8530587733854432,16
46.0,0.024839743589743585,0.01789529914529914,,8,0.8530587733854432,16
47.0,0.024839743589743585,0.01789529914529914,,8,0.8530587733854432,16
48.0,0.024839743589743585,0.01789529914529914,,8,0.8530587733854432,16
49.0,0.024839743589743585,0.01789529914529914,,8,0.8530587733854432,16
50.0,0.024839743589743585,0.01789529914529914,,8,0.8530587733854432,16
51.0,0.024839743589743585,0.01789529914529914,,8,0.8530587733854432,16
52.0,0.024839743589743585,0.01789529914529914,,8,0.8530587733854432,16
53.0,0.024839743589743585,0.01789529914529914,,8,0.8530587733854432,16
54.0,0.024839743589743585,0.01789529914529914,,8,0.8530587733854432,16
55.0,0.024839743589743585,0.01789529914529914,,8,0.8530587733854432,16
56.0,0.024839743589743585,0.01789529914529914,,8,0.8530587733854432,16
57.0,0.024839743589743585,0.01789529914529914,,8,0.8530587733854432,16
58.0,0.024839743589743585,0.01789529914529914,,8,0.8530587733854432,16
59.0,0.024839743589743585,0.01789529914529914,,8,0.8530587733854432,16
60.0,0.024839743589743585,0.01789529914529914,,8,0.8530587733854432,16
61.0,0.024839743589743585,0.01789529914529914,,8,0.8530587733854432,16
62.0,0.024839743589743585,0.01789529914529914,,8,0.8530587733854432,16
63.0,0.024839743589743585,0.01789529914529914,,8,0.8530587733854432,16
64.0,0.024839743589743585,0.01789529914529914,,8,0.8530587733854432,16
65.0,0.024839743589743585,0.01789529914529914,,8,0.8530587733854432,16
66.0,0.024839743589743585,0.01789529914529914,,8,0.8530587733854432,16
67.0,0.024839743589743585,0.01789529914529914,,8,0.8530587733854432,16
68.0,0.024839743589743585,0.01789529914529914,,8,0.8530587733854432,16
69.0,0.024839743589743585,0.01789529914529914,,8,0.8530587733854432,16
70.0,0.024839743589743585,0.01789529914529914,,8,0.8530587733854432,16
71.0,0.024839743589743585,0.01789529914529914,,8,0.8530587733854432,16
72.0,0.024839743589743585,0.01789529914529914,,8,0.8530587733854432,16
73.0,0.024839743589743585,0.01789529914529914,,8,0.8530587733854432,16
74.0,0.024839743589743585,0.01789529914529914,,8,0.8530587733854432,16
75.0,0.024839743589743585,0.01789529914529914,,8,0.8530587733854432,16
76.0,0.024839743589743585,0.01789529914529914,,8,0.8530587733854432,16
77.0,0.024839743589743585,0.01789529914529914,,8,0.8530587733854432,16
78.0,0.024839743589743585,0.01789529914529914,,8,0.8530587733854432,16
79.0,0.024839743589743585,0.01789529914529914,,8,0.8530587733854432,16
80.0,0.024839743589743585,0.01789529914529914,,8,0.8530587733854432,16
81.0,0.024839743589743585,0.01789529914529914,,8,0.8530587733854432,16
82.0,0.024839743589743585,0.01789529914529914,,8,0.8530587733854432,16
83.0,0.024839743589743585,0.01789529914529914,,8,0.8530587733854432,16
84.0,0.024839743589743585,0.01789529914529914,,8,0.8530587733854432,16
85.0,0.024839743589743585,0.01789529914529914,,8,0.8530587733854432,16
86.0,0.024839743589743585,0.01789529914529914,,8,0.8530587733854432,16
87.0,0.024839743589743585,0.01789529914529914,,8,0.8530587733854432,16
88.0,0.024839743589743585,0.01789529914529914,,8,0.8530587733854432,16
89.0,0.024839743589743585,0.01789529914529914,,8,0.8530587733854432,16
90.0,0.024839743589743585,0.01789529914529914,,8,0.8530587733854432,16
91.0,0.024839743589743585,0.01789529914529914,,8,0.8530587733854432,16
92.0,0.024839743589743585,0.01789529914529914,,8,0.8530587733854432,16
93.0,0.024839743589743585,0.01789529914529914,,8,0.8530587733854432,16
94.0,0.024839743589743585,0.01789529914529914,,8,0.8530587733854432,16
95.0,0.024839743589743585,0.01789529914529914,,8,0.8530587733854432,16
96.0,0.024839743589743585,0.01789529914529914,,8,0.8530587733854432,16
97.0,0.024839743589743585,0.01789529914529914,,8,0.8530587733854432,16
98.0,0.024839743589743585,0.01789529914529914,,8,0.8530587733854432,16
99.0,0.024839743589743585,0.01789529914529914,,8,0.8530587733854432,16
100.0,0.024839743589743585,0.01789529914529914,,8,0.8530587733854432,16
101.0,0.024839743589743585,0.01789529914529914,,8,0.8530587733854432,16
102.0,0.024839743589743585,0.01789529914529914,,8,0.8530587733854432,16
103.0,0.024839743589743585,0.01789529914529914,,8,0.8530587733854432,16
104.0,0.024839743589743585,0.01789529914529914,,8,0.8530587733854432,16
105.0,0.024839743589743585,0.01789529914529914,,8,0.8530587733854432,16
106.0,0.024839743589743585,0.01789529914529914,,8,0.8530587733854432,16
107.0,0.024839743589743585,0.01789529914529914,,8,0.8530587733854432,16
108.0,0.024839743589743585,0.01789529914529914,,8,0.8530587733854432,16
109.0,0.024839743589743585,0.01789529914529914,,8,0.8530587733854432,16
110.0,0.024839743589743585,0.01789529914529914,,8,0.8530587733854432,16
111.0,0.024839743589743585,0.01789529914529914,,8,0.8530587733854432,16
112.0,0.024839743589743585,0.01789529914529914,,8,0.8530587733854432,16
113.0,0.024839743589743585,0.01789529914529914,,8,0.8530587733854432,16
114.0,0.024839743589743585,0.01789529914529914,,8,0.8530587733854432,16
115.0,0.024839743589743585,0.01789529914529914,,8,0.8530587733854432,16
116.0,0.024839743589743585,0.01789529914529914,,8,0.8530587733854432,16
117.0,0.024839743589743585,0.01789529914529914,,8,0.8530587733854432,16
118.0,0.024839743589743585,0.01789529914529914,,8,0.8530587733854432,16
119.0,0.024839743589743585,0.01789529914529914,,8,0.8530587733854432,16
120.0,0.024839743589743585,0.01789529914529914,,8,0.8530587733854432,16
121.0,0.024839743589743585,0.01789529914529914,,8,0.8530587733854432,16
122.0,0.024839743589743585,0.01789529914529914,,8,0.8530587733854432,16
123.0,0.024839743589743585,0.01789529914529914,,8,0.8530587733854432,16
124.0,0.024839743589743585,0.01789529914529914,,8,0.8530587733854432,16
125.0,0.024839743589743585,0.01789529914529914,,8,0.8530587733854432,16
126.0,0.024839743589743585,0.01789529914529914,,8,0.8530587733854432,16
127.0,0.024839743589743585,0.01789529914529914,,8,0.8530587733854432,16
128.0,0.024839743589743585,0.01789529914529914,,8,0.8530587733854432,16
129.0,0.024839743589743585,0.01789529914529914,,8,0.8530587733854432,16
130.0,0.024839743589743585,0.01789529914529914,,8,0.8530587733854432,16
131.0,0.024839743589743585,0.01789529914529914,,8,0.8530587733854432,16
132.0,0.024839743589743585,0.01789529914529914,,8,0.8530587733854432,16
133.0,0.024839743589743585,0.01789529914529914,,8,0.8530587733854432,16
134.0,0.024839743589743585,0.01789529914529914,,8,0.8530587733854432,16
135.0,0.024839743589743585,0.01789529914529914,,8,0.8530587733854432,16
136.0,0.024839743589743585,0.01789529914529914,,8,0.8530587733854432,16
137.0,0.024839743589743585,0.01789529914529914,,8,0.8530587733854432,16
138.0,0.024839743589743585,0.01789529914529914,,8,0.8530587733854432,16
139.0,0.024839743589743585,0.01789529914529914,,8,0.8530587733854432,16
140.0,0.024839743589743585,0.01789529914529914,,8,0.8530587733854432,16
141.0,0.024839743589743585,0.01789529914529914,,8,0.8530587733854432,16
142.0,0.024839743589743585,0.01789529914529914,,8,0.8530587733854432,16
143.0,0.024839743589743585,0.01789529914529914,,8,0.8530587733854432,16
144.0,0.024839743589743585,0.01789529914529914,,8,0.8530587733854432,16
145.0,0.024839743589743585,0.01789529914529914,,8,0.8530587733854432,16
146.0,0.024839743589743585,0.01789529914529914,,8,0.8530587733854432,16
147.0,0.024839743589743585,0.01789529914529914,,8,0.8530587733854432,16
148.0,0.024839743589743585,0.01789529914529914,,8,0.8530587733854432,16
149.0,0.024839743589743585,0.01789529914529914,,8,0.8530587733854432,16
150.0,0.024839743589743585,0.01789529914529914,,8,0.8530587733854432,16
151.0,0.024839743589743585,0.01789529914529914,,8,0.8530587733854432,16
152.0,0.024839743589743585,0.01789529914529914,,8,0.8530587733854432,16
153.0,0.024839743589743585,0.01789529914529914,,8,0.8530587733854432,16
154.0,0.024839743589743585,0.01789529914529914,,8,0.8530587733854432,16
155.0,0.024839743589743585,0.01789529914529914,,8,0.8530587733854432,16
156.0,0.024839743589743585,0.01789529914529914,,8,0.8530587733854432,16
157.0,0.024839743589743585,0.01789529914529914,,8,0.8530587733854432,16
158.0,0.024839743589743585,0.01789529914529914,,8,0.8530587733854432,16
159.0,0.024839743589743585,0.01789529914529914,,8,0.8530587733854432,16
160.0,0.024839743589743585,0.01789529914529914,,8,0.8530587733854432,16
161.0,0.024839743589743585,0.01789529914529914,,8,0.8530587733854432,16
162.0,0.024839743589743585,0.01789529914529914,,8,0.8530587733854432,16
163.0,0.024839743589743585,0.01789529914529914,,8,0.8530587733854432,16
164.0,0.024839743589743585,0.01789529914529914,,8,0.8530587733854432,16
165.0,0.024839743589743585,0.01789529914529914,,8,0.8530587733854432,16
166.0,0.024839743589743585,0.01789529914529914,,8,0.8530587733854432,16
167.0,0.024839743589743585,0.01789529914529914,,8,0.8530587733854432,16
168.0,0.024839743589743585,0.01789529914529914,,8,0.8530587733854432,16
169.0,0.024839743589743585,0.01789529914529914,,8,0.8530587733854432,16
170.0,0.024839743589743585,0.01789529914529914,,8,0.8530587733854432,16
171.0,0.024839743589743585,0.01789529914529914,,8,0.8530587733854432,16
172.0,0.024839743589743585,0.01789529914529914,,8,0.8530587733854432,16
173.0,0.024839743589743585,0.01789529914529914,,8,0.8530587733854432,16
174.0,0.024839743589743585,0.01789529914529914,,8,0.8530587733854432,16
175.0,0.024839743589743585,0.01789529914529914,,8,0.8530587733854432,16
176.0,0.024839743589743585,0.01789529914529914,,8,0.8530587733854432,16
177.0,0.024839743589743585,0.01789529914529914,,8,0.8530587733854432,16
178.0,0.024839743589743585,0.01789529914529914,,8,0.8530587733854432,16
179.0,0.024839743589743585,0.01789529914529914,,8,0.8530587733854432,16
180.0,0.024839743589743585,0.01789529914529914,,8,0.8530587733854432,16
181.0,0.024839743589743585,0.01789529914529914,,8,0.8530587733854432,16
182.0,0.024839743589743585,0.01789529914529914,,8,0.8530587733854432,16
183.0,0.024839743589743585,0.01789529914529914,,8,0.8530587733854432,16
184.0,0.024839743589743585,0.01789529914529914,,8,0.8530587733854432,16
185.0,0.024839743589743585,0.01789529914529914,,8,0.8530587733854432,16
186.0,0.024839743589743585,0.01789529914529914,,8,0.8530587733854432,16
187.0,0.024839743589743585,0.01789529914529914,,8,0.8530587733854432,16
188.0,0.024839743589743585,0.01789529914529914,,8,0.8530587733854432,16
189.0,0.024839743589743585,0.01789529914529914,,8,0.8530587733854432,16
190.0,0.024839743589743585,0.01789529914529914,,8,0.8530587733854432,16
191.0,0.024839743589743585,0.01789529914529914,,8,0.8530587733854432,16
192.0,0.024839743589743585,0.01789529914529914,,8,0.8530587733854432,16
193.0,0.024839743589743585,0.01789529914529914,,8,0.8530587733854432,16
194.0,0.024839743589743585,0.01789529914529914,,8,0.8530587733854432,16
195.0,0.024839743589743585,0.01789529914529914,,8,0.8530587733854432,16
196.0,0.024839743589743585,0.01789529914529914,,8,0.8530587733854432,16
197.0,0.024839743589743585,0.01789529914529914,,8,0.8530587733854432,16
198.0,0.024839743589743585,0.01789529914529914,,8,0.8530587733854432,16
199.0,0.024839743589743585,0.01789529914529914,,8,0.8530587733854432,16
200.0,0.024839743589743585,0.01789529914529914,,8,0.8530587733854432,16
201.0,0.024839743589743585,0.01789529914529914,,8,0.8530587733854432,16
202.0,0.024839743589743585,0.01789529914529914,,8,0.8530587733854432,16
203.0,0.024839743589743585,0.01789529914529914,,8,0.8530587733854432,16
204.0,0.024839743589743585,0.01789529914529914,,8,0.8530587733854432,16
205.0,0.024839743589743585,0.01789529914529914,,8,0.8530587733854432,16
206.0,0.024839743589743585,0.01789529914529914,,8,0.8530587733854432,16
207.0,0.024839743589743585,0.01789529914529914,,8,0.8530587733854432,16
208.0,0.024839743589743585,0.01789529914529914,,8,0.8530587733854432,16
209.0,0.024839743589743585,0.01789529914529914,,8,0.8530587733854432,16
210.0,0.024839743589743585,0.01789529914529914,,8,0.8530587733854432,16
211.0,0.024839743589743585,0.01789529914529914,,8,0.8530587733854432,16
212.0,0.024839743589743585,0.01789529914529914,,8,0.8530587733854432,16
213.0,0.024839743589743585,0.01789529914529914,,8,0.8530587733854432,16
214.0,0.024839743589743585,0.01789529914529914,,8,0.8530587733854432,16
215.0,0.024839743589743585,0.01789529914529914,,8,0.8530587733854432,16
216.0,0.024839743589743585,0.01789529914529914,,8,0.8530587733854432,16
217.0,0.024839743589743585,0.01789529914529914,,8,0.8530587733854432,16
218.0,0.024839743589743585,0.01789529914529914,,8,0.8530587733854432,16
219.0,0.024839743589743585,0.01789529914529914,,8,0.8530587733854432,16
220.0,0.024839743589743585,0.01789529914529914,,8,0.8530587733854432,16
221.0,0.024839743589743585,0.01789529914529914,,8,0.8530587733854432,16
222.0,0.024839743589743585,0.01789529914529914,,8,0.8530587733854432,16
223.0,0.024839743589743585,0.01789529914529914,,8,0.8530587733854432,16
224.0,0.024839743589743585,0.01789529914529914,,8,0.8530587733854432,16
225.0,0.024839743589743585,0.01789529914529914,,8,0.8530587733854432,16
226.0,0.024839743589743585,0.01789529914529914,,8,0.8530587733854432,16
227.0,0.024839743589743585,0.01789529914529914,,8,0.8530587733854432,16
228.0,0.024839743589743585,0.01789529914529914,,8,0.8530587733854432,16
229.0,0.024839743589743585,0.01789529914529914,,8,0.8530587733854432,16
230.0,0.024839743589743585,0.01789529914529914,,8,0.8530587733854432,16
231.0,0.024839743589743585,0.01789529914529914,,8,0.8530587733854432,16
232.0,0.024839743589743585,0.01789529914529914,,8,0.8530587733854432,16
233.0,0.024839743589743585,0.01789529914529914,,8,0.8530587733854432,16
234.0,0.024839743589743585,0.01789529914529914,,8,0.8530587733854432,16
235.0,0.024839743589743585,0.01789529914529914,,8,0.8530587733854432,16
236.0,0.024839743589743585,0.01789529914529914,,8,0.8530587733854432,16
237.0,0.024839743589743585,0.01789529914529914,,8,0.8530587733854432,16
238.0,0.024839743589743585,0.01789529914529914,,8,0.8530587733854432,16
239.0,0.024839743589743585,0.01789529914529914,,8,0.8530587733854432,16
240.0,0.024839743589743585,0.01789529914529914,,8,0.8530587733854432,16
241.0,0.024839743589743585,0.01789529914529914,,8,0.8530587733854432,16
242.0,0.024839743589743585,0.01789529914529914,,8,0.8530587733854432,16
243.0,0.024839743589743585,0.01789529914529914,,8,0.8530587733854432,16
244.0,0.024839743589743585,0.01789529914529914,,8,0.8530587733854432,16
245.0,0.024839743589743585,0.01789529914529914,,8,0.8530587733854432,16
246.0,0.024839743589743585,0.01789529914529914,,8,0.8530587733854432,16
247.0,0.024839743589743585,0.01789529914529914,,8,0.8530587733854432,16
248.0,0.024839743589743585,0.01789529914529914,,8,0.8530587733854432,16
249.0,0.024839743589743585,0.01789529914529914,,8,0.8530587733854432,16
250.0,0.024839743589743585,0.01789529914529914,,8,0.8530587733854432,16
251.0,0.024839743589743585,0.01789529914529914,,8,0.8530587733854432,16
252.0,0.024839743589743585,0.01789529914529914,,8,0.8530587733854432,16
253.0,0.024839743589743585,0.01789529914529914,,8,0.8530587733854432,16
254.0,0.024839743589743585,0.01789529914529914,,8,0.8530587733854432,16
255.0,0.024839743589743585,0.01789529914529914,,8,0.8530587733854432,16
256.0,0.024839743589743585,0.01789529914529914,,8,0.8530587733854432,16
257.0,0.024839743589743585,0.01789529914529914,,8,0.8530587733854432,16
258.0,0.024839743589743585,0.01789529914529914,,8,0.8530587733854432,16
259.0,0.024839743589743585,0.01789529914529914,,8,0.8530587733854432,16
260.0,0.024839743589743585,0.01789529914529914,,8,0.8530587733854432,16
261.0,0.024839743589743585,0.01789529914529914,,8,0.8530587733854432,16
262.0,0.024839743589743585,0.01789529914529914,,8,0.8530587733854432,16
263.0,0.024839743589743585,0.01789529914529914,,8,0.8530587733854432,16
264.0,0.024839743589743585,0.01789529914529914,,8,0.8530587733854432,16
265.0,0.024839743589743585,0.01789529914529914,,8,0.8530587733854432,16
266.0,0.024839743589743585,0.01789529914529914,,8,0.8530587733854432,16
267.0,0.024839743589743585,0.01789529914529914,,8,0.8530587733854432,16
268.0,0.024839743589743585,0.01789529914529914,,8,0.8530587733854432,16
269.0,0.024839743589743585,0.01789529914529914,,8,0.8530587733854432,16
270.0,0.024839743589743585,0.01789529914529914,,8,0.8530587733854432,16
271.0,0.024839743589743585,0.01789529914529914,,8,0.8530587733854432,16
272.0,0.024839743589743585,0.01789529914529914,,8,0.8530587733854432,16
273.0,0.024839743589743585,0.01789529914529914,,8,0.8530587733854432,16
274.0,0.024839743589743585,0.01789529914529914,,8,0.8530587733854432,16
275.0,0.024839743589743585,0.01789529914529914,,8,0.8530587733854432,16
276.0,0.024839743589743585,0.01789529914529914,,8,0.8530587733854432,16
277.0,0.024839743589743585,0.01789529914529914,,8,0.8530587733854432,16
278.0,0.024839743589743585,0.01789529914529914,,8,0.8530587733854432,16
279.0,0.024839743589743585,0.01789529914529914,,8,0.8530587733854432,16
280.0,0.024839743589743585,0.01789529914529914,,8,0.8530587733854432,16
281.0,0.024839743589743585,0.01789529914529914,,8,0.8530587733854432,16
282.0,0.024839743589743585,0.01789529914529914,,8,0.8530587733854432,16
283.0,0.024839743589743585,0.01789529914529914,,8,0.8530587733854432,16
284.0,0.024839743589743585,0.01789529914529914,,8,0.8530587733854432,16
285.0,0.024839743589743585,0.01789529914529914,,8,0.8530587733854432,16
286.0,0.024839743589743585,0.01789529914529914,,8,0.8530587733854432,16
287.0,0.024839743589743585,0.01789529914529914,,8,0.8530587733854432,16
288.0,0.024839743589743585,0.01789529914529914,,8,0.8530587733854432,16
289.0,0.024839743589743585,0.01789529914529914,,8,0.8530587733854432,16
290.0,0.024839743589743585,0.01789529914529914,,8,0.8530587733854432,16
291.0,0.024839743589743585,0.01789529914529914,,8,0.8530587733854432,16
292.0,0.024839743589743585,0.01789529914529914,,8,0.8530587733854432,16
293.0,0.024839743589743585,0.01789529914529914,,8,0.8530587733854432,16
294.0,0.024839743589743585,0.01789529914529914,,8,0.8530587733854432,16
295.0,0.024839743589743585,0.01789529914529914,,8,0.8530587733854432,16
296.0,0.024839743589743585,0.01789529914529914,,8,0.8530587733854432,16
297.0,0.024839743589743585,0.01789529914529914,,8,0.8530587733854432,16
298.0,0.024839743589743585,0.01789529914529914,,8,0.8530587733854432,16
299.0,0.024839743589743585,0.01789529914529914,,8,0.8530587733854432,16
300.0,0.024839743589743585,0.01789529914529914,,8,0.8530587733854432,16
301.0,0.024839743589743585,0.01789529914529914,,8,0.8530587733854432,16
302.0,0.024839743589743585,0.01789529914529914,,8,0.8530587733854432,16
303.0,0.024839743589743585,0.01789529914529914,,8,0.8530587733854432,16
304.0,0.024839743589743585,0.01789529914529914,,8,0.8530587733854432,16
305.0,0.024839743589743585,0.01789529914529914,,8,0.8530587733854432,16
306.0,0.024839743589743585,0.01789529914529914,,8,0.8530587733854432,16
307.0,0.024839743589743585,0.01789529914529914,,8,0.8530587733854432,16
308.0,0.024839743589743585,0.01789529914529914,,8,0.8530587733854432,16
309.0,0.024839743589743585,0.01789529914529914,,8,0.8530587733854432,16
310.0,0.024839743589743585,0.01789529914529914,,8,0.8530587733854432,16
311.0,0.024839743589743585,0.01789529914529914,,8,0.8530587733854432,16
312.0,0.024839743589743585,0.01789529914529914,,8,0.8530587733854432,16
313.0,0.024839743589743585,0.01789529914529914,,8,0.8530587733854432,16
314.0,0.024839743589743585,0.01789529914529914,,8,0.8530587733854432,16
315.0,0.024839743589743585,0.01789529914529914,,8,0.8530587733854432,16
316.0,0.024839743589743585,0.01789529914529914,,8,0.8530587733854432,16
317.0,0.024839743589743585,0.01789529914529914,,8,0.8530587733854432,16
318.0,0.024839743589743585,0.01789529914529914,,8,0.8530587733854432,16
319.0,0.024839743589743585,0.01789529914529914,,8,0.8530587733854432,16
320.0,0.024839743589743585,0.01789529914529914,,8,0.8530587733854432,16
321.0,0.024839743589743585,0.01789529914529914,,8,0.8530587733854432,16
322.0,0.024839743589743585,0.01789529914529914,,8,0.8530587733854432,16
323.0,0.024839743589743585,0.01789529914529914,,8,0.8530587733854432,16
324.0,0.024839743589743585,0.01789529914529914,,8,0.8530587733854432,16
325.0,0.024839743589743585,0.01789529914529914,,8,0.8530587733854432,16
326.0,0.024839743589743585,0.01789529914529914,,8,0.8530587733854432,16
327.0,0.024839743589743585,0.01789529914529914,,8,0.8530587733854432,16
328.0,0.024839743589743585,0.01789529914529914,,8,0.8530587733854432,16
329.0,0.024839743589743585,0.01789529914529914,,8,0.8530587733854432,16
330.0,0.024839743589743585,0.01789529914529914,,8,0.8530587733854432,16
331.0,0.024839743589743585,0.01789529914529914,,8,0.8530587733854432,16
332.0,0.024839743589743585,0.01789529914529914,,8,0.8530587733854432,16
333.0,0.024839743589743585,0.01789529914529914,,8,0.8530587733854432,16
334.0,0.024839743589743585,0.01789529914529914,,8,0.8530587733854432,16
335.0,0.024839743589743585,0.01789529914529914,,8,0.8530587733854432,16
336.0,0.024839743589743585,0.01789529914529914,,8,0.8530587733854432,16
337.0,0.024839743589743585,0.01789529914529914,,8,0.8530587733854432,16
338.0,0.024839743589743585,0.01789529914529914,,8,0.8530587733854432,16
339.0,0.024839743589743585,0.01789529914529914,,8,0.8530587733854432,16
340.0,0.024839743589743585,0.01789529914529914,,8,0.8530587733854432,16
341.0,0.024839743589743585,0.01789529914529914,,8,0.8530587733854432,16
342.0,0.024839743589743585,0.01789529914529914,,8,0.8530587733854432,16
343.0,0.024839743589743585,0.01789529914529914,,8,0.8530587733854432,16
344.0,0.024839743589743585,0.01789529914529914,,8,0.8530587733854432,16
345.0,0.024839743589743585,0.01789529914529914,,8,0.8530587733854432,16
346.0,0.024839743589743585,0.01789529914529914,,8,0.8530587733854432,16
347.0,0.024839743589743585,0.01789529914529914,,8,0.8530587733854432,16
348.0,0.024839743589743585,0.01789529914529914,,8,0.8530587733854432,16
349.0,0.024839743589743585,0.01789529914529914,,8,0.8530587733854432,16
350.0,0.024839743589743585,0.01789529914529914,,8,0.8530587733854432,16
351.0,0.024839743589743585,0.01789529914529914,,8,0.8530587733854432,16
352.0,0.024839743589743585,0.01789529914529914,,8,0.8530587733854432,16
353.0,0.024839743589743585,0.01789529914529914,,8,0.8530587733854432,16
354.0,0.024839743589743585,0.01789529914529914,,8,0.8530587733854432,16
355.0,0.024839743589743585,0.01789529914529914,,8,0.8530587733854432,16
356.0,0.024839743589743585,0.01789529914529914,,8,0.8530587733854432,16
357.0,0.024839743589743585,0.01789529914529914,,8,0.8530587733854432,16
358.0,0.024839743589743585,0.01789529914529914,,8,0.8530587733854432,16
359.0,0.024839743589743585,0.01789529914529914,,8,0.8530587733854432,16
360.0,0.024839743589743585,0.01789529914529914,,8,0.8530587733854432,16
361.0,0.024839743589743585,0.01789529914529914,,8,0.8530587733854432,16
362.0,0.024839743589743585,0.01789529914529914,,8,0.8530587733854432,16
363.0,0.024839743589743585,0.01789529914529914,,8,0.8530587733854432,16
364.0,0.024839743589743585,0.01789529914529914,,8,0.8530587733854432,16
365.0,0.024839743589743585,0.01789529914529914,,8,0.8530587733854432,16
366.0,0.024839743589743585,0.01789529914529914,,8,0.8530587733854432,16
367.0,0.024839743589743585,0.01789529914529914,,8,0.8530587733854432,16
368.0,0.024839743589743585,0.01789529914529914,,8,0.8530587733854432,16
369.0,0.024839743589743585,0.01789529914529914,,8,0.8530587733854432,16
370.0,0.024839743589743585,0.01789529914529914,,8,0.8530587733854432,16
371.0,0.024839743589743585,0.01789529914529914,,8,0.8530587733854432,16
372.0,0.024839743589743585,0.01789529914529914,,8,0.8530587733854432,16
373.0,0.024839743589743585,0.01789529914529914,,8,0.8530587733854432,16
374.0,0.024839743589743585,0.01789529914529914,,8,0.8530587733854432,16
375.0,0.024839743589743585,0.01789529914529914,,8,0.8530587733854432,16
376.0,0.024839743589743585,0.01789529914529914,,8,0.8530587733854432,16
377.0,0.024839743589743585,0.01789529914529914,,8,0.8530587733854432,16
378.0,0.024839743589743585,0.01789529914529914,,8,0.8530587733854432,16
379.0,0.024839743589743585,0.01789529914529914,,8,0.8530587733854432,16
380.0,0.024839743589743585,0.01789529914529914,,8,0.8530587733854432,16
381.0,0.024839743589743585,0.01789529914529914,,8,0.8530587733854432,16
382.0,0.024839743589743585,0.01789529914529914,,8,0.8530587733854432,16
383.0,0.024839743589743585,0.01789529914529914,,8,0.8530587733854432,16
384.0,0.024839743589743585,0.01789529914529914,,8,0.8530587733854432,16
385.0,0.024839743589743585,0.01789529914529914,,8,0.8530587733854432,16
386.0,0.024839743589743585,0.01789529914529914,,8,0.8530587733854432,16
387.0,0.024839743589743585,0.01789529914529914,,8,0.8530587733854432,16
388.0,0.024839743589743585,0.01789529914529914,,8,0.8530587733854432,16
389.0,0.024839743589743585,0.01789529914529914,,8,0.8530587733854432,16
390.0,0.024839743589743585,0.01789529914529914,,8,0.8530587733854432,16
391.0,0.024839743589743585,0.01789529914529914,,8,0.8530587733854432,16
392.0,0.024839743589743585,0.01789529914529914,,8,0.8530587733854432,16
393.0,0.024839743589743585,0.01789529914529914,,8,0.8530587733854432,16
394.0,0.024839743589743585,0.01789529914529914,,8,0.8530587733854432,16
395.0,0.024839743589743585,0.01789529914529914,,8,0.8530587733854432,16
396.0,0.024839743589743585,0.01789529914529914,,8,0.8530587733854432,16
397.0,0.024839743589743585,0.01789529914529914,,8,0.8530587733854432,16
398.0,0.024839743589743585,0.01789529914529914,,8,0.8530587733854432,16
399.0,0.024839743589743585,0.01789529914529914,,8,0.8530587733854432,16
400.0,0.024839743589743585,0.01789529914529914,,8,0.8530587733854432,16
401.0,0.024839743589743585,0.01789529914529914,,8,0.8530587733854432,16
402.0,0.024839743589743585,0.01789529914529914,,8,0.8530587733854432,16
403.0,0.024839743589743585,0.01789529914529914,,8,0.8530587733854432,16
404.0,0.024839743589743585,0.01789529914529914,,8,0.8530587733854432,16
405.0,0.024839743589743585,0.01789529914529914,,8,0.8530587733854432,16
406.0,0.024839743589743585,0.01789529914529914,,8,0.8530587733854432,16
407.0,0.024839743589743585,0.01789529914529914,,8,0.8530587733854432,16
408.0,0.024839743589743585,0.01789529914529914,,8,0.8530587733854432,16
409.0,0.024839743589743585,0.01789529914529914,,8,0.8530587733854432,16
410.0,0.024839743589743585,0.01789529914529914,,8,0.8530587733854432,16
411.0,0.024839743589743585,0.01789529914529914,,8,0.8530587733854432,16
412.0,0.024839743589743585,0.01789529914529914,,8,0.8530587733854432,16
413.0,0.024839743589743585,0.01789529914529914,,8,0.8530587733854432,16
414.0,0.024839743589743585,0.01789529914529914,,8,0.8530587733854432,16
415.0,0.024839743589743585,0.01789529914529914,,8,0.8530587733854432,16
416.0,0.024839743589743585,0.01789529914529914,,8,0.8530587733854432,16
417.0,0.024839743589743585,0.01789529914529914,,8,0.8530587733854432,16
418.0,0.024839743589743585,0.01789529914529914,,8,0.8530587733854432,16
419.0,0.024839743589743585,0.01789529914529914,,8,0.8530587733854432,16
420.0,0.024839743589743585,0.01789529914529914,,8,0.8530587733854432,16
421.0,0.024839743589743585,0.01789529914529914,,8,0.8530587733854432,16
422.0,0.024839743589743585,0.01789529914529914,,8,0.8530587733854432,16
423.0,0.024839743589743585,0.01789529914529914,,8,0.8530587733854432,16
424.0,0.024839743589743585,0.01789529914529914,,8,0.8530587733854432,16
425.0,0.024839743589743585,0.01789529914529914,,8,0.8530587733854432,16
426.0,0.024839743589743585,0.01789529914529914,,8,0.8530587733854432,16
427.0,0.024839743589743585,0.01789529914529914,,8,0.8530587733854432,16
428.0,0.024839743589743585,0.01789529914529914,,8,0.8530587733854432,16
429.0,0.024839743589743585,0.01789529914529914,,8,0.8530587733854432,16
430.0,0.024839743589743585,0.01789529914529914,,8,0.8530587733854432,16
431.0,0.024839743589743585,0.01789529914529914,,8,0.8530587733854432,16
432.0,0.024839743589743585,0.01789529914529914,,8,0.8530587733854432,16
433.0,0.024839743589743585,0.01789529914529914,,8,0.8530587733854432,16
434.0,0.024839743589743585,0.01789529914529914,,8,0.8530587733854432,16
435.0,0.024839743589743585,0.01789529914529914,,8,0.8530587733854432,16
436.0,0.024839743589743585,0.01789529914529914,,8,0.8530587733854432,16
437.0,0.024839743589743585,0.01789529914529914,,8,0.8530587733854432,16
438.0,0.024839743589743585,0.01789529914529914,,8,0.8530587733854432,16
439.0,0.024839743589743585,0.01789529914529914,,8,0.8530587733854432,16
440.0,0.024839743589743585,0.01789529914529914,,8,0.8530587733854432,16
441.0,0.024839743589743585,0.01789529914529914,,8,0.8530587733854432,16
442.0,0.024839743589743585,0.01789529914529914,,8,0.8530587733854432,16
443.0,0.024839743589743585,0.01789529914529914,,8,0.8530587733854432,16
444.0,0.024839743589743585,0.01789529914529914,,8,0.8530587733854432,16
445.0,0.024839743589743585,0.01789529914529914,,8,0.8530587733854432,16
446.0,0.024839743589743585,0.01789529914529914,,8,0.8530587733854432,16
447.0,0.024839743589743585,0.01789529914529914,,8,0.8530587733854432,16
448.0,0.024839743589743585,0.01789529914529914,,8,0.8530587733854432,16
449.0,0.024839743589743585,0.01789529914529914,,8,0.8530587733854432,16
450.0,0.024839743589743585,0.01789529914529914,,8,0.8530587733854432,16
451.0,0.024839743589743585,0.01789529914529914,,8,0.8530587733854432,16
452.0,0.024839743589743585,0.01789529914529914,,8,0.8530587733854432,16
453.0,0.024839743589743585,0.01789529914529914,,8,0.8530587733854432,16
454.0,0.024839743589743585,0.01789529914529914,,8,0.8530587733854432,16
455.0,0.024839743589743585,0.01789529914529914,,8,0.8530587733854432,16
456.0,0.024839743589743585,0.01789529914529914,,8,0.8530587733854432,16
457.0,0.024839743589743585,0.01789529914529914,,8,0.8530587733854432,16
458.0,0.024839743589743585,0.01789529914529914,,8,0.8530587733854432,16
459.0,0.024839743589743585,0.01789529914529914,,8,0.8530587733854432,16
460.0,0.024839743589743585,0.01789529914529914,,8,0.8530587733854432,16
461.0,0.024839743589743585,0.01789529914529914,,8,0.8530587733854432,16
462.0,0.024839743589743585,0.01789529914529914,,8,0.8530587733854432,16
463.0,0.024839743589743585,0.01789529914529914,,8,0.8530587733854432,16
464.0,0.024839743589743585,0.01789529914529914,,8,0.8530587733854432,16
465.0,0.024839743589743585,0.01789529914529914,,8,0.8530587733854432,16
466.0,0.024839743589743585,0.01789529914529914,,8,0.8530587733854432,16
467.0,0.024839743589743585,0.01789529914529914,,8,0.8530587733854432,16
468.0,0.024839743589743585,0.01789529914529914,,8,0.8530587733854432,16
469.0,0.024839743589743585,0.01789529914529914,,8,0.8530587733854432,16
470.0,0.024839743589743585,0.01789529914529914,,8,0.8530587733854432,16
471.0,0.024839743589743585,0.01789529914529914,,8,0.8530587733854432,16
472.0,0.024839743589743585,0.01789529914529914,,8,0.8530587733854432,16
473.0,0.024839743589743585,0.01789529914529914,,8,0.8530587733854432,16
474.0,0.024839743589743585,0.01789529914529914,,8,0.8530587733854432,16
475.0,0.024839743589743585,0.01789529914529914,,8,0.8530587733854432,16
476.0,0.024839743589743585,0.01789529914529914,,8,0.8530587733854432,16
477.0,0.024839743589743585,0.01789529914529914,,8,0.8530587733854432,16
478.0,0.024839743589743585,0.01789529914529914,,8,0.8530587733854432,16
479.0,0.024839743589743585,0.01789529914529914,,8,0.8530587733854432,16
480.0,0.024839743589743585,0.01789529914529914,,8,0.8530587733854432,16
481.0,0.024839743589743585,0.01789529914529914,,8,0.8530587733854432,16
482.0,0.024839743589743585,0.01789529914529914,,8,0.8530587733854432,16
483.0,0.024839743589743585,0.01789529914529914,,8,0.8530587733854432,16
484.0,0.024839743589743585,0.01789529914529914,,8,0.8530587733854432,16
485.0,0.024839743589743585,0.01789529914529914,,8,0.8530587733854432,16
486.0,0.024839743589743585,0.01789529914529914,,8,0.8530587733854432,16
487.0,0.024839743589743585,0.01789529914529914,,8,0.8530587733854432,16
488.0,0.024839743589743585,0.01789529914529914,,8,0.8530587733854432,16
489.0,0.024839743589743585,0.01789529914529914,,8,0.8530587733854432,16
490.0,0.024839743589743585,0.01789529914529914,,8,0.8530587733854432,16
491.0,0.024839743589743585,0.01789529914529914,,8,0.8530587733854432,16
492.0,0.024839743589743585,0.01789529914529914,,8,0.8530587733854432,16
493.0,0.024839743589743585,0.01789529914529914,,8,0.8530587733854432,16
494.0,0.024839743589743585,0.01789529914529914,,8,0.8530587733854432,16
495.0,0.024839743589743585,0.01789529914529914,,8,0.8530587733854432,16
496.0,0.024839743589743585,0.01789529914529914,,8,0.8530587733854432,16
497.0,0.024839743589743585,0.01789529914529914,,8,0.8530587733854432,16
498.0,0.024839743589743585,0.01789529914529914,,8,0.8530587733854432,16
499.0,0.024839743589743585,0.01789529914529914,,8,0.8530587733854432,16
500.0,0.024839743589743585,0.01789529914529914,,8,0.8530587733854432,16
501.0,0.024839743589743585,0.01789529914529914,,8,0.8530587733854432,16
502.0,0.024839743589743585,0.01789529914529914,,8,0.8530587733854432,16
503.0,0.024839743589743585,0.01789529914529914,,8,0.8530587733854432,16
504.0,0.024839743589743585,0.01789529914529914,,8,0.8530587733854432,16
505.0,0.024839743589743585,0.01789529914529914,,8,0.8530587733854432,16
506.0,0.024839743589743585,0.01789529914529914,,8,0.8530587733854432,16
507.0,0.024839743589743585,0.01789529914529914,,8,0.8530587733854432,16
508.0,0.024839743589743585,0.01789529914529914,,8,0.8530587733854432,16
509.0,0.024839743589743585,0.01789529914529914,,8,0.8530587733854432,16
510.0,0.024839743589743585,0.01789529914529914,,8,0.8530587733854432,16
511.0,0.024839743589743585,0.01789529914529914,,8,0.8530587733854432,16
512.0,0.024839743589743585,0.01789529914529914,,8,0.8530587733854432,16
513.0,0.024839743589743585,0.01789529914529914,,8,0.8530587733854432,16
514.0,0.024839743589743585,0.01789529914529914,,8,0.8530587733854432,16
515.0,0.024839743589743585,0.01789529914529914,,8,0.8530587733854432,16
516.0,0.024839743589743585,0.01789529914529914,,8,0.8530587733854432,16
517.0,0.024839743589743585,0.01789529914529914,,8,0.8530587733854432,16
518.0,0.024839743589743585,0.01789529914529914,,8,0.8530587733854432,16
519.0,0.024839743589743585,0.01789529914529914,,8,0.8530587733854432,16
520.0,0.024839743589743585,0.01789529914529914,,8,0.8530587733854432,16
521.0,0.024839743589743585,0.01789529914529914,,8,0.8530587733854432,16
522.0,0.024839743589743585,0.01789529914529914,,8,0.8530587733854432,16
523.0,0.024839743589743585,0.01789529914529914,,8,0.8530587733854432,16
524.0,0.024839743589743585,0.01789529914529914,,8,0.8530587733854432,16
525.0,0.024839743589743585,0.01789529914529914,,8,0.8530587733854432,16
526.0,0.024839743589743585,0.01789529914529914,,8,0.8530587733854432,16
527.0,0.024839743589743585,0.01789529914529914,,8,0.8530587733854432,16
528.0,0.024839743589743585,0.01789529914529914,,8,0.8530587733854432,16
529.0,0.024839743589743585,0.01789529914529914,,8,0.8530587733854432,16
530.0,0.024839743589743585,0.01789529914529914,,8,0.8530587733854432,16
531.0,0.024839743589743585,0.01789529914529914,,8,0.8530587733854432,16
532.0,0.024839743589743585,0.01789529914529914,,8,0.8530587733854432,16
533.0,0.024839743589743585,0.01789529914529914,,8,0.8530587733854432,16
534.0,0.024839743589743585,0.01789529914529914,,8,0.8530587733854432,16
535.0,0.024839743589743585,0.01789529914529914,,8,0.8530587733854432,16
536.0,0.024839743589743585,0.01789529914529914,,8,0.8530587733854432,16
537.0,0.024839743589743585,0.01789529914529914,,8,0.8530587733854432,16
538.0,0.024839743589743585,0.01789529914529914,,8,0.8530587733854432,16
539.0,0.024839743589743585,0.01789529914529914,,8,0.8530587733854432,16
540.0,0.024839743589743585,0.01789529914529914,,8,0.8530587733854432,16
541.0,0.024839743589743585,0.01789529914529914,,8,0.8530587733854432,16
542.0,0.024839743589743585,0.01789529914529914,,8,0.8530587733854432,16
543.0,0.024839743589743585,0.01789529914529914,,8,0.8530587733854432,16
544.0,0.024839743589743585,0.01789529914529914,,8,0.8530587733854432,16
545.0,0.024839743589743585,0.01789529914529914,,8,0.8530587733854432,16
546.0,0.024839743589743585,0.01789529914529914,,8,0.8530587733854432,16
547.0,0.024839743589743585,0.01789529914529914,,8,0.8530587733854432,16
548.0,0.024839743589743585,0.01789529914529914,,8,0.8530587733854432,16
549.0,0.024839743589743585,0.01789529914529914,,8,0.8530587733854432,16
550.0,0.024839743589743585,0.01789529914529914,,8,0.8530587733854432,16
551.0,0.024839743589743585,0.01789529914529914,,8,0.8530587733854432,16
552.0,0.024839743589743585,0.01789529914529914,,8,0.8530587733854432,16
553.0,0.024839743589743585,0.01789529914529914,,8,0.8530587733854432,16
554.0,0.024839743589743585,0.01789529914529914,,8,0.8530587733854432,16
555.0,0.024839743589743585,0.01789529914529914,,8,0.8530587733854432,16
556.0,0.024839743589743585,0.01789529914529914,,8,0.8530587733854432,16
557.0,0.024839743589743585,0.01789529914529914,,8,0.8530587733854432,16
558.0,0.024839743589743585,0.01789529914529914,,8,0.8530587733854432,16
559.0,0.024839743589743585,0.01789529914529914,,8,0.8530587733854432,16
560.0,0.024839743589743585,0.01789529914529914,,8,0.8530587733854432,16
561.0,0.024839743589743585,0.01789529914529914,,8,0.8530587733854432,16
562.0,0.024839743589743585,0.01789529914529914,,8,0.8530587733854432,16
563.0,0.024839743589743585,0.01789529914529914,,8,0.8530587733854432,16
564.0,0.024839743589743585,0.01789529914529914,,8,0.8530587733854432,16
565.0,0.024839743589743585,0.01789529914529914,,8,0.8530587733854432,16
566.0,0.024839743589743585,0.01789529914529914,,8,0.8530587733854432,16
567.0,0.024839743589743585,0.01789529914529914,,8,0.8530587733854432,16
568.0,0.024839743589743585,0.01789529914529914,,8,0.8530587733854432,16
569.0,0.024839743589743585,0.01789529914529914,,8,0.8530587733854432,16
570.0,0.024839743589743585,0.01789529914529914,,8,0.8530587733854432,16
571.0,0.024839743589743585,0.01789529914529914,,8,0.8530587733854432,16
572.0,0.024839743589743585,0.01789529914529914,,8,0.8530587733854432,16
573.0,0.024839743589743585,0.01789529914529914,,8,0.8530587733854432,16
574.0,0.024839743589743585,0.01789529914529914,,8,0.8530587733854432,16
575.0,0.024839743589743585,0.01789529914529914,,8,0.8530587733854432,16
576.0,0.024839743589743585,0.01789529914529914,,8,0.8530587733854432,16
577.0,0.024839743589743585,0.01789529914529914,,8,0.8530587733854432,16
578.0,0.024839743589743585,0.01789529914529914,,8,0.8530587733854432,16
579.0,0.024839743589743585,0.01789529914529914,,8,0.8530587733854432,16
580.0,0.024839743589743585,0.01789529914529914,,8,0.8530587733854432,16
581.0,0.024839743589743585,0.01789529914529914,,8,0.8530587733854432,16
582.0,0.024839743589743585,0.01789529914529914,,8,0.8530587733854432,16
583.0,0.024839743589743585,0.01789529914529914,,8,0.8530587733854432,16
584.0,0.024839743589743585,0.01789529914529914,,8,0.8530587733854432,16
585.0,0.024839743589743585,0.01789529914529914,,8,0.8530587733854432,16
586.0,0.024839743589743585,0.01789529914529914,,8,0.8530587733854432,16
587.0,0.024839743589743585,0.01789529914529914,,8,0.8530587733854432,16
588.0,0.024839743589743585,0.01789529914529914,,8,0.8530587733854432,16
589.0,0.024839743589743585,0.01789529914529914,,8,0.8530587733854432,16
590.0,0.024839743589743585,0.01789529914529914,,8,0.8530587733854432,16
591.0,0.024839743589743585,0.01789529914529914,,8,0.8530587733854432,16
592.0,0.024839743589743585,0.01789529914529914,,8,0.8530587733854432,16
593.0,0.024839743589743585,0.01789529914529914,,8,0.8530587733854432,16
594.0,0.024839743589743585,0.01789529914529914,,8,0.8530587733854432,16
595.0,0.024839743589743585,0.01789529914529914,,8,0.8530587733854432,16
596.0,0.024839743589743585,0.01789529914529914,,8,0.8530587733854432,16
597.0,0.024839743589743585,0.01789529914529914,,8,0.8530587733854432,16
598.0,0.024839743589743585,0.01789529914529914,,8,0.8530587733854432,16
599.0,0.024839743589743585,0.01789529914529914,,8,0.8530587733854432,16
600.0,0.024839743589743585,0.01789529914529914,,8,0.8530587733854432,16
601.0,0.024839743589743585,0.01789529914529914,,8,0.8530587733854432,16
602.0,0.024839743589743585,0.01789529914529914,,8,0.8530587733854432,16
603.0,0.024839743589743585,0.01789529914529914,,8,0.8530587733854432,16
604.0,0.024839743589743585,0.01789529914529914,,8,0.8530587733854432,16
605.0,0.024839743589743585,0.01789529914529914,,8,0.8530587733854432,16
606.0,0.024839743589743585,0.01789529914529914,,8,0.8530587733854432,16
607.0,0.024839743589743585,0.01789529914529914,,8,0.8530587733854432,16
608.0,0.024839743589743585,0.01789529914529914,,8,0.8530587733854432,16
609.0,0.024839743589743585,0.01789529914529914,,8,0.8530587733854432,16
610.0,0.024839743589743585,0.01789529914529914,,8,0.8530587733854432,16
611.0,0.024839743589743585,0.01789529914529914,,8,0.8530587733854432,16
612.0,0.024839743589743585,0.01789529914529914,,8,0.8530587733854432,16
613.0,0.024839743589743585,0.01789529914529914,,8,0.8530587733854432,16
614.0,0.024839743589743585,0.01789529914529914,,8,0.8530587733854432,16
615.0,0.024839743589743585,0.01789529914529914,,8,0.8530587733854432,16
616.0,0.024839743589743585,0.01789529914529914,,8,0.8530587733854432,16
617.0,0.024839743589743585,0.01789529914529914,,8,0.8530587733854432,16
618.0,0.024839743589743585,0.01789529914529914,,8,0.8530587733854432,16
619.0,0.024839743589743585,0.01789529914529914,,8,0.8530587733854432,16
620.0,0.024839743589743585,0.01789529914529914,,8,0.8530587733854432,16
621.0,0.024839743589743585,0.01789529914529914,,8,0.8530587733854432,16
622.0,0.024839743589743585,0.01789529914529914,,8,0.8530587733854432,16
623.0,0.024839743589743585,0.01789529914529914,,8,0.8530587733854432,16
624.0,0.024839743589743585,0.01789529914529914,,8,0.8530587733854432,16
625.0,0.024839743589743585,0.01789529914529914,,8,0.8530587733854432,16
626.0,0.024839743589743585,0.01789529914529914,,8,0.8530587733854432,16
627.0,0.024839743589743585,0.01789529914529914,,8,0.8530587733854432,16
628.0,0.024839743589743585,0.01789529914529914,,8,0.8530587733854432,16
629.0,0.024839743589743585,0.01789529914529914,,8,0.8530587733854432,16
630.0,0.024839743589743585,0.01789529914529914,,8,0.8530587733854432,16
631.0,0.024839743589743585,0.01789529914529914,,8,0.8530587733854432,16
632.0,0.024839743589743585,0.01789529914529914,,8,0.8530587733854432,16
633.0,0.024839743589743585,0.01789529914529914,,8,0.8530587733854432,16
634.0,0.024839743589743585,0.01789529914529914,,8,0.8530587733854432,16
635.0,0.024839743589743585,0.01789529914529914,,8,0.8530587733854432,16
636.0,0.024839743589743585,0.01789529914529914,,8,0.8530587733854432,16
637.0,0.024839743589743585,0.01789529914529914,,8,0.8530587733854432,16
638.0,0.024839743589743585,0.01789529914529914,,8,0.8530587733854432,16
639.0,0.024839743589743585,0.01789529914529914,,8,0.8530587733854432,16
640.0,0.024839743589743585,0.01789529914529914,,8,0.8530587733854432,16
641.0,0.024839743589743585,0.01789529914529914,,8,0.8530587733854432,16
642.0,0.024839743589743585,0.01789529914529914,,8,0.8530587733854432,16
643.0,0.024839743589743585,0.01789529914529914,,8,0.8530587733854432,16
644.0,0.024839743589743585,0.01789529914529914,,8,0.8530587733854432,16
645.0,0.024839743589743585,0.01789529914529914,,8,0.8530587733854432,16
646.0,0.024839743589743585,0.01789529914529914,,8,0.8530587733854432,16
647.0,0.024839743589743585,0.01789529914529914,,8,0.8530587733854432,16
648.0,0.024839743589743585,0.01789529914529914,,8,0.8530587733854432,16
649.0,0.024839743589743585,0.01789529914529914,,8,0.8530587733854432,16
650.0,0.024839743589743585,0.01789529914529914,,8,0.8530587733854432,16
651.0,0.024839743589743585,0.01789529914529914,,8,0.8530587733854432,16
652.0,0.024839743589743585,0.01789529914529914,,8,0.8530587733854432,16
653.0,0.024839743589743585,0.01789529914529914,,8,0.8530587733854432,16
654.0,0.024839743589743585,0.01789529914529914,,8,0.8530587733854432,16
655.0,0.024839743589743585,0.01789529914529914,,8,0.8530587733854432,16
656.0,0.024839743589743585,0.01789529914529914,,8,0.8530587733854432,16
657.0,0.024839743589743585,0.01789529914529914,,8,0.8530587733854432,16
658.0,0.024839743589743585,0.01789529914529914,,8,0.8530587733854432,16
659.0,0.024839743589743585,0.01789529914529914,,8,0.8530587733854432,16
660.0,0.024839743589743585,0.01789529914529914,,8,0.8530587733854432,16
661.0,0.024839743589743585,0.01789529914529914,,8,0.8530587733854432,16
662.0,0.024839743589743585,0.01789529914529914,,8,0.8530587733854432,16
663.0,0.024839743589743585,0.01789529914529914,,8,0.8530587733854432,16
664.0,0.024839743589743585,0.01789529914529914,,8,0.8530587733854432,16
665.0,0.024839743589743585,0.01789529914529914,,8,0.8530587733854432,16
666.0,0.024839743589743585,0.01789529914529914,,8,0.8530587733854432,16
667.0,0.024839743589743585,0.01789529914529914,,8,0.8530587733854432,16
668.0,0.024839743589743585,0.01789529914529914,,8,0.8530587733854432,16
669.0,0.024839743589743585,0.01789529914529914,,8,0.8530587733854432,16
670.0,0.024839743589743585,0.01789529914529914,,8,0.8530587733854432,16
671.0,0.024839743589743585,0.01789529914529914,,8,0.8530587733854432,16
672.0,0.024839743589743585,0.01789529914529914,,8,0.8530587733854432,16
673.0,0.024839743589743585,0.01789529914529914,,8,0.8530587733854432,16
674.0,0.024839743589743585,0.01789529914529914,,8,0.8530587733854432,16
675.0,0.024839743589743585,0.01789529914529914,,8,0.8530587733854432,16
676.0,0.024839743589743585,0.01789529914529914,,8,0.8530587733854432,16
677.0,0.024839743589743585,0.01789529914529914,,8,0.8530587733854432,16
678.0,0.024839743589743585,0.01789529914529914,,8,0.8530587733854432,16
679.0,0.024839743589743585,0.01789529914529914,,8,0.8530587733854432,16
680.0,0.024839743589743585,0.01789529914529914,,8,0.8530587733854432,16
681.0,0.024839743589743585,0.01789529914529914,,8,0.8530587733854432,16
682.0,0.024839743589743585,0.01789529914529914,,8,0.8530587733854432,16
683.0,0.024839743589743585,0.01789529914529914,,8,0.8530587733854432,16
684.0,0.024839743589743585,0.01789529914529914,,8,0.8530587733854432,16
685.0,0.024839743589743585,0.01789529914529914,,8,0.8530587733854432,16
686.0,0.024839743589743585,0.01789529914529914,,8,0.8530587733854432,16
687.0,0.024839743589743585,0.01789529914529914,,8,0.8530587733854432,16
688.0,0.024839743589743585,0.01789529914529914,,8,0.8530587733854432,16
689.0,0.024839743589743585,0.01789529914529914,,8,0.8530587733854432,16
690.0,0.024839743589743585,0.01789529914529914,,8,0.8530587733854432,16
691.0,0.024839743589743585,0.01789529914529914,,8,0.8530587733854432,16
692.0,0.024839743589743585,0.01789529914529914,,8,0.8530587733854432,16
693.0,0.024839743589743585,0.01789529914529914,,8,0.8530587733854432,16
694.0,0.024839743589743585,0.01789529914529914,,8,0.8530587733854432,16
695.0,0.024839743589743585,0.01789529914529914,,8,0.8530587733854432,16
696.0,0.024839743589743585,0.01789529914529914,,8,0.8530587733854432,16
697.0,0.024839743589743585,0.01789529914529914,,8,0.8530587733854432,16
698.0,0.024839743589743585,0.01789529914529914,,8,0.8530587733854432,16
699.0,0.024839743589743585,0.01789529914529914,,8,0.8530587733854432,16
700.0,0.024839743589743585,0.01789529914529914,,8,0.8530587733854432,16
701.0,0.024839743589743585,0.01789529914529914,,8,0.8530587733854432,16
702.0,0.024839743589743585,0.01789529914529914,,8,0.8530587733854432,16
703.0,0.024839743589743585,0.01789529914529914,,8,0.8530587733854432,16
704.0,0.024839743589743585,0.01789529914529914,,8,0.8530587733854432,16
705.0,0.024839743589743585,0.01789529914529914,,8,0.8530587733854432,16
706.0,0.024839743589743585,0.01789529914529914,,8,0.8530587733854432,16
707.0,0.024839743589743585,0.01789529914529914,,8,0.8530587733854432,16
708.0,0.024839743589743585,0.01789529914529914,,8,0.8530587733854432,16
709.0,0.024839743589743585,0.01789529914529914,,8,0.8530587733854432,16
710.0,0.024839743589743585,0.01789529914529914,,8,0.8530587733854432,16
711.0,0.024839743589743585,0.01789529914529914,,8,0.8530587733854432,16
712.0,0.024839743589743585,0.01789529914529914,,8,0.8530587733854432,16
713.0,0.024839743589743585,0.01789529914529914,,8,0.8530587733854432,16
714.0,0.024839743589743585,0.01789529914529914,,8,0.8530587733854432,16
715.0,0.024839743589743585,0.01789529914529914,,8,0.8530587733854432,16
716.0,0.024839743589743585,0.01789529914529914,,8,0.8530587733854432,16
717.0,0.024839743589743585,0.01789529914529914,,8,0.8530587733854432,16
718.0,0.024839743589743585,0.01789529914529914,,8,0.8530587733854432,16
719.0,0.024839743589743585,0.01789529914529914,,8,0.8530587733854432,16
720.0,0.024839743589743585,0.01789529914529914,,8,0.8530587733854432,16
721.0,0.024839743589743585,0.01789529914529914,,8,0.8530587733854432,16
722.0,0.024839743589743585,0.01789529914529914,,8,0.8530587733854432,16
723.0,0.024839743589743585,0.01789529914529914,,8,0.8530587733854432,16
724.0,0.024839743589743585,0.01789529914529914,,8,0.8530587733854432,16
725.0,0.024839743589743585,0.01789529914529914,,8,0.8530587733854432,16
726.0,0.024839743589743585,0.01789529914529914,,8,0.8530587733854432,16
727.0,0.024839743589743585,0.01789529914529914,,8,0.8530587733854432,16
728.0,0.024839743589743585,0.01789529914529914,,8,0.8530587733854432,16
729.0,0.024839743589743585,0.01789529914529914,,8,0.8530587733854432,16
730.0,0.024839743589743585,0.01789529914529914,,8,0.8530587733854432,16
731.0,0.024839743589743585,0.01789529914529914,,8,0.8530587733854432,16
732.0,0.024839743589743585,0.01789529914529914,,8,0.8530587733854432,16
733.0,0.024839743589743585,0.01789529914529914,,8,0.8530587733854432,16
734.0,0.024839743589743585,0.01789529914529914,,8,0.8530587733854432,16
735.0,0.024839743589743585,0.01789529914529914,,8,0.8530587733854432,16
736.0,0.024839743589743585,0.01789529914529914,,8,0.8530587733854432,16
737.0,0.024839743589743585,0.01789529914529914,,8,0.8530587733854432,16
738.0,0.024839743589743585,0.01789529914529914,,8,0.8530587733854432,16
739.0,0.024839743589743585,0.01789529914529914,,8,0.8530587733854432,16
740.0,0.024839743589743585,0.01789529914529914,,8,0.8530587733854432,16
741.0,0.024839743589743585,0.01789529914529914,,8,0.8530587733854432,16
742.0,0.024839743589743585,0.01789529914529914,,8,0.8530587733854432,16
743.0,0.024839743589743585,0.01789529914529914,,8,0.8530587733854432,16
744.0,0.024839743589743585,0.01789529914529914,,8,0.8530587733854432,16
745.0,0.024839743589743585,0.01789529914529914,,8,0.8530587733854432,16
746.0,0.024839743589743585,0.01789529914529914,,8,0.8530587733854432,16
747.0,0.024839743589743585,0.01789529914529914,,8,0.8530587733854432,16
748.0,0.024839743589743585,0.01789529914529914,,8,0.8530587733854432,16
749.0,0.024839743589743585,0.01789529914529914,,8,0.8530587733854432,16
750.0,0.024839743589743585,0.01789529914529914,,8,0.8530587733854432,16
751.0,0.024839743589743585,0.01789529914529914,,8,0.8530587733854432,16
752.0,0.024839743589743585,0.01789529914529914,,8,0.8530587733854432,16
753.0,0.024839743589743585,0.01789529914529914,,8,0.8530587733854432,16
754.0,0.024839743589743585,0.01789529914529914,,8,0.8530587733854432,16
755.0,0.024839743589743585,0.01789529914529914,,8,0.8530587733854432,16
756.0,0.024839743589743585,0.01789529914529914,,8,0.8530587733854432,16
757.0,0.024839743589743585,0.01789529914529914,,8,0.8530587733854432,16
758.0,0.024839743589743585,0.01789529914529914,,8,0.8530587733854432,16
759.0,0.024839743589743585,0.01789529914529914,,8,0.8530587733854432,16
760.0,0.024839743589743585,0.01789529914529914,,8,0.8530587733854432,16
761.0,0.024839743589743585,0.01789529914529914,,8,0.8530587733854432,16
762.0,0.024839743589743585,0.01789529914529914,,8,0.8530587733854432,16
763.0,0.024839743589743585,0.01789529914529914,,8,0.8530587733854432,16
764.0,0.024839743589743585,0.01789529914529914,,8,0.8530587733854432,16
765.0,0.024839743589743585,0.01789529914529914,,8,0.8530587733854432,16
766.0,0.024839743589743585,0.01789529914529914,,8,0.8530587733854432,16
767.0,0.024839743589743585,0.01789529914529914,,8,0.8530587733854432,16
768.0,0.024839743589743585,0.01789529914529914,,8,0.8530587733854432,16
769.0,0.024839743589743585,0.01789529914529914,,8,0.8530587733854432,16
770.0,0.024839743589743585,0.01789529914529914,,8,0.8530587733854432,16
771.0,0.024839743589743585,0.01789529914529914,,8,0.8530587733854432,16
772.0,0.024839743589743585,0.01789529914529914,,8,0.8530587733854432,16
773.0,0.024839743589743585,0.01789529914529914,,8,0.8530587733854432,16
774.0,0.024839743589743585,0.01789529914529914,,8,0.8530587733854432,16
775.0,0.024839743589743585,0.01789529914529914,,8,0.8530587733854432,16
776.0,0.024839743589743585,0.01789529914529914,,8,0.8530587733854432,16
777.0,0.024839743589743585,0.01789529914529914,,8,0.8530587733854432,16
778.0,0.024839743589743585,0.01789529914529914,,8,0.8530587733854432,16
779.0,0.024839743589743585,0.01789529914529914,,8,0.8530587733854432,16
780.0,0.024839743589743585,0.01789529914529914,,8,0.8530587733854432,16
781.0,0.024839743589743585,0.01789529914529914,,8,0.8530587733854432,16
782.0,0.024839743589743585,0.01789529914529914,,8,0.8530587733854432,16
783.0,0.024839743589743585,0.01789529914529914,,8,0.8530587733854432,16
784.0,0.024839743589743585,0.01789529914529914,,8,0.8530587733854432,16
785.0,0.024839743589743585,0.01789529914529914,,8,0.8530587733854432,16
786.0,0.024839743589743585,0.01789529914529914,,8,0.8530587733854432,16
787.0,0.024839743589743585,0.01789529914529914,,8,0.8530587733854432,16
788.0,0.024839743589743585,0.01789529914529914,,8,0.8530587733854432,16
789.0,0.024839743589743585,0.01789529914529914,,8,0.8530587733854432,16
790.0,0.024839743589743585,0.01789529914529914,,8,0.8530587733854432,16
791.0,0.024839743589743585,0.01789529914529914,,8,0.8530587733854432,16
792.0,0.024839743589743585,0.01789529914529914,,8,0.8530587733854432,16
793.0,0.024839743589743585,0.01789529914529914,,8,0.8530587733854432,16
794.0,0.024839743589743585,0.01789529914529914,,8,0.8530587733854432,16
795.0,0.024839743589743585,0.01789529914529914,,8,0.8530587733854432,16
796.0,0.024839743589743585,0.01789529914529914,,8,0.8530587733854432,16
797.0,0.024839743589743585,0.01789529914529914,,8,0.8530587733854432,16
798.0,0.024839743589743585,0.01789529914529914,,8,0.8530587733854432,16
799.0,0.024839743589743585,0.01789529914529914,,8,0.8530587733854432,16
800.0,0.024839743589743585,0.01789529914529914,,8,0.8530587733854432,16
801.0,0.024839743589743585,0.01789529914529914,,8,0.8530587733854432,16
802.0,0.024839743589743585,0.01789529914529914,,8,0.8530587733854432,16
803.0,0.024839743589743585,0.01789529914529914,,8,0.8530587733854432,16
804.0,0.024839743589743585,0.01789529914529914,,8,0.8530587733854432,16
805.0,0.024839743589743585,0.01789529914529914,,8,0.8530587733854432,16
806.0,0.024839743589743585,0.01789529914529914,,8,0.8530587733854432,16
807.0,0.024839743589743585,0.01789529914529914,,8,0.8530587733854432,16
808.0,0.024839743589743585,0.01789529914529914,,8,0.8530587733854432,16
809.0,0.024839743589743585,0.01789529914529914,,8,0.8530587733854432,16
810.0,0.024839743589743585,0.01789529914529914,,8,0.8530587733854432,16
811.0,0.024839743589743585,0.01789529914529914,,8,0.8530587733854432,16
812.0,0.024839743589743585,0.01789529914529914,,8,0.8530587733854432,16
813.0,0.024839743589743585,0.01789529914529914,,8,0.8530587733854432,16
814.0,0.024839743589743585,0.01789529914529914,,8,0.8530587733854432,16
815.0,0.024839743589743585,0.01789529914529914,,8,0.8530587733854432,16
816.0,0.024839743589743585,0.01789529914529914,,8,0.8530587733854432,16
817.0,0.024839743589743585,0.01789529914529914,,8,0.8530587733854432,16
818.0,0.024839743589743585,0.01789529914529914,,8,0.8530587733854432,16
819.0,0.024839743589743585,0.01789529914529914,,8,0.8530587733854432,16
820.0,0.024839743589743585,0.01789529914529914,,8,0.8530587733854432,16
821.0,0.024839743589743585,0.01789529914529914,,8,0.8530587733854432,16
822.0,0.024839743589743585,0.01789529914529914,,8,0.8530587733854432,16
823.0,0.024839743589743585,0.01789529914529914,,8,0.8530587733854432,16
824.0,0.024839743589743585,0.01789529914529914,,8,0.8530587733854432,16
825.0,0.024839743589743585,0.01789529914529914,,8,0.8530587733854432,16
826.0,0.024839743589743585,0.01789529914529914,,8,0.8530587733854432,16
827.0,0.024839743589743585,0.01789529914529914,,8,0.8530587733854432,16
828.0,0.024839743589743585,0.01789529914529914,,8,0.8530587733854432,16
829.0,0.024839743589743585,0.01789529914529914,,8,0.8530587733854432,16
830.0,0.024839743589743585,0.01789529914529914,,8,0.8530587733854432,16
831.0,0.024839743589743585,0.01789529914529914,,8,0.8530587733854432,16
832.0,0.024839743589743585,0.01789529914529914,,8,0.8530587733854432,16
833.0,0.024839743589743585,0.01789529914529914,,8,0.8530587733854432,16
834.0,0.024839743589743585,0.01789529914529914,,8,0.8530587733854432,16
835.0,0.024839743589743585,0.01789529914529914,,8,0.8530587733854432,16
836.0,0.024839743589743585,0.01789529914529914,,8,0.8530587733854432,16
837.0,0.024839743589743585,0.01789529914529914,,8,0.8530587733854432,16
838.0,0.024839743589743585,0.01789529914529914,,8,0.8530587733854432,16
839.0,0.024839743589743585,0.01789529914529914,,8,0.8530587733854432,16
840.0,0.024839743589743585,0.01789529914529914,,8,0.8530587733854432,16
841.0,0.024839743589743585,0.01789529914529914,,8,0.8530587733854432,16
842.0,0.024839743589743585,0.01789529914529914,,8,0.8530587733854432,16
843.0,0.024839743589743585,0.01789529914529914,,8,0.8530587733854432,16
844.0,0.024839743589743585,0.01789529914529914,,8,0.8530587733854432,16
845.0,0.024839743589743585,0.01789529914529914,,8,0.8530587733854432,16
846.0,0.024839743589743585,0.01789529914529914,,8,0.8530587733854432,16
847.0,0.024839743589743585,0.01789529914529914,,8,0.8530587733854432,16
848.0,0.024839743589743585,0.01789529914529914,,8,0.8530587733854432,16
849.0,0.024839743589743585,0.01789529914529914,,8,0.8530587733854432,16
850.0,0.024839743589743585,0.01789529914529914,,8,0.8530587733854432,16
851.0,0.024839743589743585,0.01789529914529914,,8,0.8530587733854432,16
852.0,0.024839743589743585,0.01789529914529914,,8,0.8530587733854432,16
853.0,0.024839743589743585,0.01789529914529914,,8,0.8530587733854432,16
854.0,0.024839743589743585,0.01789529914529914,,8,0.8530587733854432,16
855.0,0.024839743589743585,0.01789529914529914,,8,0.8530587733854432,16
856.0,0.024839743589743585,0.01789529914529914,,8,0.8530587733854432,16
857.0,0.024839743589743585,0.01789529914529914,,8,0.8530587733854432,16
858.0,0.024839743589743585,0.01789529914529914,,8,0.8530587733854432,16
859.0,0.024839743589743585,0.01789529914529914,,8,0.8530587733854432,16
860.0,0.024839743589743585,0.01789529914529914,,8,0.8530587733854432,16
861.0,0.024839743589743585,0.01789529914529914,,8,0.8530587733854432,16
862.0,0.024839743589743585,0.01789529914529914,,8,0.8530587733854432,16
863.0,0.024839743589743585,0.01789529914529914,,8,0.8530587733854432,16
864.0,0.024839743589743585,0.01789529914529914,,8,0.8530587733854432,16
865.0,0.024839743589743585,0.01789529914529914,,8,0.8530587733854432,16
866.0,0.024839743589743585,0.01789529914529914,,8,0.8530587733854432,16
867.0,0.024839743589743585,0.01789529914529914,,8,0.8530587733854432,16
868.0,0.024839743589743585,0.01789529914529914,,8,0.8530587733854432,16
869.0,0.024839743589743585,0.01789529914529914,,8,0.8530587733854432,16
870.0,0.024839743589743585,0.01789529914529914,,8,0.8530587733854432,16
871.0,0.024839743589743585,0.01789529914529914,,8,0.8530587733854432,16
872.0,0.024839743589743585,0.01789529914529914,,8,0.8530587733854432,16
873.0,0.024839743589743585,0.01789529914529914,,8,0.8530587733854432,16
874.0,0.024839743589743585,0.01789529914529914,,8,0.8530587733854432,16
875.0,0.024839743589743585,0.01789529914529914,,8,0.8530587733854432,16
876.0,0.024839743589743585,0.01789529914529914,,8,0.8530587733854432,16
877.0,0.024839743589743585,0.01789529914529914,,8,0.8530587733854432,16
878.0,0.024839743589743585,0.01789529914529914,,8,0.8530587733854432,16
879.0,0.024839743589743585,0.01789529914529914,,8,0.8530587733854432,16
880.0,0.024839743589743585,0.01789529914529914,,8,0.8530587733854432,16
881.0,0.024839743589743585,0.01789529914529914,,8,0.8530587733854432,16
882.0,0.024839743589743585,0.01789529914529914,,8,0.8530587733854432,16
883.0,0.024839743589743585,0.01789529914529914,,8,0.8530587733854432,16
884.0,0.024839743589743585,0.01789529914529914,,8,0.8530587733854432,16
885.0,0.024839743589743585,0.01789529914529914,,8,0.8530587733854432,16
886.0,0.024839743589743585,0.01789529914529914,,8,0.8530587733854432,16
887.0,0.024839743589743585,0.01789529914529914,,8,0.8530587733854432,16
888.0,0.024839743589743585,0.01789529914529914,,8,0.8530587733854432,16
889.0,0.024839743589743585,0.01789529914529914,,8,0.8530587733854432,16
890.0,0.024839743589743585,0.01789529914529914,,8,0.8530587733854432,16
891.0,0.024839743589743585,0.01789529914529914,,8,0.8530587733854432,16
892.0,0.024839743589743585,0.01789529914529914,,8,0.8530587733854432,16
893.0,0.024839743589743585,0.01789529914529914,,8,0.8530587733854432,16
894.0,0.024839743589743585,0.01789529914529914,,8,0.8530587733854432,16
895.0,0.024839743589743585,0.01789529914529914,,8,0.8530587733854432,16
896.0,0.024839743589743585,0.01789529914529914,,8,0.8530587733854432,16
897.0,0.024839743589743585,0.01789529914529914,,8,0.8530587733854432,16
898.0,0.024839743589743585,0.01789529914529914,,8,0.8530587733854432,16
899.0,0.024839743589743585,0.01789529914529914,,8,0.8530587733854432,16
900.0,0.024839743589743585,0.01789529914529914,,8,0.8530587733854432,16
901.0,0.024839743589743585,0.01789529914529914,,8,0.8530587733854432,16
902.0,0.024839743589743585,0.01789529914529914,,8,0.8530587733854432,16
903.0,0.024839743589743585,0.01789529914529914,,8,0.8530587733854432,16
904.0,0.024839743589743585,0.01789529914529914,,8,0.8530587733854432,16
905.0,0.024839743589743585,0.01789529914529914,,8,0.8530587733854432,16
906.0,0.024839743589743585,0.01789529914529914,,8,0.8530587733854432,16
907.0,0.024839743589743585,0.01789529914529914,,8,0.8530587733854432,16
908.0,0.024839743589743585,0.01789529914529914,,8,0.8530587733854432,16
909.0,0.024839743589743585,0.01789529914529914,,8,0.8530587733854432,16
910.0,0.024839743589743585,0.01789529914529914,,8,0.8530587733854432,16
911.0,0.024839743589743585,0.01789529914529914,,8,0.8530587733854432,16
912.0,0.024839743589743585,0.01789529914529914,,8,0.8530587733854432,16
913.0,0.024839743589743585,0.01789529914529914,,8,0.8530587733854432,16
914.0,0.024839743589743585,0.01789529914529914,,8,0.8530587733854432,16
915.0,0.024839743589743585,0.01789529914529914,,8,0.8530587733854432,16
916.0,0.024839743589743585,0.01789529914529914,,8,0.8530587733854432,16
917.0,0.024839743589743585,0.01789529914529914,,8,0.8530587733854432,16
918.0,0.024839743589743585,0.01789529914529914,,8,0.8530587733854432,16
919.0,0.024839743589743585,0.01789529914529914,,8,0.8530587733854432,16
920.0,0.024839743589743585,0.01789529914529914,,8,0.8530587733854432,16
921.0,0.024839743589743585,0.01789529914529914,,8,0.8530587733854432,16
922.0,0.024839743589743585,0.01789529914529914,,8,0.8530587733854432,16
923.0,0.024839743589743585,0.01789529914529914,,8,0.8530587733854432,16
924.0,0.024839743589743585,0.01789529914529914,,8,0.8530587733854432,16
925.0,0.024839743589743585,0.01789529914529914,,8,0.8530587733854432,16
926.0,0.024839743589743585,0.01789529914529914,,8,0.8530587733854432,16
927.0,0.024839743589743585,0.01789529914529914,,8,0.8530587733854432,16
928.0,0.024839743589743585,0.01789529914529914,,8,0.8530587733854432,16
929.0,0.024839743589743585,0.01789529914529914,,8,0.8530587733854432,16
930.0,0.024839743589743585,0.01789529914529914,,8,0.8530587733854432,16
931.0,0.024839743589743585,0.01789529914529914,,8,0.8530587733854432,16
932.0,0.024839743589743585,0.01789529914529914,,8,0.8530587733854432,16
933.0,0.024839743589743585,0.01789529914529914,,8,0.8530587733854432,16
934.0,0.024839743589743585,0.01789529914529914,,8,0.8530587733854432,16
935.0,0.024839743589743585,0.01789529914529914,,8,0.8530587733854432,16
936.0,0.024839743589743585,0.01789529914529914,,8,0.8530587733854432,16
937.0,0.024839743589743585,0.01789529914529914,,8,0.8530587733854432,16
938.0,0.024839743589743585,0.01789529914529914,,8,0.8530587733854432,16
939.0,0.024839743589743585,0.01789529914529914,,8,0.8530587733854432,16
940.0,0.024839743589743585,0.01789529914529914,,8,0.8530587733854432,16
941.0,0.024839743589743585,0.01789529914529914,,8,0.8530587733854432,16
942.0,0.024839743589743585,0.01789529914529914,,8,0.8530587733854432,16
943.0,0.024839743589743585,0.01789529914529914,,8,0.8530587733854432,16
944.0,0.024839743589743585,0.01789529914529914,,8,0.8530587733854432,16
945.0,0.024839743589743585,0.01789529914529914,,8,0.8530587733854432,16
946.0,0.024839743589743585,0.01789529914529914,,8,0.8530587733854432,16
947.0,0.024839743589743585,0.01789529914529914,,8,0.8530587733854432,16
948.0,0.024839743589743585,0.01789529914529914,,8,0.8530587733854432,16
949.0,0.024839743589743585,0.01789529914529914,,8,0.8530587733854432,16
950.0,0.024839743589743585,0.01789529914529914,,8,0.8530587733854432,16
951.0,0.024839743589743585,0.01789529914529914,,8,0.8530587733854432,16
952.0,0.024839743589743585,0.01789529914529914,,8,0.8530587733854432,16
953.0,0.024839743589743585,0.01789529914529914,,8,0.8530587733854432,16
954.0,0.024839743589743585,0.01789529914529914,,8,0.8530587733854432,16
955.0,0.024839743589743585,0.01789529914529914,,8,0.8530587733854432,16
956.0,0.024839743589743585,0.01789529914529914,,8,0.8530587733854432,16
957.0,0.024839743589743585,0.01789529914529914,,8,0.8530587733854432,16
958.0,0.024839743589743585,0.01789529914529914,,8,0.8530587733854432,16
959.0,0.024839743589743585,0.01789529914529914,,8,0.8530587733854432,16
960.0,0.024839743589743585,0.01789529914529914,,8,0.8530587733854432,16
961.0,0.024839743589743585,0.01789529914529914,,8,0.8530587733854432,16
962.0,0.024839743589743585,0.01789529914529914,,8,0.8530587733854432,16
963.0,0.024839743589743585,0.01789529914529914,,8,0.8530587733854432,16
964.0,0.024839743589743585,0.01789529914529914,,8,0.8530587733854432,16
965.0,0.024839743589743585,0.01789529914529914,,8,0.8530587733854432,16
966.0,0.024839743589743585,0.01789529914529914,,8,0.8530587733854432,16
967.0,0.024839743589743585,0.01789529914529914,,8,0.8530587733854432,16
968.0,0.024839743589743585,0.01789529914529914,,8,0.8530587733854432,16
969.0,0.024839743589743585,0.01789529914529914,,8,0.8530587733854432,16
970.0,0.024839743589743585,0.01789529914529914,,8,0.8530587733854432,16
971.0,0.024839743589743585,0.01789529914529914,,8,0.8530587733854432,16
972.0,0.024839743589743585,0.01789529914529914,,8,0.8530587733854432,16
973.0,0.024839743589743585,0.01789529914529914,,8,0.8530587733854432,16
974.0,0.024839743589743585,0.01789529914529914,,8,0.8530587733854432,16
975.0,0.024839743589743585,0.01789529914529914,,8,0.8530587733854432,16
976.0,0.024839743589743585,0.01789529914529914,,8,0.8530587733854432,16
977.0,0.024839743589743585,0.01789529914529914,,8,0.8530587733854432,16
978.0,0.024839743589743585,0.01789529914529914,,8,0.8530587733854432,16
979.0,0.024839743589743585,0.01789529914529914,,8,0.8530587733854432,16
980.0,0.024839743589743585,0.01789529914529914,,8,0.8530587733854432,16
981.0,0.024839743589743585,0.01789529914529914,,8,0.8530587733854432,16
982.0,0.024839743589743585,0.01789529914529914,,8,0.8530587733854432,16
983.0,0.024839743589743585,0.01789529914529914,,8,0.8530587733854432,16
984.0,0.024839743589743585,0.01789529914529914,,8,0.8530587733854432,16
985.0,0.024839743589743585,0.01789529914529914,,8,0.8530587733854432,16
986.0,0.024839743589743585,0.01789529914529914,,8,0.8530587733854432,16
987.0,0.024839743589743585,0.01789529914529914,,8,0.8530587733854432,16
988.0,0.024839743589743585,0.01789529914529914,,8,0.8530587733854432,16
989.0,0.024839743589743585,0.01789529914529914,,8,0.8530587733854432,16
990.0,0.024839743589743585,0.01789529914529914,,8,0.8530587733854432,16
991.0,0.024839743589743585,0.01789529914529914,,8,0.8530587733854432,16
992.0,0.024839743589743585,0.01789529914529914,,8,0.8530587733854432,16
993.0,0.024839743589743585,0.01789529914529914,,8,0.8530587733854432,16
994.0,0.024839743589743585,0.01789529914529914,,8,0.8530587733854432,16
995.0,0.024839743589743585,0.01789529914529914,,8,0.8530587733854432,16
996.0,0.024839743589743585,0.01789529914529914,,8,0.8530587733854432,16
997.0,0.024839743589743585,0.01789529914529914,,8,0.8530587733854432,16
998.0,0.024839743589743585,0.01789529914529914,,8,0.8530587733854432,16
999.0,0.024839743589743585,0.01789529914529914,,8,0.8530587733854432,16
1000.0,0.024839743589743585,0.01789529914529914,,8,0.8530587733854432,16
1001.0,0.024839743589743585,0.01789529914529914,,8,0.8530587733854432,16
1002.0,0.024839743589743585,0.01789529914529914,,8,0.8530587733854432,16
1003.0,0.024839743589743585,0.01789529914529914,,8,0.8530587733854432,16
1004.0,0.024839743589743585,0.01789529914529914,,8,0.8530587733854432,16
1005.0,0.024839743589743585,0.01789529914529914,,8,0.8530587733854432,16
1006.0,0.024839743589743585,0.01789529914529914,,8,0.8530587733854432,16
1007.0,0.024839743589743585,0.01789529914529914,,8,0.8530587733854432,16
1008.0,0.024839743589743585,0.01789529914529914,,8,0.8530587733854432,16
1009.0,0.024839743589743585,0.01789529914529914,,8,0.8530587733854432,16
1010.0,0.024839743589743585,0.01789529914529914,,8,0.8530587733854432,16
1011.0,0.024839743589743585,0.01789529914529914,,8,0.8530587733854432,16
1012.0,0.024839743589743585,0.01789529914529914,,8,0.8530587733854432,16
1013.0,0.024839743589743585,0.01789529914529914,,8,0.8530587733854432,16
1014.0,0.024839743589743585,0.01789529914529914,,8,0.8530587733854432,16
1015.0,0.024839743589743585,0.01789529914529914,,8,0.8530587733854432,16
1016.0,0.024839743589743585,0.01789529914529914,,8,0.8530587733854432,16
1017.0,0.024839743589743585,0.01789529914529914,,8,0.8530587733854432,16
1018.0,0.024839743589743585,0.01789529914529914,,8,0.8530587733854432,16
1019.0,0.024839743589743585,0.01789529914529914,,8,0.8530587733854432,16
1020.0,0.024839743589743585,0.01789529914529914,,8,0.8530587733854432,16
1021.0,0.024839743589743585,0.01789529914529914,,8,0.8530587733854432,16
1022.0,0.024839743589743585,0.01789529914529914,,8,0.8530587733854432,16
1023.0,0.024839743589743585,0.01789529914529914,,8,0.8530587733854432,16
1024.0,0.024839743589743585,0.01789529914529914,,8,0.8530587733854432,16
1025.0,0.024839743589743585,0.01789529914529914,,8,0.8530587733854432,16
1026.0,0.024839743589743585,0.01789529914529914,,8,0.8530587733854432,16
1027.0,0.024839743589743585,0.01789529914529914,,8,0.8530587733854432,16
1028.0,0.024839743589743585,0.01789529914529914,,8,0.8530587733854432,16
1029.0,0.024839743589743585,0.01789529914529914,,8,0.8530587733854432,16
1030.0,0.024839743589743585,0.01789529914529914,,8,0.8530587733854432,16
1031.0,0.024839743589743585,0.01789529914529914,,8,0.8530587733854432,16
1032.0,0.024839743589743585,0.01789529914529914,,8,0.8530587733854432,16
1033.0,0.024839743589743585,0.01789529914529914,,8,0.8530587733854432,16
1034.0,0.024839743589743585,0.01789529914529914,,8,0.8530587733854432,16
1035.0,0.024839743589743585,0.01789529914529914,,8,0.8530587733854432,16
1036.0,0.024839743589743585,0.01789529914529914,,8,0.8530587733854432,16
1037.0,0.024839743589743585,0.01789529914529914,,8,0.8530587733854432,16
1038.0,0.024839743589743585,0.01789529914529914,,8,0.8530587733854432,16
1039.0,0.024839743589743585,0.01789529914529914,,8,0.8530587733854432,16
1040.0,0.024839743589743585,0.01789529914529914,,8,0.8530587733854432,16
1041.0,0.024839743589743585,0.01789529914529914,,8,0.8530587733854432,16
1042.0,0.024839743589743585,0.01789529914529914,,8,0.8530587733854432,16
1043.0,0.024839743589743585,0.01789529914529914,,8,0.8530587733854432,16
1044.0,0.024839743589743585,0.01789529914529914,,8,0.8530587733854432,16
1045.0,0.024839743589743585,0.01789529914529914,,8,0.8530587733854432,16
1046.0,0.024839743589743585,0.01789529914529914,,8,0.8530587733854432,16
1047.0,0.024839743589743585,0.01789529914529914,,8,0.8530587733854432,16
1048.0,0.024839743589743585,0.01789529914529914,,8,0.8530587733854432,16
1049.0,0.024839743589743585,0.01789529914529914,,8,0.8530587733854432,16
1050.0,0.024839743589743585,0.01789529914529914,,8,0.8530587733854432,16
1051.0,0.024839743589743585,0.01789529914529914,,8,0.8530587733854432,16
1052.0,0.024839743589743585,0.01789529914529914,,8,0.8530587733854432,16
1053.0,0.024839743589743585,0.01789529914529914,,8,0.8530587733854432,16
1054.0,0.024839743589743585,0.01789529914529914,,8,0.8530587733854432,16
1055.0,0.024839743589743585,0.01789529914529914,,8,0.8530587733854432,16
1056.0,0.024839743589743585,0.01789529914529914,,8,0.8530587733854432,16
1057.0,0.024839743589743585,0.01789529914529914,,8,0.8530587733854432,16
1058.0,0.024839743589743585,0.01789529914529914,,8,0.8530587733854432,16
1059.0,0.024839743589743585,0.01789529914529914,,8,0.8530587733854432,16
1060.0,0.024839743589743585,0.01789529914529914,,8,0.8530587733854432,16
1061.0,0.024839743589743585,0.01789529914529914,,8,0.8530587733854432,16
1062.0,0.024839743589743585,0.01789529914529914,,8,0.8530587733854432,16
1063.0,0.024839743589743585,0.01789529914529914,,8,0.8530587733854432,16
1064.0,0.024839743589743585,0.01789529914529914,,8,0.8530587733854432,16
1065.0,0.024839743589743585,0.01789529914529914,,8,0.8530587733854432,16
1066.0,0.024839743589743585,0.01789529914529914,,8,0.8530587733854432,16
1067.0,0.024839743589743585,0.01789529914529914,,8,0.8530587733854432,16
1068.0,0.024839743589743585,0.01789529914529914,,8,0.8530587733854432,16
1069.0,0.024839743589743585,0.01789529914529914,,8,0.8530587733854432,16
1070.0,0.024839743589743585,0.01789529914529914,,8,0.8530587733854432,16
1071.0,0.024839743589743585,0.01789529914529914,,8,0.8530587733854432,16
1072.0,0.024839743589743585,0.01789529914529914,,8,0.8530587733854432,16
1073.0,0.024839743589743585,0.01789529914529914,,8,0.8530587733854432,16
1074.0,0.024839743589743585,0.01789529914529914,,8,0.8530587733854432,16
1075.0,0.024839743589743585,0.01789529914529914,,8,0.8530587733854432,16
1076.0,0.024839743589743585,0.01789529914529914,,8,0.8530587733854432,16
1077.0,0.024839743589743585,0.01789529914529914,,8,0.8530587733854432,16
1078.0,0.024839743589743585,0.01789529914529914,,8,0.8530587733854432,16
1079.0,0.024839743589743585,0.01789529914529914,,8,0.8530587733854432,16
1080.0,0.024839743589743585,0.01789529914529914,,8,0.8530587733854432,16
1081.0,0.024839743589743585,0.01789529914529914,,8,0.8530587733854432,16
1082.0,0.024839743589743585,0.01789529914529914,,8,0.8530587733854432,16
1083.0,0.024839743589743585,0.01789529914529914,,8,0.8530587733854432,16
1084.0,0.024839743589743585,0.01789529914529914,,8,0.8530587733854432,16
1085.0,0.024839743589743585,0.01789529914529914,,8,0.8530587733854432,16
1086.0,0.024839743589743585,0.01789529914529914,,8,0.8530587733854432,16
1087.0,0.024839743589743585,0.01789529914529914,,8,0.8530587733854432,16
1088.0,0.024839743589743585,0.01789529914529914,,8,0.8530587733854432,16
1089.0,0.024839743589743585,0.01789529914529914,,8,0.8530587733854432,16
1090.0,0.024839743589743585,0.01789529914529914,,8,0.8530587733854432,16
1091.0,0.024839743589743585,0.01789529914529914,,8,0.8530587733854432,16
1092.0,0.024839743589743585,0.01789529914529914,,8,0.8530587733854432,16
1093.0,0.024839743589743585,0.01789529914529914,,8,0.8530587733854432,16
1094.0,0.024839743589743585,0.01789529914529914,,8,0.8530587733854432,16
1095.0,0.024839743589743585,0.01789529914529914,,8,0.8530587733854432,16
1096.0,0.024839743589743585,0.01789529914529914,,8,0.8530587733854432,16
1097.0,0.024839743589743585,0.01789529914529914,,8,0.8530587733854432,16
1098.0,0.024839743589743585,0.01789529914529914,,8,0.8530587733854432,16
1099.0,0.024839743589743585,0.01789529914529914,,8,0.8530587733854432,16
1100.0,0.024839743589743585,0.01789529914529914,,8,0.8530587733854432,16
1101.0,0.024839743589743585,0.01789529914529914,,8,0.8530587733854432,16
1102.0,0.024839743589743585,0.01789529914529914,,8,0.8530587733854432,16
1103.0,0.024839743589743585,0.01789529914529914,,8,0.8530587733854432,16
1104.0,0.024839743589743585,0.01789529914529914,,8,0.8530587733854432,16
1105.0,0.024839743589743585,0.01789529914529914,,8,0.8530587733854432,16
1106.0,0.024839743589743585,0.01789529914529914,,8,0.8530587733854432,16
1107.0,0.024839743589743585,0.01789529914529914,,8,0.8530587733854432,16
1108.0,0.024839743589743585,0.01789529914529914,,8,0.8530587733854432,16
1109.0,0.024839743589743585,0.01789529914529914,,8,0.8530587733854432,16
1110.0,0.024839743589743585,0.01789529914529914,,8,0.8530587733854432,16
1111.0,0.024839743589743585,0.01789529914529914,,8,0.8530587733854432,16
1112.0,0.024839743589743585,0.01789529914529914,,8,0.8530587733854432,16
1113.0,0.024839743589743585,0.01789529914529914,,8,0.8530587733854432,16
1114.0,0.024839743589743585,0.01789529914529914,,8,0.8530587733854432,16
1115.0,0.024839743589743585,0.01789529914529914,,8,0.8530587733854432,16
1116.0,0.024839743589743585,0.01789529914529914,,8,0.8530587733854432,16
1117.0,0.024839743589743585,0.01789529914529914,,8,0.8530587733854432,16
1118.0,0.024839743589743585,0.01789529914529914,,8,0.8530587733854432,16
1119.0,0.024839743589743585,0.01789529914529914,,8,0.8530587733854432,16
1120.0,0.024839743589743585,0.01789529914529914,,8,0.8530587733854432,16
1121.0,0.024839743589743585,0.01789529914529914,,8,0.8530587733854432,16
1122.0,0.024839743589743585,0.01789529914529914,,8,0.8530587733854432,16
1123.0,0.024839743589743585,0.01789529914529914,,8,0.8530587733854432,16
1124.0,0.024839743589743585,0.01789529914529914,,8,0.8530587733854432,16
1125.0,0.024839743589743585,0.01789529914529914,,8,0.8530587733854432,16
1126.0,0.024839743589743585,0.01789529914529914,,8,0.8530587733854432,16
1127.0,0.024839743589743585,0.01789529914529914,,8,0.8530587733854432,16
1128.0,0.024839743589743585,0.01789529914529914,,8,0.8530587733854432,16
1129.0,0.024839743589743585,0.01789529914529914,,8,0.8530587733854432,16
1130.0,0.024839743589743585,0.01789529914529914,,8,0.8530587733854432,16
1131.0,0.024839743589743585,0.01789529914529914,,8,0.8530587733854432,16
1132.0,0.024839743589743585,0.01789529914529914,,8,0.8530587733854432,16
1133.0,0.024839743589743585,0.01789529914529914,,8,0.8530587733854432,16
1134.0,0.024839743589743585,0.01789529914529914,,8,0.8530587733854432,16
1135.0,0.024839743589743585,0.01789529914529914,,8,0.8530587733854432,16
1136.0,0.024839743589743585,0.01789529914529914,,8,0.8530587733854432,16
1137.0,0.024839743589743585,0.01789529914529914,,8,0.8530587733854432,16
1138.0,0.024839743589743585,0.01789529914529914,,8,0.8530587733854432,16
1139.0,0.024839743589743585,0.01789529914529914,,8,0.8530587733854432,16
1140.0,0.024839743589743585,0.01789529914529914,,8,0.8530587733854432,16
1141.0,0.024839743589743585,0.01789529914529914,,8,0.8530587733854432,16
1142.0,0.024839743589743585,0.01789529914529914,,8,0.8530587733854432,16
1143.0,0.024839743589743585,0.01789529914529914,,8,0.8530587733854432,16
1144.0,0.024839743589743585,0.01789529914529914,,8,0.8530587733854432,16
1145.0,0.024839743589743585,0.01789529914529914,,8,0.8530587733854432,16
1146.0,0.024839743589743585,0.01789529914529914,,8,0.8530587733854432,16
1147.0,0.024839743589743585,0.01789529914529914,,8,0.8530587733854432,16
1148.0,0.024839743589743585,0.01789529914529914,,8,0.8530587733854432,16
1149.0,0.024839743589743585,0.01789529914529914,,8,0.8530587733854432,16
1150.0,0.024839743589743585,0.01789529914529914,,8,0.8530587733854432,16
1151.0,0.024839743589743585,0.01789529914529914,,8,0.8530587733854432,16
1152.0,0.024839743589743585,0.01789529914529914,,8,0.8530587733854432,16
1153.0,0.024839743589743585,0.01789529914529914,,8,0.8530587733854432,16
1154.0,0.024839743589743585,0.01789529914529914,,8,0.8530587733854432,16
1155.0,0.024839743589743585,0.01789529914529914,,8,0.8530587733854432,16
1156.0,0.024839743589743585,0.01789529914529914,,8,0.8530587733854432,16
1157.0,0.024839743589743585,0.01789529914529914,,8,0.8530587733854432,16
1158.0,0.024839743589743585,0.01789529914529914,,8,0.8530587733854432,16
1159.0,0.024839743589743585,0.01789529914529914,,8,0.8530587733854432,16
1160.0,0.024839743589743585,0.01789529914529914,,8,0.8530587733854432,16
1161.0,0.024839743589743585,0.01789529914529914,,8,0.8530587733854432,16
1162.0,0.024839743589743585,0.01789529914529914,,8,0.8530587733854432,16
1163.0,0.024839743589743585,0.01789529914529914,,8,0.8530587733854432,16
1164.0,0.024839743589743585,0.01789529914529914,,8,0.8530587733854432,16
1165.0,0.024839743589743585,0.01789529914529914,,8,0.8530587733854432,16
1166.0,0.024839743589743585,0.01789529914529914,,8,0.8530587733854432,16
1167.0,0.024839743589743585,0.01789529914529914,,8,0.8530587733854432,16
1168.0,0.024839743589743585,0.01789529914529914,,8,0.8530587733854432,16
1169.0,0.024839743589743585,0.01789529914529914,,8,0.8530587733854432,16
1170.0,0.024839743589743585,0.01789529914529914,,8,0.8530587733854432,16
1171.0,0.024839743589743585,0.01789529914529914,,8,0.8530587733854432,16
1172.0,0.024839743589743585,0.01789529914529914,,8,0.8530587733854432,16
1173.0,0.024839743589743585,0.01789529914529914,,8,0.8530587733854432,16
1174.0,0.024839743589743585,0.01789529914529914,,8,0.8530587733854432,16
1175.0,0.024839743589743585,0.01789529914529914,,8,0.8530587733854432,16
1176.0,0.024839743589743585,0.01789529914529914,,8,0.8530587733854432,16
1177.0,0.024839743589743585,0.01789529914529914,,8,0.8530587733854432,16
1178.0,0.024839743589743585,0.01789529914529914,,8,0.8530587733854432,16
1179.0,0.024839743589743585,0.01789529914529914,,8,0.8530587733854432,16
1180.0,0.024839743589743585,0.01789529914529914,,8,0.8530587733854432,16
1181.0,0.024839743589743585,0.01789529914529914,,8,0.8530587733854432,16
1182.0,0.024839743589743585,0.01789529914529914,,8,0.8530587733854432,16
1183.0,0.024839743589743585,0.01789529914529914,,8,0.8530587733854432,16
1184.0,0.024839743589743585,0.01789529914529914,,8,0.8530587733854432,16
1185.0,0.024839743589743585,0.01789529914529914,,8,0.8530587733854432,16
1186.0,0.024839743589743585,0.01789529914529914,,8,0.8530587733854432,16
1187.0,0.024839743589743585,0.01789529914529914,,8,0.8530587733854432,16
1188.0,0.024839743589743585,0.01789529914529914,,8,0.8530587733854432,16
1189.0,0.024839743589743585,0.01789529914529914,,8,0.8530587733854432,16
1190.0,0.024839743589743585,0.01789529914529914,,8,0.8530587733854432,16
1191.0,0.024839743589743585,0.01789529914529914,,8,0.8530587733854432,16
1192.0,0.024839743589743585,0.01789529914529914,,8,0.8530587733854432,16
1193.0,0.024839743589743585,0.01789529914529914,,8,0.8530587733854432,16
1194.0,0.024839743589743585,0.01789529914529914,,8,0.8530587733854432,16
1195.0,0.024839743589743585,0.01789529914529914,,8,0.8530587733854432,16
1196.0,0.024839743589743585,0.01789529914529914,,8,0.8530587733854432,16
1197.0,0.024839743589743585,0.01789529914529914,,8,0.8530587733854432,16
1198.0,0.024839743589743585,0.01789529914529914,,8,0.8530587733854432,16
1199.0,0.024839743589743585,0.01789529914529914,,8,0.8530587733854432,16
1200.0,0.024839743589743585,0.01789529914529914,,8,0.8530587733854432,16
1201.0,0.024839743589743585,0.01789529914529914,,8,0.8530587733854432,16
1202.0,0.024839743589743585,0.01789529914529914,,8,0.8530587733854432,16
1203.0,0.024839743589743585,0.01789529914529914,,8,0.8530587733854432,16
1204.0,0.024839743589743585,0.01789529914529914,,8,0.8530587733854432,16
1205.0,0.024839743589743585,0.01789529914529914,,8,0.8530587733854432,16
1206.0,0.024839743589743585,0.01789529914529914,,8,0.8530587733854432,16
1207.0,0.024839743589743585,0.01789529914529914,,8,0.8530587733854432,16
1208.0,0.024839743589743585,0.01789529914529914,,8,0.8530587733854432,16
1209.0,0.024839743589743585,0.01789529914529914,,8,0.8530587733854432,16
1210.0,0.024839743589743585,0.01789529914529914,,8,0.8530587733854432,16
1211.0,0.024839743589743585,0.01789529914529914,,8,0.8530587733854432,16
1212.0,0.024839743589743585,0.01789529914529914,,8,0.8530587733854432,16
1213.0,0.024839743589743585,0.01789529914529914,,8,0.8530587733854432,16
1214.0,0.024839743589743585,0.01789529914529914,,8,0.8530587733854432,16
1215.0,0.024839743589743585,0.01789529914529914,,8,0.8530587733854432,16
1216.0,0.024839743589743585,0.01789529914529914,,8,0.8530587733854432,16
1217.0,0.024839743589743585,0.01789529914529914,,8,0.8530587733854432,16
1218.0,0.024839743589743585,0.01789529914529914,,8,0.8530587733854432,16
1219.0,0.024839743589743585,0.01789529914529914,,8,0.8530587733854432,16
1220.0,0.024839743589743585,0.01789529914529914,,8,0.8530587733854432,16
1221.0,0.024839743589743585,0.01789529914529914,,8,0.8530587733854432,16
1222.0,0.024839743589743585,0.01789529914529914,,8,0.8530587733854432,16
1223.0,0.024839743589743585,0.01789529914529914,,8,0.8530587733854432,16
1224.0,0.024839743589743585,0.01789529914529914,,8,0.8530587733854432,16
1225.0,0.024839743589743585,0.01789529914529914,,8,0.8530587733854432,16
1226.0,0.024839743589743585,0.01789529914529914,,8,0.8530587733854432,16
1227.0,0.024839743589743585,0.01789529914529914,,8,0.8530587733854432,16
1228.0,0.024839743589743585,0.01789529914529914,,8,0.8530587733854432,16
1229.0,0.024839743589743585,0.01789529914529914,,8,0.8530587733854432,16
1230.0,0.024839743589743585,0.01789529914529914,,8,0.8530587733854432,16
1231.0,0.024839743589743585,0.01789529914529914,,8,0.8530587733854432,16
1232.0,0.024839743589743585,0.01789529914529914,,8,0.8530587733854432,16
1233.0,0.024839743589743585,0.01789529914529914,,8,0.8530587733854432,16
1234.0,0.024839743589743585,0.01789529914529914,,8,0.8530587733854432,16
1235.0,0.024839743589743585,0.01789529914529914,,8,0.8530587733854432,16
1236.0,0.024839743589743585,0.01789529914529914,,8,0.8530587733854432,16
1237.0,0.024839743589743585,0.01789529914529914,,8,0.8530587733854432,16
1238.0,0.024839743589743585,0.01789529914529914,,8,0.8530587733854432,16
1239.0,0.024839743589743585,0.01789529914529914,,8,0.8530587733854432,16
1240.0,0.024839743589743585,0.01789529914529914,,8,0.8530587733854432,16
1241.0,0.024839743589743585,0.01789529914529914,,8,0.8530587733854432,16
1242.0,0.024839743589743585,0.01789529914529914,,8,0.8530587733854432,16
1243.0,0.024839743589743585,0.01789529914529914,,8,0.8530587733854432,16
1244.0,0.024839743589743585,0.01789529914529914,,8,0.8530587733854432,16
1245.0,0.024839743589743585,0.01789529914529914,,8,0.8530587733854432,16
1246.0,0.024839743589743585,0.01789529914529914,,8,0.8530587733854432,16
1247.0,0.024839743589743585,0.01789529914529914,,8,0.8530587733854432,16
1248.0,0.024839743589743585,0.01789529914529914,,8,0.8530587733854432,16
1249.0,0.024839743589743585,0.01789529914529914,,8,0.8530587733854432,16
1250.0,0.024839743589743585,0.01789529914529914,,8,0.8530587733854432,16
1251.0,0.024839743589743585,0.01789529914529914,,8,0.8530587733854432,16
1252.0,0.024839743589743585,0.01789529914529914,,8,0.8530587733854432,16
1253.0,0.024839743589743585,0.01789529914529914,,8,0.8530587733854432,16
1254.0,0.024839743589743585,0.01789529914529914,,8,0.8530587733854432,16
1255.0,0.024839743589743585,0.01789529914529914,,8,0.8530587733854432,16
1256.0,0.024839743589743585,0.01789529914529914,,8,0.8530587733854432,16
1257.0,0.024839743589743585,0.01789529914529914,,8,0.8530587733854432,16
1258.0,0.024839743589743585,0.01789529914529914,,8,0.8530587733854432,16
1259.0,0.024839743589743585,0.01789529914529914,,8,0.8530587733854432,16
1260.0,0.024839743589743585,0.01789529914529914,,8,0.8530587733854432,16
1261.0,0.024839743589743585,0.01789529914529914,,8,0.8530587733854432,16
1262.0,0.024839743589743585,0.01789529914529914,,8,0.8530587733854432,16
1263.0,0.024839743589743585,0.01789529914529914,,8,0.8530587733854432,16
1264.0,0.024839743589743585,0.01789529914529914,,8,0.8530587733854432,16
1265.0,0.024839743589743585,0.01789529914529914,,8,0.8530587733854432,16
1266.0,0.024839743589743585,0.01789529914529914,,8,0.8530587733854432,16
1267.0,0.024839743589743585,0.01789529914529914,,8,0.8530587733854432,16
1268.0,0.024839743589743585,0.01789529914529914,,8,0.8530587733854432,16
1269.0,0.024839743589743585,0.01789529914529914,,8,0.8530587733854432,16
1270.0,0.024839743589743585,0.01789529914529914,,8,0.8530587733854432,16
1271.0,0.024839743589743585,0.01789529914529914,,8,0.8530587733854432,16
1272.0,0.024839743589743585,0.01789529914529914,,8,0.8530587733854432,16
1273.0,0.024839743589743585,0.01789529914529914,,8,0.8530587733854432,16
1274.0,0.024839743589743585,0.01789529914529914,,8,0.8530587733854432,16
1275.0,0.024839743589743585,0.01789529914529914,,8,0.8530587733854432,16
1276.0,0.024839743589743585,0.01789529914529914,,8,0.8530587733854432,16
1277.0,0.024839743589743585,0.01789529914529914,,8,0.8530587733854432,16
1278.0,0.024839743589743585,0.01789529914529914,,8,0.8530587733854432,16
1279.0,0.024839743589743585,0.01789529914529914,,8,0.8530587733854432,16
1280.0,0.024839743589743585,0.01789529914529914,,8,0.8530587733854432,16
1281.0,0.024839743589743585,0.01789529914529914,,8,0.8530587733854432,16
1282.0,0.024839743589743585,0.01789529914529914,,8,0.8530587733854432,16
1283.0,0.024839743589743585,0.01789529914529914,,8,0.8530587733854432,16
1284.0,0.024839743589743585,0.01789529914529914,,8,0.8530587733854432,16
1285.0,0.024839743589743585,0.01789529914529914,,8,0.8530587733854432,16
1286.0,0.024839743589743585,0.01789529914529914,,8,0.8530587733854432,16
1287.0,0.024839743589743585,0.01789529914529914,,8,0.8530587733854432,16
1288.0,0.024839743589743585,0.01789529914529914,,8,0.8530587733854432,16
1289.0,0.024839743589743585,0.01789529914529914,,8,0.8530587733854432,16
1290.0,0.024839743589743585,0.01789529914529914,,8,0.8530587733854432,16
1291.0,0.024839743589743585,0.01789529914529914,,8,0.8530587733854432,16
1292.0,0.024839743589743585,0.01789529914529914,,8,0.8530587733854432,16
1293.0,0.024839743589743585,0.01789529914529914,,8,0.8530587733854432,16
1294.0,0.024839743589743585,0.01789529914529914,,8,0.8530587733854432,16
1295.0,0.024839743589743585,0.01789529914529914,,8,0.8530587733854432,16
1296.0,0.024839743589743585,0.01789529914529914,,8,0.8530587733854432,16
1297.0,0.024839743589743585,0.01789529914529914,,8,0.8530587733854432,16
1298.0,0.024839743589743585,0.01789529914529914,,8,0.8530587733854432,16
1299.0,0.024839743589743585,0.01789529914529914,,8,0.8530587733854432,16
1300.0,0.024839743589743585,0.01789529914529914,,8,0.8530587733854432,16
1301.0,0.024839743589743585,0.01789529914529914,,8,0.8530587733854432,16
1302.0,0.024839743589743585,0.01789529914529914,,8,0.8530587733854432,16
1303.0,0.024839743589743585,0.01789529914529914,,8,0.8530587733854432,16
1304.0,0.024839743589743585,0.01789529914529914,,8,0.8530587733854432,16
1305.0,0.024839743589743585,0.01789529914529914,,8,0.8530587733854432,16
1306.0,0.024839743589743585,0.01789529914529914,,8,0.8530587733854432,16
1307.0,0.024839743589743585,0.01789529914529914,,8,0.8530587733854432,16
1308.0,0.024839743589743585,0.01789529914529914,,8,0.8530587733854432,16
1309.0,0.024839743589743585,0.01789529914529914,,8,0.8530587733854432,16
1310.0,0.024839743589743585,0.01789529914529914,,8,0.8530587733854432,16
1311.0,0.024839743589743585,0.01789529914529914,,8,0.8530587733854432,16
1312.0,0.024839743589743585,0.01789529914529914,,8,0.8530587733854432,16
1313.0,0.024839743589743585,0.01789529914529914,,8,0.8530587733854432,16
1314.0,0.024839743589743585,0.01789529914529914,,8,0.8530587733854432,16
1315.0,0.024839743589743585,0.01789529914529914,,8,0.8530587733854432,16
1316.0,0.024839743589743585,0.01789529914529914,,8,0.8530587733854432,16
1317.0,0.024839743589743585,0.01789529914529914,,8,0.8530587733854432,16
1318.0,0.024839743589743585,0.01789529914529914,,8,0.8530587733854432,16
1319.0,0.024839743589743585,0.01789529914529914,,8,0.8530587733854432,16
1320.0,0.024839743589743585,0.01789529914529914,,8,0.8530587733854432,16
1321.0,0.024839743589743585,0.01789529914529914,,8,0.8530587733854432,16
1322.0,0.024839743589743585,0.01789529914529914,,8,0.8530587733854432,16
1323.0,0.024839743589743585,0.01789529914529914,,8,0.8530587733854432,16
1324.0,0.024839743589743585,0.01789529914529914,,8,0.8530587733854432,16
1325.0,0.024839743589743585,0.01789529914529914,,8,0.8530587733854432,16
1326.0,0.024839743589743585,0.01789529914529914,,8,0.8530587733854432,16
1327.0,0.024839743589743585,0.01789529914529914,,8,0.8530587733854432,16
1328.0,0.024839743589743585,0.01789529914529914,,8,0.8530587733854432,16
1329.0,0.024839743589743585,0.01789529914529914,,8,0.8530587733854432,16
1330.0,0.024839743589743585,0.01789529914529914,,8,0.8530587733854432,16
1331.0,0.024839743589743585,0.01789529914529914,,8,0.8530587733854432,16
1332.0,0.024839743589743585,0.01789529914529914,,8,0.8530587733854432,16
1333.0,0.024839743589743585,0.01789529914529914,,8,0.8530587733854432,16
1334.0,0.024839743589743585,0.01789529914529914,,8,0.8530587733854432,16
1335.0,0.024839743589743585,0.01789529914529914,,8,0.8530587733854432,16
1336.0,0.024839743589743585,0.01789529914529914,,8,0.8530587733854432,16
1337.0,0.024839743589743585,0.01789529914529914,,8,0.8530587733854432,16
1338.0,0.024839743589743585,0.01789529914529914,,8,0.8530587733854432,16
1339.0,0.024839743589743585,0.01789529914529914,,8,0.8530587733854432,16
1340.0,0.024839743589743585,0.01789529914529914,,8,0.8530587733854432,16
1341.0,0.024839743589743585,0.01789529914529914,,8,0.8530587733854432,16
1342.0,0.024839743589743585,0.01789529914529914,,8,0.8530587733854432,16
1343.0,0.024839743589743585,0.01789529914529914,,8,0.8530587733854432,16
1344.0,0.024839743589743585,0.01789529914529914,,8,0.8530587733854432,16
1345.0,0.024839743589743585,0.01789529914529914,,8,0.8530587733854432,16
1346.0,0.024839743589743585,0.01789529914529914,,8,0.8530587733854432,16
1347.0,0.024839743589743585,0.01789529914529914,,8,0.8530587733854432,16
1348.0,0.024839743589743585,0.01789529914529914,,8,0.8530587733854432,16
1349.0,0.024839743589743585,0.01789529914529914,,8,0.8530587733854432,16
1350.0,0.024839743589743585,0.01789529914529914,,8,0.8530587733854432,16
1351.0,0.024839743589743585,0.01789529914529914,,8,0.8530587733854432,16
1352.0,0.024839743589743585,0.01789529914529914,,8,0.8530587733854432,16
1353.0,0.024839743589743585,0.01789529914529914,,8,0.8530587733854432,16
1354.0,0.024839743589743585,0.01789529914529914,,8,0.8530587733854432,16
1355.0,0.024839743589743585,0.01789529914529914,,8,0.8530587733854432,16
1356.0,0.024839743589743585,0.01789529914529914,,8,0.8530587733854432,16
1357.0,0.024839743589743585,0.01789529914529914,,8,0.8530587733854432,16
1358.0,0.024839743589743585,0.01789529914529914,,8,0.8530587733854432,16
1359.0,0.024839743589743585,0.01789529914529914,,8,0.8530587733854432,16
1360.0,0.024839743589743585,0.01789529914529914,,8,0.8530587733854432,16
1361.0,0.024839743589743585,0.01789529914529914,,8,0.8530587733854432,16
1362.0,0.024839743589743585,0.01789529914529914,,8,0.8530587733854432,16
1363.0,0.024839743589743585,0.01789529914529914,,8,0.8530587733854432,16
1364.0,0.024839743589743585,0.01789529914529914,,8,0.8530587733854432,16
1365.0,0.024839743589743585,0.01789529914529914,,8,0.8530587733854432,16
1366.0,0.024839743589743585,0.01789529914529914,,8,0.8530587733854432,16
1367.0,0.024839743589743585,0.01789529914529914,,8,0.8530587733854432,16
1368.0,0.024839743589743585,0.01789529914529914,,8,0.8530587733854432,16
1369.0,0.024839743589743585,0.01789529914529914,,8,0.8530587733854432,16
1370.0,0.024839743589743585,0.01789529914529914,,8,0.8530587733854432,16
1371.0,0.024839743589743585,0.01789529914529914,,8,0.8530587733854432,16
1372.0,0.024839743589743585,0.01789529914529914,,8,0.8530587733854432,16
1373.0,0.024839743589743585,0.01789529914529914,,8,0.8530587733854432,16
1374.0,0.024839743589743585,0.01789529914529914,,8,0.8530587733854432,16
1375.0,0.024839743589743585,0.01789529914529914,,8,0.8530587733854432,16
1376.0,0.024839743589743585,0.01789529914529914,,8,0.8530587733854432,16
1377.0,0.024839743589743585,0.01789529914529914,,8,0.8530587733854432,16
1378.0,0.024839743589743585,0.01789529914529914,,8,0.8530587733854432,16
1379.0,0.024839743589743585,0.01789529914529914,,8,0.8530587733854432,16
1380.0,0.024839743589743585,0.01789529914529914,,8,0.8530587733854432,16
1381.0,0.024839743589743585,0.01789529914529914,,8,0.8530587733854432,16
1382.0,0.024839743589743585,0.01789529914529914,,8,0.8530587733854432,16
1383.0,0.024839743589743585,0.01789529914529914,,8,0.8530587733854432,16
1384.0,0.024839743589743585,0.01789529914529914,,8,0.8530587733854432,16
1385.0,0.024839743589743585,0.01789529914529914,,8,0.8530587733854432,16
1386.0,0.024839743589743585,0.01789529914529914,,8,0.8530587733854432,16
1387.0,0.024839743589743585,0.01789529914529914,,8,0.8530587733854432,16
1388.0,0.024839743589743585,0.01789529914529914,,8,0.8530587733854432,16
1389.0,0.024839743589743585,0.01789529914529914,,8,0.8530587733854432,16
1390.0,0.024839743589743585,0.01789529914529914,,8,0.8530587733854432,16
1391.0,0.024839743589743585,0.01789529914529914,,8,0.8530587733854432,16
1392.0,0.024839743589743585,0.01789529914529914,,8,0.8530587733854432,16
1393.0,0.024839743589743585,0.01789529914529914,,8,0.8530587733854432,16
1394.0,0.024839743589743585,0.01789529914529914,,8,0.8530587733854432,16
1395.0,0.024839743589743585,0.01789529914529914,,8,0.8530587733854432,16
1396.0,0.024839743589743585,0.01789529914529914,,8,0.8530587733854432,16
1397.0,0.024839743589743585,0.01789529914529914,,8,0.8530587733854432,16
1398.0,0.024839743589743585,0.01789529914529914,,8,0.8530587733854432,16
1399.0,0.024839743589743585,0.01789529914529914,,8,0.8530587733854432,16
1400.0,0.024839743589743585,0.01789529914529914,,8,0.8530587733854432,16
1401.0,0.024839743589743585,0.01789529914529914,,8,0.8530587733854432,16
1402.0,0.024839743589743585,0.01789529914529914,,8,0.8530587733854432,16
1403.0,0.024839743589743585,0.01789529914529914,,8,0.8530587733854432,16
1404.0,0.024839743589743585,0.01789529914529914,,8,0.8530587733854432,16
1405.0,0.024839743589743585,0.01789529914529914,,8,0.8530587733854432,16
1406.0,0.024839743589743585,0.01789529914529914,,8,0.8530587733854432,16
1407.0,0.024839743589743585,0.01789529914529914,,8,0.8530587733854432,16
1408.0,0.024839743589743585,0.01789529914529914,,8,0.8530587733854432,16
1409.0,0.024839743589743585,0.01789529914529914,,8,0.8530587733854432,16
1410.0,0.024839743589743585,0.01789529914529914,,8,0.8530587733854432,16
1411.0,0.024839743589743585,0.01789529914529914,,8,0.8530587733854432,16
1412.0,0.024839743589743585,0.01789529914529914,,8,0.8530587733854432,16
1413.0,0.024839743589743585,0.01789529914529914,,8,0.8530587733854432,16
1414.0,0.024839743589743585,0.01789529914529914,,8,0.8530587733854432,16
1415.0,0.024839743589743585,0.01789529914529914,,8,0.8530587733854432,16
1416.0,0.024839743589743585,0.01789529914529914,,8,0.8530587733854432,16
1417.0,0.024839743589743585,0.01789529914529914,,8,0.8530587733854432,16
1418.0,0.024839743589743585,0.01789529914529914,,8,0.8530587733854432,16
1419.0,0.024839743589743585,0.01789529914529914,,8,0.8530587733854432,16
1420.0,0.024839743589743585,0.01789529914529914,,8,0.8530587733854432,16
1421.0,0.024839743589743585,0.01789529914529914,,8,0.8530587733854432,16
1422.0,0.024839743589743585,0.01789529914529914,,8,0.8530587733854432,16
1423.0,0.024839743589743585,0.01789529914529914,,8,0.8530587733854432,16
1424.0,0.024839743589743585,0.01789529914529914,,8,0.8530587733854432,16
1425.0,0.024839743589743585,0.01789529914529914,,8,0.8530587733854432,16
1426.0,0.024839743589743585,0.01789529914529914,,8,0.8530587733854432,16
1427.0,0.024839743589743585,0.01789529914529914,,8,0.8530587733854432,16
1428.0,0.024839743589743585,0.01789529914529914,,8,0.8530587733854432,16
1429.0,0.024839743589743585,0.01789529914529914,,8,0.8530587733854432,16
1430.0,0.024839743589743585,0.01789529914529914,,8,0.8530587733854432,16
1431.0,0.024839743589743585,0.01789529914529914,,8,0.8530587733854432,16
1432.0,0.024839743589743585,0.01789529914529914,,8,0.8530587733854432,16
1433.0,0.024839743589743585,0.01789529914529914,,8,0.8530587733854432,16
1434.0,0.024839743589743585,0.01789529914529914,,8,0.8530587733854432,16
1435.0,0.024839743589743585,0.01789529914529914,,8,0.8530587733854432,16
1436.0,0.024839743589743585,0.01789529914529914,,8,0.8530587733854432,16
1437.0,0.024839743589743585,0.01789529914529914,,8,0.8530587733854432,16
1438.0,0.024839743589743585,0.01789529914529914,,8,0.8530587733854432,16
1439.0,0.024839743589743585,0.01789529914529914,,8,0.8530587733854432,16
1440.0,0.024839743589743585,0.01789529914529914,,8,0.8530587733854432,16
1441.0,0.024839743589743585,0.01789529914529914,,8,0.8530587733854432,16
1442.0,0.024839743589743585,0.01789529914529914,,8,0.8530587733854432,16
1443.0,0.024839743589743585,0.01789529914529914,,8,0.8530587733854432,16
1444.0,0.024839743589743585,0.01789529914529914,,8,0.8530587733854432,16
1445.0,0.024839743589743585,0.01789529914529914,,8,0.8530587733854432,16
1446.0,0.024839743589743585,0.01789529914529914,,8,0.8530587733854432,16
1447.0,0.024839743589743585,0.01789529914529914,,8,0.8530587733854432,16
1448.0,0.024839743589743585,0.01789529914529914,,8,0.8530587733854432,16
1449.0,0.024839743589743585,0.01789529914529914,,8,0.8530587733854432,16
1450.0,0.024839743589743585,0.01789529914529914,,8,0.8530587733854432,16
1451.0,0.024839743589743585,0.01789529914529914,,8,0.8530587733854432,16
1452.0,0.024839743589743585,0.01789529914529914,,8,0.8530587733854432,16
1453.0,0.024839743589743585,0.01789529914529914,,8,0.8530587733854432,16
1454.0,0.024839743589743585,0.01789529914529914,,8,0.8530587733854432,16
1455.0,0.024839743589743585,0.01789529914529914,,8,0.8530587733854432,16
1456.0,0.024839743589743585,0.01789529914529914,,8,0.8530587733854432,16
1457.0,0.024839743589743585,0.01789529914529914,,8,0.8530587733854432,16
1458.0,0.024839743589743585,0.01789529914529914,,8,0.8530587733854432,16
1459.0,0.024839743589743585,0.01789529914529914,,8,0.8530587733854432,16
1460.0,0.024839743589743585,0.01789529914529914,,8,0.8530587733854432,16
1461.0,0.024839743589743585,0.01789529914529914,,8,0.8530587733854432,16
1462.0,0.024839743589743585,0.01789529914529914,,8,0.8530587733854432,16
1463.0,0.024839743589743585,0.01789529914529914,,8,0.8530587733854432,16
1464.0,0.024839743589743585,0.01789529914529914,,8,0.8530587733854432,16
1465.0,0.024839743589743585,0.01789529914529914,,8,0.8530587733854432,16
1466.0,0.024839743589743585,0.01789529914529914,,8,0.8530587733854432,16
1467.0,0.024839743589743585,0.01789529914529914,,8,0.8530587733854432,16
1468.0,0.024839743589743585,0.01789529914529914,,8,0.8530587733854432,16
1469.0,0.024839743589743585,0.01789529914529914,,8,0.8530587733854432,16
1470.0,0.024839743589743585,0.01789529914529914,,8,0.8530587733854432,16
1471.0,0.024839743589743585,0.01789529914529914,,8,0.8530587733854432,16
1472.0,0.024839743589743585,0.01789529914529914,,8,0.8530587733854432,16
1473.0,0.024839743589743585,0.01789529914529914,,8,0.8530587733854432,16
1474.0,0.024839743589743585,0.01789529914529914,,8,0.8530587733854432,16
1475.0,0.024839743589743585,0.01789529914529914,,8,0.8530587733854432,16
1476.0,0.024839743589743585,0.01789529914529914,,8,0.8530587733854432,16
1477.0,0.024839743589743585,0.01789529914529914,,8,0.8530587733854432,16
1478.0,0.024839743589743585,0.01789529914529914,,8,0.8530587733854432,16
1479.0,0.024839743589743585,0.01789529914529914,,8,0.8530587733854432,16
1480.0,0.024839743589743585,0.01789529914529914,,8,0.8530587733854432,16
1481.0,0.024839743589743585,0.01789529914529914,,8,0.8530587733854432,16
1482.0,0.024839743589743585,0.01789529914529914,,8,0.8530587733854432,16
1483.0,0.024839743589743585,0.01789529914529914,,8,0.8530587733854432,16
1484.0,0.024839743589743585,0.01789529914529914,,8,0.8530587733854432,16
1485.0,0.024839743589743585,0.01789529914529914,,8,0.8530587733854432,16
1486.0,0.024839743589743585,0.01789529914529914,,8,0.8530587733854432,16
1487.0,0.024839743589743585,0.01789529914529914,,8,0.8530587733854432,16
1488.0,0.024839743589743585,0.01789529914529914,,8,0.8530587733854432,16
1489.0,0.024839743589743585,0.01789529914529914,,8,0.8530587733854432,16
1490.0,0.024839743589743585,0.01789529914529914,,8,0.8530587733854432,16
1491.0,0.024839743589743585,0.01789529914529914,,8,0.8530587733854432,16
1492.0,0.024839743589743585,0.01789529914529914,,8,0.8530587733854432,16
1493.0,0.024839743589743585,0.01789529914529914,,8,0.8530587733854432,16
1494.0,0.024839743589743585,0.01789529914529914,,8,0.8530587733854432,16
1495.0,0.024839743589743585,0.01789529914529914,,8,0.8530587733854432,16
1496.0,0.024839743589743585,0.01789529914529914,,8,0.8530587733854432,16
1497.0,0.024839743589743585,0.01789529914529914,,8,0.8530587733854432,16
1498.0,0.024839743589743585,0.01789529914529914,,8,0.8530587733854432,16
1499.0,0.024839743589743585,0.01789529914529914,,8,0.8530587733854432,16
1500.0,0.024839743589743585,0.01789529914529914,,8,0.8530587733854432,16
1501.0,0.024839743589743585,0.01789529914529914,,8,0.8530587733854432,16
1502.0,0.024839743589743585,0.01789529914529914,,8,0.8530587733854432,16
1503.0,0.024839743589743585,0.01789529914529914,,8,0.8530587733854432,16
1504.0,0.024839743589743585,0.01789529914529914,,8,0.8530587733854432,16
1505.0,0.024839743589743585,0.01789529914529914,,8,0.8530587733854432,16
1506.0,0.024839743589743585,0.01789529914529914,,8,0.8530587733854432,16
1507.0,0.024839743589743585,0.01789529914529914,,8,0.8530587733854432,16
1508.0,0.024839743589743585,0.01789529914529914,,8,0.8530587733854432,16
1509.0,0.024839743589743585,0.01789529914529914,,8,0.8530587733854432,16
1510.0,0.024839743589743585,0.01789529914529914,,8,0.8530587733854432,16
1511.0,0.024839743589743585,0.01789529914529914,,8,0.8530587733854432,16
1512.0,0.024839743589743585,0.01789529914529914,,8,0.8530587733854432,16
1513.0,0.024839743589743585,0.01789529914529914,,8,0.8530587733854432,16
1514.0,0.024839743589743585,0.01789529914529914,,8,0.8530587733854432,16
1515.0,0.024839743589743585,0.01789529914529914,,8,0.8530587733854432,16
1516.0,0.024839743589743585,0.01789529914529914,,8,0.8530587733854432,16
1517.0,0.024839743589743585,0.01789529914529914,,8,0.8530587733854432,16
1518.0,0.024839743589743585,0.01789529914529914,,8,0.8530587733854432,16
1519.0,0.024839743589743585,0.01789529914529914,,8,0.8530587733854432,16
1520.0,0.024839743589743585,0.01789529914529914,,8,0.8530587733854432,16
1521.0,0.024839743589743585,0.01789529914529914,,8,0.8530587733854432,16
1522.0,0.024839743589743585,0.01789529914529914,,8,0.8530587733854432,16
1523.0,0.024839743589743585,0.01789529914529914,,8,0.8530587733854432,16
1524.0,0.024839743589743585,0.01789529914529914,,8,0.8530587733854432,16
1525.0,0.024839743589743585,0.01789529914529914,,8,0.8530587733854432,16
1526.0,0.024839743589743585,0.01789529914529914,,8,0.8530587733854432,16
1527.0,0.024839743589743585,0.01789529914529914,,8,0.8530587733854432,16
1528.0,0.024839743589743585,0.01789529914529914,,8,0.8530587733854432,16
1529.0,0.024839743589743585,0.01789529914529914,,8,0.8530587733854432,16
1530.0,0.024839743589743585,0.01789529914529914,,8,0.8530587733854432,16
1531.0,0.024839743589743585,0.01789529914529914,,8,0.8530587733854432,16
1532.0,0.024839743589743585,0.01789529914529914,,8,0.8530587733854432,16
1533.0,0.024839743589743585,0.01789529914529914,,8,0.8530587733854432,16
1534.0,0.024839743589743585,0.01789529914529914,,8,0.8530587733854432,16
1535.0,0.024839743589743585,0.01789529914529914,,8,0.8530587733854432,16
1536.0,0.024839743589743585,0.01789529914529914,,8,0.8530587733854432,16
1537.0,0.024839743589743585,0.01789529914529914,,8,0.8530587733854432,16
1538.0,0.024839743589743585,0.01789529914529914,,8,0.8530587733854432,16
1539.0,0.024839743589743585,0.01789529914529914,,8,0.8530587733854432,16
1540.0,0.024839743589743585,0.01789529914529914,,8,0.8530587733854432,16
1541.0,0.024839743589743585,0.01789529914529914,,8,0.8530587733854432,16
1542.0,0.024839743589743585,0.01789529914529914,,8,0.8530587733854432,16
1543.0,0.024839743589743585,0.01789529914529914,,8,0.8530587733854432,16
1544.0,0.024839743589743585,0.01789529914529914,,8,0.8530587733854432,16
1545.0,0.024839743589743585,0.01789529914529914,,8,0.8530587733854432,16
1546.0,0.024839743589743585,0.01789529914529914,,8,0.8530587733854432,16
1547.0,0.024839743589743585,0.01789529914529914,,8,0.8530587733854432,16
1548.0,0.024839743589743585,0.01789529914529914,,8,0.8530587733854432,16
1549.0,0.024839743589743585,0.01789529914529914,,8,0.8530587733854432,16
1550.0,0.024839743589743585,0.01789529914529914,,8,0.8530587733854432,16
1551.0,0.024839743589743585,0.01789529914529914,,8,0.8530587733854432,16
1552.0,0.024839743589743585,0.01789529914529914,,8,0.8530587733854432,16
1553.0,0.024839743589743585,0.01789529914529914,,8,0.8530587733854432,16
1554.0,0.024839743589743585,0.01789529914529914,,8,0.8530587733854432,16
1555.0,0.024839743589743585,0.01789529914529914,,8,0.8530587733854432,16
1556.0,0.024839743589743585,0.01789529914529914,,8,0.8530587733854432,16
1557.0,0.024839743589743585,0.01789529914529914,,8,0.8530587733854432,16
1558.0,0.024839743589743585,0.01789529914529914,,8,0.8530587733854432,16
1559.0,0.024839743589743585,0.01789529914529914,,8,0.8530587733854432,16
1560.0,0.024839743589743585,0.01789529914529914,,8,0.8530587733854432,16
1561.0,0.024839743589743585,0.01789529914529914,,8,0.8530587733854432,16
1562.0,0.024839743589743585,0.01789529914529914,,8,0.8530587733854432,16
1563.0,0.024839743589743585,0.01789529914529914,,8,0.8530587733854432,16
1564.0,0.024839743589743585,0.01789529914529914,,8,0.8530587733854432,16
1565.0,0.024839743589743585,0.01789529914529914,,8,0.8530587733854432,16
1566.0,0.024839743589743585,0.01789529914529914,,8,0.8530587733854432,16
1567.0,0.024839743589743585,0.01789529914529914,,8,0.8530587733854432,16
1568.0,0.024839743589743585,0.01789529914529914,,8,0.8530587733854432,16
1569.0,0.024839743589743585,0.01789529914529914,,8,0.8530587733854432,16
1570.0,0.024839743589743585,0.01789529914529914,,8,0.8530587733854432,16
1571.0,0.024839743589743585,0.01789529914529914,,8,0.8530587733854432,16
1572.0,0.024839743589743585,0.01789529914529914,,8,0.8530587733854432,16
1573.0,0.024839743589743585,0.01789529914529914,,8,0.8530587733854432,16
1574.0,0.024839743589743585,0.01789529914529914,,8,0.8530587733854432,16
1575.0,0.024839743589743585,0.01789529914529914,,8,0.8530587733854432,16
1576.0,0.024839743589743585,0.01789529914529914,,8,0.8530587733854432,16
1577.0,0.024839743589743585,0.01789529914529914,,8,0.8530587733854432,16
1578.0,0.024839743589743585,0.01789529914529914,,8,0.8530587733854432,16
1579.0,0.024839743589743585,0.01789529914529914,,8,0.8530587733854432,16
1580.0,0.024839743589743585,0.01789529914529914,,8,0.8530587733854432,16
1581.0,0.024839743589743585,0.01789529914529914,,8,0.8530587733854432,16
1582.0,0.024839743589743585,0.01789529914529914,,8,0.8530587733854432,16
1583.0,0.024839743589743585,0.01789529914529914,,8,0.8530587733854432,16
1584.0,0.024839743589743585,0.01789529914529914,,8,0.8530587733854432,16
1585.0,0.024839743589743585,0.01789529914529914,,8,0.8530587733854432,16
1586.0,0.024839743589743585,0.01789529914529914,,8,0.8530587733854432,16
1587.0,0.024839743589743585,0.01789529914529914,,8,0.8530587733854432,16
1588.0,0.024839743589743585,0.01789529914529914,,8,0.8530587733854432,16
1589.0,0.024839743589743585,0.01789529914529914,,8,0.8530587733854432,16
1590.0,0.024839743589743585,0.01789529914529914,,8,0.8530587733854432,16
1591.0,0.024839743589743585,0.01789529914529914,,8,0.8530587733854432,16
1592.0,0.024839743589743585,0.01789529914529914,,8,0.8530587733854432,16
1593.0,0.024839743589743585,0.01789529914529914,,8,0.8530587733854432,16
1594.0,0.024839743589743585,0.01789529914529914,,8,0.8530587733854432,16
1595.0,0.024839743589743585,0.01789529914529914,,8,0.8530587733854432,16
1596.0,0.024839743589743585,0.01789529914529914,,8,0.8530587733854432,16
1597.0,0.024839743589743585,0.01789529914529914,,8,0.8530587733854432,16
1598.0,0.024839743589743585,0.01789529914529914,,8,0.8530587733854432,16
1599.0,0.024839743589743585,0.01789529914529914,,8,0.8530587733854432,16
1600.0,0.024839743589743585,0.01789529914529914,,8,0.8530587733854432,16
1601.0,0.024839743589743585,0.01789529914529914,,8,0.8530587733854432,16
1602.0,0.024839743589743585,0.01789529914529914,,8,0.8530587733854432,16
1603.0,0.024839743589743585,0.01789529914529914,,8,0.8530587733854432,16
1604.0,0.024839743589743585,0.01789529914529914,,8,0.8530587733854432,16
1605.0,0.024839743589743585,0.01789529914529914,,8,0.8530587733854432,16
1606.0,0.024839743589743585,0.01789529914529914,,8,0.8530587733854432,16
1607.0,0.024839743589743585,0.01789529914529914,,8,0.8530587733854432,16
1608.0,0.024839743589743585,0.01789529914529914,,8,0.8530587733854432,16
1609.0,0.024839743589743585,0.01789529914529914,,8,0.8530587733854432,16
1610.0,0.024839743589743585,0.01789529914529914,,8,0.8530587733854432,16
1611.0,0.024839743589743585,0.01789529914529914,,8,0.8530587733854432,16
1612.0,0.024839743589743585,0.01789529914529914,,8,0.8530587733854432,16
1613.0,0.024839743589743585,0.01789529914529914,,8,0.8530587733854432,16
1614.0,0.024839743589743585,0.01789529914529914,,8,0.8530587733854432,16
1615.0,0.024839743589743585,0.01789529914529914,,8,0.8530587733854432,16
1616.0,0.024839743589743585,0.01789529914529914,,8,0.8530587733854432,16
1617.0,0.024839743589743585,0.01789529914529914,,8,0.8530587733854432,16
1618.0,0.024839743589743585,0.01789529914529914,,8,0.8530587733854432,16
1619.0,0.024839743589743585,0.01789529914529914,,8,0.8530587733854432,16
1620.0,0.024839743589743585,0.01789529914529914,,8,0.8530587733854432,16
1621.0,0.024839743589743585,0.01789529914529914,,8,0.8530587733854432,16
1622.0,0.024839743589743585,0.01789529914529914,,8,0.8530587733854432,16
1623.0,0.024839743589743585,0.01789529914529914,,8,0.8530587733854432,16
1624.0,0.024839743589743585,0.01789529914529914,,8,0.8530587733854432,16
1625.0,0.024839743589743585,0.01789529914529914,,8,0.8530587733854432,16
1626.0,0.024839743589743585,0.01789529914529914,,8,0.8530587733854432,16
1627.0,0.024839743589743585,0.01789529914529914,,8,0.8530587733854432,16
1628.0,0.024839743589743585,0.01789529914529914,,8,0.8530587733854432,16
1629.0,0.024839743589743585,0.01789529914529914,,8,0.8530587733854432,16
1630.0,0.024839743589743585,0.01789529914529914,,8,0.8530587733854432,16
1631.0,0.024839743589743585,0.01789529914529914,,8,0.8530587733854432,16
1632.0,0.024839743589743585,0.01789529914529914,,8,0.8530587733854432,16
1633.0,0.024839743589743585,0.01789529914529914,,8,0.8530587733854432,16
1634.0,0.024839743589743585,0.01789529914529914,,8,0.8530587733854432,16
1635.0,0.024839743589743585,0.01789529914529914,,8,0.8530587733854432,16
1636.0,0.024839743589743585,0.01789529914529914,,8,0.8530587733854432,16
1637.0,0.024839743589743585,0.01789529914529914,,8,0.8530587733854432,16
1638.0,0.024839743589743585,0.01789529914529914,,8,0.8530587733854432,16
1639.0,0.024839743589743585,0.01789529914529914,,8,0.8530587733854432,16
1640.0,0.024839743589743585,0.01789529914529914,,8,0.8530587733854432,16
1641.0,0.024839743589743585,0.01789529914529914,,8,0.8530587733854432,16
1642.0,0.024839743589743585,0.01789529914529914,,8,0.8530587733854432,16
1643.0,0.024839743589743585,0.01789529914529914,,8,0.8530587733854432,16
1644.0,0.024839743589743585,0.01789529914529914,,8,0.8530587733854432,16
1645.0,0.024839743589743585,0.01789529914529914,,8,0.8530587733854432,16
1646.0,0.024839743589743585,0.01789529914529914,,8,0.8530587733854432,16
1647.0,0.024839743589743585,0.01789529914529914,,8,0.8530587733854432,16
1648.0,0.024839743589743585,0.01789529914529914,,8,0.8530587733854432,16
1649.0,0.024839743589743585,0.01789529914529914,,8,0.8530587733854432,16
1650.0,0.024839743589743585,0.01789529914529914,,8,0.8530587733854432,16
1651.0,0.024839743589743585,0.01789529914529914,,8,0.8530587733854432,16
1652.0,0.024839743589743585,0.01789529914529914,,8,0.8530587733854432,16
1653.0,0.024839743589743585,0.01789529914529914,,8,0.8530587733854432,16
1654.0,0.024839743589743585,0.01789529914529914,,8,0.8530587733854432,16
1655.0,0.024839743589743585,0.01789529914529914,,8,0.8530587733854432,16
1656.0,0.024839743589743585,0.01789529914529914,,8,0.8530587733854432,16
1657.0,0.024839743589743585,0.01789529914529914,,8,0.8530587733854432,16
1658.0,0.024839743589743585,0.01789529914529914,,8,0.8530587733854432,16
1659.0,0.024839743589743585,0.01789529914529914,,8,0.8530587733854432,16
1660.0,0.024839743589743585,0.01789529914529914,,8,0.8530587733854432,16
1661.0,0.024839743589743585,0.01789529914529914,,8,0.8530587733854432,16
1662.0,0.024839743589743585,0.01789529914529914,,8,0.8530587733854432,16
1663.0,0.024839743589743585,0.01789529914529914,,8,0.8530587733854432,16
1664.0,0.024839743589743585,0.01789529914529914,,8,0.8530587733854432,16
1665.0,0.024839743589743585,0.01789529914529914,,8,0.8530587733854432,16
1666.0,0.024839743589743585,0.01789529914529914,,8,0.8530587733854432,16
1667.0,0.024839743589743585,0.01789529914529914,,8,0.8530587733854432,16
1668.0,0.024839743589743585,0.01789529914529914,,8,0.8530587733854432,16
1669.0,0.024839743589743585,0.01789529914529914,,8,0.8530587733854432,16
1670.0,0.024839743589743585,0.01789529914529914,,8,0.8530587733854432,16
1671.0,0.024839743589743585,0.01789529914529914,,8,0.8530587733854432,16
1672.0,0.024839743589743585,0.01789529914529914,,8,0.8530587733854432,16
1673.0,0.024839743589743585,0.01789529914529914,,8,0.8530587733854432,16
1674.0,0.024839743589743585,0.01789529914529914,,8,0.8530587733854432,16
1675.0,0.024839743589743585,0.01789529914529914,,8,0.8530587733854432,16
1676.0,0.024839743589743585,0.01789529914529914,,8,0.8530587733854432,16
1677.0,0.024839743589743585,0.01789529914529914,,8,0.8530587733854432,16
1678.0,0.024839743589743585,0.01789529914529914,,8,0.8530587733854432,16
1679.0,0.024839743589743585,0.01789529914529914,,8,0.8530587733854432,16
1680.0,0.024839743589743585,0.01789529914529914,,8,0.8530587733854432,16
1681.0,0.024839743589743585,0.01789529914529914,,8,0.8530587733854432,16
1682.0,0.024839743589743585,0.01789529914529914,,8,0.8530587733854432,16
1683.0,0.024839743589743585,0.01789529914529914,,8,0.8530587733854432,16
1684.0,0.024839743589743585,0.01789529914529914,,8,0.8530587733854432,16
1685.0,0.024839743589743585,0.01789529914529914,,8,0.8530587733854432,16
1686.0,0.024839743589743585,0.01789529914529914,,8,0.8530587733854432,16
1687.0,0.024839743589743585,0.01789529914529914,,8,0.8530587733854432,16
1688.0,0.024839743589743585,0.01789529914529914,,8,0.8530587733854432,16
1689.0,0.024839743589743585,0.01789529914529914,,8,0.8530587733854432,16
1690.0,0.024839743589743585,0.01789529914529914,,8,0.8530587733854432,16
1691.0,0.024839743589743585,0.01789529914529914,,8,0.8530587733854432,16
1692.0,0.024839743589743585,0.01789529914529914,,8,0.8530587733854432,16
1693.0,0.024839743589743585,0.01789529914529914,,8,0.8530587733854432,16
1694.0,0.024839743589743585,0.01789529914529914,,8,0.8530587733854432,16
1695.0,0.024839743589743585,0.01789529914529914,,8,0.8530587733854432,16
1696.0,0.024839743589743585,0.01789529914529914,,8,0.8530587733854432,16
1697.0,0.024839743589743585,0.01789529914529914,,8,0.8530587733854432,16
1698.0,0.024839743589743585,0.01789529914529914,,8,0.8530587733854432,16
1699.0,0.024839743589743585,0.01789529914529914,,8,0.8530587733854432,16
1700.0,0.024839743589743585,0.01789529914529914,,8,0.8530587733854432,16
1701.0,0.024839743589743585,0.01789529914529914,,8,0.8530587733854432,16
1702.0,0.024839743589743585,0.01789529914529914,,8,0.8530587733854432,16
1703.0,0.024839743589743585,0.01789529914529914,,8,0.8530587733854432,16
1704.0,0.024839743589743585,0.01789529914529914,,8,0.8530587733854432,16
1705.0,0.024839743589743585,0.01789529914529914,,8,0.8530587733854432,16
1706.0,0.024839743589743585,0.01789529914529914,,8,0.8530587733854432,16
1707.0,0.024839743589743585,0.01789529914529914,,8,0.8530587733854432,16
1708.0,0.024839743589743585,0.01789529914529914,,8,0.8530587733854432,16
1709.0,0.024839743589743585,0.01789529914529914,,8,0.8530587733854432,16
1710.0,0.024839743589743585,0.01789529914529914,,8,0.8530587733854432,16
1711.0,0.024839743589743585,0.01789529914529914,,8,0.8530587733854432,16
1712.0,0.024839743589743585,0.01789529914529914,,8,0.8530587733854432,16
1713.0,0.024839743589743585,0.01789529914529914,,8,0.8530587733854432,16
1714.0,0.024839743589743585,0.01789529914529914,,8,0.8530587733854432,16
1715.0,0.024839743589743585,0.01789529914529914,,8,0.8530587733854432,16
1716.0,0.024839743589743585,0.01789529914529914,,8,0.8530587733854432,16
1717.0,0.024839743589743585,0.01789529914529914,,8,0.8530587733854432,16
1718.0,0.024839743589743585,0.01789529914529914,,8,0.8530587733854432,16
1719.0,0.024839743589743585,0.01789529914529914,,8,0.8530587733854432,16
1720.0,0.024839743589743585,0.01789529914529914,,8,0.8530587733854432,16
1721.0,0.024839743589743585,0.01789529914529914,,8,0.8530587733854432,16
1722.0,0.024839743589743585,0.01789529914529914,,8,0.8530587733854432,16
1723.0,0.024839743589743585,0.01789529914529914,,8,0.8530587733854432,16
1724.0,0.024839743589743585,0.01789529914529914,,8,0.8530587733854432,16
1725.0,0.024839743589743585,0.01789529914529914,,8,0.8530587733854432,16
1726.0,0.024839743589743585,0.01789529914529914,,8,0.8530587733854432,16
1727.0,0.024839743589743585,0.01789529914529914,,8,0.8530587733854432,16
1728.0,0.024839743589743585,0.01789529914529914,,8,0.8530587733854432,16
1729.0,0.024839743589743585,0.01789529914529914,,8,0.8530587733854432,16
1730.0,0.024839743589743585,0.01789529914529914,,8,0.8530587733854432,16
1731.0,0.024839743589743585,0.01789529914529914,,8,0.8530587733854432,16
1732.0,0.024839743589743585,0.01789529914529914,,8,0.8530587733854432,16
1733.0,0.024839743589743585,0.01789529914529914,,8,0.8530587733854432,16
1734.0,0.024839743589743585,0.01789529914529914,,8,0.8530587733854432,16
1735.0,0.024839743589743585,0.01789529914529914,,8,0.8530587733854432,16
1736.0,0.024839743589743585,0.01789529914529914,,8,0.8530587733854432,16
1737.0,0.024839743589743585,0.01789529914529914,,8,0.8530587733854432,16
1738.0,0.024839743589743585,0.01789529914529914,,8,0.8530587733854432,16
1739.0,0.024839743589743585,0.01789529914529914,,8,0.8530587733854432,16
1740.0,0.024839743589743585,0.01789529914529914,,8,0.8530587733854432,16
1741.0,0.024839743589743585,0.01789529914529914,,8,0.8530587733854432,16
1742.0,0.024839743589743585,0.01789529914529914,,8,0.8530587733854432,16
1743.0,0.024839743589743585,0.01789529914529914,,8,0.8530587733854432,16
1744.0,0.024839743589743585,0.01789529914529914,,8,0.8530587733854432,16
1745.0,0.024839743589743585,0.01789529914529914,,8,0.8530587733854432,16
1746.0,0.024839743589743585,0.01789529914529914,,8,0.8530587733854432,16
1747.0,0.024839743589743585,0.01789529914529914,,8,0.8530587733854432,16
1748.0,0.024839743589743585,0.01789529914529914,,8,0.8530587733854432,16
1749.0,0.024839743589743585,0.01789529914529914,,8,0.8530587733854432,16
1750.0,0.024839743589743585,0.01789529914529914,,8,0.8530587733854432,16
1751.0,0.024839743589743585,0.01789529914529914,,8,0.8530587733854432,16
1752.0,0.024839743589743585,0.01789529914529914,,8,0.8530587733854432,16
1753.0,0.024839743589743585,0.01789529914529914,,8,0.8530587733854432,16
1754.0,0.024839743589743585,0.01789529914529914,,8,0.8530587733854432,16
1755.0,0.024839743589743585,0.01789529914529914,,8,0.8530587733854432,16
1756.0,0.024839743589743585,0.01789529914529914,,8,0.8530587733854432,16
1757.0,0.024839743589743585,0.01789529914529914,,8,0.8530587733854432,16
1758.0,0.024839743589743585,0.01789529914529914,,8,0.8530587733854432,16
1759.0,0.024839743589743585,0.01789529914529914,,8,0.8530587733854432,16
1760.0,0.024839743589743585,0.01789529914529914,,8,0.8530587733854432,16
1761.0,0.024839743589743585,0.01789529914529914,,8,0.8530587733854432,16
1762.0,0.024839743589743585,0.01789529914529914,,8,0.8530587733854432,16
1763.0,0.024839743589743585,0.01789529914529914,,8,0.8530587733854432,16
1764.0,0.024839743589743585,0.01789529914529914,,8,0.8530587733854432,16
1765.0,0.024839743589743585,0.01789529914529914,,8,0.8530587733854432,16
1766.0,0.024839743589743585,0.01789529914529914,,8,0.8530587733854432,16
1767.0,0.024839743589743585,0.01789529914529914,,8,0.8530587733854432,16
1768.0,0.024839743589743585,0.01789529914529914,,8,0.8530587733854432,16
1769.0,0.024839743589743585,0.01789529914529914,,8,0.8530587733854432,16
1770.0,0.024839743589743585,0.01789529914529914,,8,0.8530587733854432,16
1771.0,0.024839743589743585,0.01789529914529914,,8,0.8530587733854432,16
1772.0,0.024839743589743585,0.01789529914529914,,8,0.8530587733854432,16
1773.0,0.024839743589743585,0.01789529914529914,,8,0.8530587733854432,16
1774.0,0.024839743589743585,0.01789529914529914,,8,0.8530587733854432,16
1775.0,0.024839743589743585,0.01789529914529914,,8,0.8530587733854432,16
1776.0,0.024839743589743585,0.01789529914529914,,8,0.8530587733854432,16
1777.0,0.024839743589743585,0.01789529914529914,,8,0.8530587733854432,16
1778.0,0.024839743589743585,0.01789529914529914,,8,0.8530587733854432,16
1779.0,0.024839743589743585,0.01789529914529914,,8,0.8530587733854432,16
1780.0,0.024839743589743585,0.01789529914529914,,8,0.8530587733854432,16
1781.0,0.024839743589743585,0.01789529914529914,,8,0.8530587733854432,16
1782.0,0.024839743589743585,0.01789529914529914,,8,0.8530587733854432,16
1783.0,0.024839743589743585,0.01789529914529914,,8,0.8530587733854432,16
1784.0,0.024839743589743585,0.01789529914529914,,8,0.8530587733854432,16
1785.0,0.024839743589743585,0.01789529914529914,,8,0.8530587733854432,16
1786.0,0.024839743589743585,0.01789529914529914,,8,0.8530587733854432,16
1787.0,0.024839743589743585,0.01789529914529914,,8,0.8530587733854432,16
1788.0,0.024839743589743585,0.01789529914529914,,8,0.8530587733854432,16
1789.0,0.024839743589743585,0.01789529914529914,,8,0.8530587733854432,16
1790.0,0.024839743589743585,0.01789529914529914,,8,0.8530587733854432,16
1791.0,0.024839743589743585,0.01789529914529914,,8,0.8530587733854432,16
1792.0,0.024839743589743585,0.01789529914529914,,8,0.8530587733854432,16
1793.0,0.024839743589743585,0.01789529914529914,,8,0.8530587733854432,16
1794.0,0.024839743589743585,0.01789529914529914,,8,0.8530587733854432,16
1795.0,0.024839743589743585,0.01789529914529914,,8,0.8530587733854432,16
1796.0,0.024839743589743585,0.01789529914529914,,8,0.8530587733854432,16
1797.0,0.024839743589743585,0.01789529914529914,,8,0.8530587733854432,16
1798.0,0.024839743589743585,0.01789529914529914,,8,0.8530587733854432,16
1799.0,0.024839743589743585,0.01789529914529914,,8,0.8530587733854432,16
1800.0,0.024839743589743585,0.01789529914529914,,8,0.8530587733854432,16
1801.0,0.024839743589743585,0.01789529914529914,,8,0.8530587733854432,16
1802.0,0.024839743589743585,0.01789529914529914,,8,0.8530587733854432,16
1803.0,0.024839743589743585,0.01789529914529914,,8,0.8530587733854432,16
1804.0,0.024839743589743585,0.01789529914529914,,8,0.8530587733854432,16
1805.0,0.024839743589743585,0.01789529914529914,,8,0.8530587733854432,16
1806.0,0.024839743589743585,0.01789529914529914,,8,0.8530587733854432,16
1807.0,0.024839743589743585,0.01789529914529914,,8,0.8530587733854432,16
1808.0,0.024839743589743585,0.01789529914529914,,8,0.8530587733854432,16
1809.0,0.024839743589743585,0.01789529914529914,,8,0.8530587733854432,16
1810.0,0.024839743589743585,0.01789529914529914,,8,0.8530587733854432,16
1811.0,0.024839743589743585,0.01789529914529914,,8,0.8530587733854432,16
1812.0,0.024839743589743585,0.01789529914529914,,8,0.8530587733854432,16
1813.0,0.024839743589743585,0.01789529914529914,,8,0.8530587733854432,16
1814.0,0.024839743589743585,0.01789529914529914,,8,0.8530587733854432,16
1815.0,0.024839743589743585,0.01789529914529914,,8,0.8530587733854432,16
1816.0,0.024839743589743585,0.01789529914529914,,8,0.8530587733854432,16
1817.0,0.024839743589743585,0.01789529914529914,,8,0.8530587733854432,16
1818.0,0.024839743589743585,0.01789529914529914,,8,0.8530587733854432,16
1819.0,0.024839743589743585,0.01789529914529914,,8,0.8530587733854432,16
1820.0,0.024839743589743585,0.01789529914529914,,8,0.8530587733854432,16
1821.0,0.024839743589743585,0.01789529914529914,,8,0.8530587733854432,16
1822.0,0.024839743589743585,0.01789529914529914,,8,0.8530587733854432,16
1823.0,0.024839743589743585,0.01789529914529914,,8,0.8530587733854432,16
1824.0,0.024839743589743585,0.01789529914529914,,8,0.8530587733854432,16
1825.0,0.024839743589743585,0.01789529914529914,,8,0.8530587733854432,16
1826.0,0.024839743589743585,0.01789529914529914,,8,0.8530587733854432,16
1827.0,0.024839743589743585,0.01789529914529914,,8,0.8530587733854432,16
1828.0,0.024839743589743585,0.01789529914529914,,8,0.8530587733854432,16
1829.0,0.024839743589743585,0.01789529914529914,,8,0.8530587733854432,16
1830.0,0.024839743589743585,0.01789529914529914,,8,0.8530587733854432,16
1831.0,0.024839743589743585,0.01789529914529914,,8,0.8530587733854432,16
1832.0,0.024839743589743585,0.01789529914529914,,8,0.8530587733854432,16
1833.0,0.024839743589743585,0.01789529914529914,,8,0.8530587733854432,16
1834.0,0.024839743589743585,0.01789529914529914,,8,0.8530587733854432,16
1835.0,0.024839743589743585,0.01789529914529914,,8,0.8530587733854432,16
1836.0,0.024839743589743585,0.01789529914529914,,8,0.8530587733854432,16
1837.0,0.024839743589743585,0.01789529914529914,,8,0.8530587733854432,16
1838.0,0.024839743589743585,0.01789529914529914,,8,0.8530587733854432,16
1839.0,0.024839743589743585,0.01789529914529914,,8,0.8530587733854432,16
1840.0,0.024839743589743585,0.01789529914529914,,8,0.8530587733854432,16
1841.0,0.024839743589743585,0.01789529914529914,,8,0.8530587733854432,16
1842.0,0.024839743589743585,0.01789529914529914,,8,0.8530587733854432,16
1843.0,0.024839743589743585,0.01789529914529914,,8,0.8530587733854432,16
1844.0,0.024839743589743585,0.01789529914529914,,8,0.8530587733854432,16
1845.0,0.024839743589743585,0.01789529914529914,,8,0.8530587733854432,16
1846.0,0.024839743589743585,0.01789529914529914,,8,0.8530587733854432,16
1847.0,0.024839743589743585,0.01789529914529914,,8,0.8530587733854432,16
1848.0,0.024839743589743585,0.01789529914529914,,8,0.8530587733854432,16
1849.0,0.024839743589743585,0.01789529914529914,,8,0.8530587733854432,16
1850.0,0.024839743589743585,0.01789529914529914,,8,0.8530587733854432,16
1851.0,0.024839743589743585,0.01789529914529914,,8,0.8530587733854432,16
1852.0,0.024839743589743585,0.01789529914529914,,8,0.8530587733854432,16
1853.0,0.024839743589743585,0.01789529914529914,,8,0.8530587733854432,16
1854.0,0.024839743589743585,0.01789529914529914,,8,0.8530587733854432,16
1855.0,0.024839743589743585,0.01789529914529914,,8,0.8530587733854432,16
1856.0,0.024839743589743585,0.01789529914529914,,8,0.8530587733854432,16
1857.0,0.024839743589743585,0.01789529914529914,,8,0.8530587733854432,16
1858.0,0.024839743589743585,0.01789529914529914,,8,0.8530587733854432,16
1859.0,0.024839743589743585,0.01789529914529914,,8,0.8530587733854432,16
1860.0,0.024839743589743585,0.01789529914529914,,8,0.8530587733854432,16
1861.0,0.024839743589743585,0.01789529914529914,,8,0.8530587733854432,16
1862.0,0.024839743589743585,0.01789529914529914,,8,0.8530587733854432,16
1863.0,0.024839743589743585,0.01789529914529914,,8,0.8530587733854432,16
1864.0,0.024839743589743585,0.01789529914529914,,8,0.8530587733854432,16
1865.0,0.024839743589743585,0.01789529914529914,,8,0.8530587733854432,16
1866.0,0.024839743589743585,0.01789529914529914,,8,0.8530587733854432,16
1867.0,0.024839743589743585,0.01789529914529914,,8,0.8530587733854432,16
1868.0,0.024839743589743585,0.01789529914529914,,8,0.8530587733854432,16
1869.0,0.024839743589743585,0.01789529914529914,,8,0.8530587733854432,16
1870.0,0.024839743589743585,0.01789529914529914,,8,0.8530587733854432,16
1871.0,0.024839743589743585,0.01789529914529914,,8,0.8530587733854432,16
1872.0,0.024839743589743585,0.01789529914529914,,8,0.8530587733854432,16
1873.0,0.024839743589743585,0.01789529914529914,,8,0.8530587733854432,16
1874.0,0.024839743589743585,0.01789529914529914,,8,0.8530587733854432,16
1875.0,0.024839743589743585,0.01789529914529914,,8,0.8530587733854432,16
1876.0,0.024839743589743585,0.01789529914529914,,8,0.8530587733854432,16
1877.0,0.024839743589743585,0.01789529914529914,,8,0.8530587733854432,16
1878.0,0.024839743589743585,0.01789529914529914,,8,0.8530587733854432,16
1879.0,0.024839743589743585,0.01789529914529914,,8,0.8530587733854432,16
1880.0,0.024839743589743585,0.01789529914529914,,8,0.8530587733854432,16
1881.0,0.024839743589743585,0.01789529914529914,,8,0.8530587733854432,16
1882.0,0.024839743589743585,0.01789529914529914,,8,0.8530587733854432,16
1883.0,0.024839743589743585,0.01789529914529914,,8,0.8530587733854432,16
1884.0,0.024839743589743585,0.01789529914529914,,8,0.8530587733854432,16
1885.0,0.024839743589743585,0.01789529914529914,,8,0.8530587733854432,16
1886.0,0.024839743589743585,0.01789529914529914,,8,0.8530587733854432,16
1887.0,0.024839743589743585,0.01789529914529914,,8,0.8530587733854432,16
1888.0,0.024839743589743585,0.01789529914529914,,8,0.8530587733854432,16
1889.0,0.024839743589743585,0.01789529914529914,,8,0.8530587733854432,16
1890.0,0.024839743589743585,0.01789529914529914,,8,0.8530587733854432,16
1891.0,0.024839743589743585,0.01789529914529914,,8,0.8530587733854432,16
1892.0,0.024839743589743585,0.01789529914529914,,8,0.8530587733854432,16
1893.0,0.024839743589743585,0.01789529914529914,,8,0.8530587733854432,16
1894.0,0.024839743589743585,0.01789529914529914,,8,0.8530587733854432,16
1895.0,0.024839743589743585,0.01789529914529914,,8,0.8530587733854432,16
1896.0,0.024839743589743585,0.01789529914529914,,8,0.8530587733854432,16
1897.0,0.024839743589743585,0.01789529914529914,,8,0.8530587733854432,16
1898.0,0.024839743589743585,0.01789529914529914,,8,0.8530587733854432,16
1899.0,0.024839743589743585,0.01789529914529914,,8,0.8530587733854432,16
1900.0,0.024839743589743585,0.01789529914529914,,8,0.8530587733854432,16
1901.0,0.024839743589743585,0.01789529914529914,,8,0.8530587733854432,16
1902.0,0.024839743589743585,0.01789529914529914,,8,0.8530587733854432,16
1903.0,0.024839743589743585,0.01789529914529914,,8,0.8530587733854432,16
1904.0,0.024839743589743585,0.01789529914529914,,8,0.8530587733854432,16
1905.0,0.024839743589743585,0.01789529914529914,,8,0.8530587733854432,16
1906.0,0.024839743589743585,0.01789529914529914,,8,0.8530587733854432,16
1907.0,0.024839743589743585,0.01789529914529914,,8,0.8530587733854432,16
1908.0,0.024839743589743585,0.01789529914529914,,8,0.8530587733854432,16
1909.0,0.024839743589743585,0.01789529914529914,,8,0.8530587733854432,16
1910.0,0.024839743589743585,0.01789529914529914,,8,0.8530587733854432,16
1911.0,0.024839743589743585,0.01789529914529914,,8,0.8530587733854432,16
1912.0,0.024839743589743585,0.01789529914529914,,8,0.8530587733854432,16
1913.0,0.024839743589743585,0.01789529914529914,,8,0.8530587733854432,16
1914.0,0.024839743589743585,0.01789529914529914,,8,0.8530587733854432,16
1915.0,0.024839743589743585,0.01789529914529914,,8,0.8530587733854432,16
1916.0,0.024839743589743585,0.01789529914529914,,8,0.8530587733854432,16
1917.0,0.024839743589743585,0.01789529914529914,,8,0.8530587733854432,16
1918.0,0.024839743589743585,0.01789529914529914,,8,0.8530587733854432,16
1919.0,0.024839743589743585,0.01789529914529914,,8,0.8530587733854432,16
1920.0,0.024839743589743585,0.01789529914529914,,8,0.8530587733854432,16
1921.0,0.024839743589743585,0.01789529914529914,,8,0.8530587733854432,16
1922.0,0.024839743589743585,0.01789529914529914,,8,0.8530587733854432,16
1923.0,0.024839743589743585,0.01789529914529914,,8,0.8530587733854432,16
1924.0,0.024839743589743585,0.01789529914529914,,8,0.8530587733854432,16
1925.0,0.024839743589743585,0.01789529914529914,,8,0.8530587733854432,16
1926.0,0.024839743589743585,0.01789529914529914,,8,0.8530587733854432,16
1927.0,0.024839743589743585,0.01789529914529914,,8,0.8530587733854432,16
1928.0,0.024839743589743585,0.01789529914529914,,8,0.8530587733854432,16
1929.0,0.024839743589743585,0.01789529914529914,,8,0.8530587733854432,16
1930.0,0.024839743589743585,0.01789529914529914,,8,0.8530587733854432,16
1931.0,0.024839743589743585,0.01789529914529914,,8,0.8530587733854432,16
1932.0,0.024839743589743585,0.01789529914529914,,8,0.8530587733854432,16
1933.0,0.024839743589743585,0.01789529914529914,,8,0.8530587733854432,16
1934.0,0.024839743589743585,0.01789529914529914,,8,0.8530587733854432,16
1935.0,0.024839743589743585,0.01789529914529914,,8,0.8530587733854432,16
1936.0,0.024839743589743585,0.01789529914529914,,8,0.8530587733854432,16
1937.0,0.024839743589743585,0.01789529914529914,,8,0.8530587733854432,16
1938.0,0.024839743589743585,0.01789529914529914,,8,0.8530587733854432,16
1939.0,0.024839743589743585,0.01789529914529914,,8,0.8530587733854432,16
1940.0,0.024839743589743585,0.01789529914529914,,8,0.8530587733854432,16
1941.0,0.024839743589743585,0.01789529914529914,,8,0.8530587733854432,16
1942.0,0.024839743589743585,0.01789529914529914,,8,0.8530587733854432,16
1943.0,0.024839743589743585,0.01789529914529914,,8,0.8530587733854432,16
1944.0,0.024839743589743585,0.01789529914529914,,8,0.8530587733854432,16
1945.0,0.024839743589743585,0.01789529914529914,,8,0.8530587733854432,16
1946.0,0.024839743589743585,0.01789529914529914,,8,0.8530587733854432,16
1947.0,0.024839743589743585,0.01789529914529914,,8,0.8530587733854432,16
1948.0,0.024839743589743585,0.01789529914529914,,8,0.8530587733854432,16
1949.0,0.024839743589743585,0.01789529914529914,,8,0.8530587733854432,16
1950.0,0.024839743589743585,0.01789529914529914,,8,0.8530587733854432,16
1951.0,0.024839743589743585,0.01789529914529914,,8,0.8530587733854432,16
1952.0,0.024839743589743585,0.01789529914529914,,8,0.8530587733854432,16
1953.0,0.024839743589743585,0.01789529914529914,,8,0.8530587733854432,16
1954.0,0.024839743589743585,0.01789529914529914,,8,0.8530587733854432,16
1955.0,0.024839743589743585,0.01789529914529914,,8,0.8530587733854432,16
1956.0,0.024839743589743585,0.01789529914529914,,8,0.8530587733854432,16
1957.0,0.024839743589743585,0.01789529914529914,,8,0.8530587733854432,16
1958.0,0.024839743589743585,0.01789529914529914,,8,0.8530587733854432,16
1959.0,0.024839743589743585,0.01789529914529914,,8,0.8530587733854432,16
1960.0,0.024839743589743585,0.01789529914529914,,8,0.8530587733854432,16
1961.0,0.024839743589743585,0.01789529914529914,,8,0.8530587733854432,16
1962.0,0.024839743589743585,0.01789529914529914,,8,0.8530587733854432,16
1963.0,0.024839743589743585,0.01789529914529914,,8,0.8530587733854432,16
1964.0,0.024839743589743585,0.01789529914529914,,8,0.8530587733854432,16
1965.0,0.024839743589743585,0.01789529914529914,,8,0.8530587733854432,16
1966.0,0.024839743589743585,0.01789529914529914,,8,0.8530587733854432,16
1967.0,0.024839743589743585,0.01789529914529914,,8,0.8530587733854432,16
1968.0,0.024839743589743585,0.01789529914529914,,8,0.8530587733854432,16
1969.0,0.024839743589743585,0.01789529914529914,,8,0.8530587733854432,16
1970.0,0.024839743589743585,0.01789529914529914,,8,0.8530587733854432,16
1971.0,0.024839743589743585,0.01789529914529914,,8,0.8530587733854432,16
1972.0,0.024839743589743585,0.01789529914529914,,8,0.8530587733854432,16
1973.0,0.024839743589743585,0.01789529914529914,,8,0.8530587733854432,16
1974.0,0.024839743589743585,0.01789529914529914,,8,0.8530587733854432,16
1975.0,0.024839743589743585,0.01789529914529914,,8,0.8530587733854432,16
1976.0,0.024839743589743585,0.01789529914529914,,8,0.8530587733854432,16
1977.0,0.024839743589743585,0.01789529914529914,,8,0.8530587733854432,16
1978.0,0.024839743589743585,0.01789529914529914,,8,0.8530587733854432,16
1979.0,0.024839743589743585,0.01789529914529914,,8,0.8530587733854432,16
1980.0,0.024839743589743585,0.01789529914529914,,8,0.8530587733854432,16
1981.0,0.024839743589743585,0.01789529914529914,,8,0.8530587733854432,16
1982.0,0.024839743589743585,0.01789529914529914,,8,0.8530587733854432,16
1983.0,0.024839743589743585,0.01789529914529914,,8,0.8530587733854432,16
1984.0,0.024839743589743585,0.01789529914529914,,8,0.8530587733854432,16
1985.0,0.024839743589743585,0.01789529914529914,,8,0.8530587733854432,16
1986.0,0.024839743589743585,0.01789529914529914,,8,0.8530587733854432,16
1987.0,0.024839743589743585,0.01789529914529914,,8,0.8530587733854432,16
1988.0,0.024839743589743585,0.01789529914529914,,8,0.8530587733854432,16
1989.0,0.024839743589743585,0.01789529914529914,,8,0.8530587733854432,16
1990.0,0.024839743589743585,0.01789529914529914,,8,0.8530587733854432,16
1991.0,0.024839743589743585,0.01789529914529914,,8,0.8530587733854432,16
1992.0,0.024839743589743585,0.01789529914529914,,8,0.8530587733854432,16
1993.0,0.024839743589743585,0.01789529914529914,,8,0.8530587733854432,16
1994.0,0.024839743589743585,0.01789529914529914,,8,0.8530587733854432,16
1995.0,0.024839743589743585,0.01789529914529914,,8,0.8530587733854432,16
1996.0,0.024839743589743585,0.01789529914529914,,8,0.8530587733854432,16
1997.0,0.024839743589743585,0.01789529914529914,,8,0.8530587733854432,16
1998.0,0.024839743589743585,0.01789529914529914,,8,0.8530587733854432,16
1999.0,0.024839743589743585,0.01789529914529914,,8,0.8530587733854432,16
2000.0,0.024839743589743585,0.01789529914529914,,8,0.8530587733854432,16
2001.0,0.024839743589743585,0.01789529914529914,,8,0.8530587733854432,16
2002.0,0.024839743589743585,0.01789529914529914,,8,0.8530587733854432,16
2003.0,0.024839743589743585,0.01789529914529914,,8,0.8530587733854432,16
2004.0,0.024839743589743585,0.01789529914529914,,8,0.8530587733854432,16
2005.0,0.024839743589743585,0.01789529914529914,,8,0.8530587733854432,16
2006.0,0.024839743589743585,0.01789529914529914,,8,0.8530587733854432,16
2007.0,0.024839743589743585,0.01789529914529914,,8,0.8530587733854432,16
2008.0,0.024839743589743585,0.01789529914529914,,8,0.8530587733854432,16
2009.0,0.024839743589743585,0.01789529914529914,,8,0.8530587733854432,16
2010.0,0.024839743589743585,0.01789529914529914,,8,0.8530587733854432,16
2011.0,0.024839743589743585,0.01789529914529914,,8,0.8530587733854432,16
2012.0,0.024839743589743585,0.01789529914529914,,8,0.8530587733854432,16
2013.0,0.024839743589743585,0.01789529914529914,,8,0.8530587733854432,16
2014.0,0.024839743589743585,0.01789529914529914,,8,0.8530587733854432,16
2015.0,0.024839743589743585,0.01789529914529914,,8,0.8530587733854432,16
2016.0,0.024839743589743585,0.01789529914529914,,8,0.8530587733854432,16
2017.0,0.024839743589743585,0.01789529914529914,,8,0.8530587733854432,16
2018.0,0.024839743589743585,0.01789529914529914,,8,0.8530587733854432,16
2019.0,0.024839743589743585,0.01789529914529914,,8,0.8530587733854432,16
2020.0,0.024839743589743585,0.01789529914529914,,8,0.8530587733854432,16
2021.0,0.024839743589743585,0.01789529914529914,,8,0.8530587733854432,16
2022.0,0.024839743589743585,0.01789529914529914,,8,0.8530587733854432,16
2023.0,0.024839743589743585,0.01789529914529914,,8,0.8530587733854432,16
2024.0,0.024839743589743585,0.01789529914529914,,8,0.8530587733854432,16
2025.0,0.024839743589743585,0.01789529914529914,,8,0.8530587733854432,16
2026.0,0.024839743589743585,0.01789529914529914,,8,0.8530587733854432,16
2027.0,0.024839743589743585,0.01789529914529914,,8,0.8530587733854432,16
2028.0,0.024839743589743585,0.01789529914529914,,8,0.8530587733854432,16
2029.0,0.024839743589743585,0.01789529914529914,,8,0.8530587733854432,16
2030.0,0.024839743589743585,0.01789529914529914,,8,0.8530587733854432,16
2031.0,0.024839743589743585,0.01789529914529914,,8,0.8530587733854432,16
2032.0,0.024839743589743585,0.01789529914529914,,8,0.8530587733854432,16
2033.0,0.024839743589743585,0.01789529914529914,,8,0.8530587733854432,16
2034.0,0.024839743589743585,0.01789529914529914,,8,0.8530587733854432,16
2035.0,0.024839743589743585,0.01789529914529914,,8,0.8530587733854432,16
2036.0,0.024839743589743585,0.01789529914529914,,8,0.8530587733854432,16
2037.0,0.024839743589743585,0.01789529914529914,,8,0.8530587733854432,16
2038.0,0.024839743589743585,0.01789529914529914,,8,0.8530587733854432,16
2039.0,0.024839743589743585,0.01789529914529914,,8,0.8530587733854432,16
2040.0,0.024839743589743585,0.01789529914529914,,8,0.8530587733854432,16
2041.0,0.024839743589743585,0.01789529914529914,,8,0.8530587733854432,16
2042.0,0.024839743589743585,0.01789529914529914,,8,0.8530587733854432,16
2043.0,0.024839743589743585,0.01789529914529914,,8,0.8530587733854432,16
2044.0,0.024839743589743585,0.01789529914529914,,8,0.8530587733854432,16
2045.0,0.024839743589743585,0.01789529914529914,,8,0.8530587733854432,16
2046.0,0.024839743589743585,0.01789529914529914,,8,0.8530587733854432,16
2047.0,0.024839743589743585,0.01789529914529914,,8,0.8530587733854432,16
2048.0,0.024839743589743585,0.01789529914529914,,8,0.8530587733854432,16
2049.0,0.024839743589743585,0.01789529914529914,,8,0.8530587733854432,16
2050.0,0.024839743589743585,0.01789529914529914,,8,0.8530587733854432,16
2051.0,0.024839743589743585,0.01789529914529914,,8,0.8530587733854432,16
2052.0,0.024839743589743585,0.01789529914529914,,8,0.8530587733854432,16
2053.0,0.024839743589743585,0.01789529914529914,,8,0.8530587733854432,16
2054.0,0.024839743589743585,0.01789529914529914,,8,0.8530587733854432,16
2055.0,0.024839743589743585,0.01789529914529914,,8,0.8530587733854432,16
2056.0,0.024839743589743585,0.01789529914529914,,8,0.8530587733854432,16
2057.0,0.024839743589743585,0.01789529914529914,,8,0.8530587733854432,16
2058.0,0.024839743589743585,0.01789529914529914,,8,0.8530587733854432,16
2059.0,0.024839743589743585,0.01789529914529914,,8,0.8530587733854432,16
2060.0,0.024839743589743585,0.01789529914529914,,8,0.8530587733854432,16
2061.0,0.024839743589743585,0.01789529914529914,,8,0.8530587733854432,16
2062.0,0.024839743589743585,0.01789529914529914,,8,0.8530587733854432,16
2063.0,0.024839743589743585,0.01789529914529914,,8,0.8530587733854432,16
2064.0,0.024839743589743585,0.01789529914529914,,8,0.8530587733854432,16
2065.0,0.024839743589743585,0.01789529914529914,,8,0.8530587733854432,16
2066.0,0.024839743589743585,0.01789529914529914,,8,0.8530587733854432,16
2067.0,0.024839743589743585,0.01789529914529914,,8,0.8530587733854432,16
2068.0,0.024839743589743585,0.01789529914529914,,8,0.8530587733854432,16
2069.0,0.024839743589743585,0.01789529914529914,,8,0.8530587733854432,16
2070.0,0.024839743589743585,0.01789529914529914,,8,0.8530587733854432,16
2071.0,0.024839743589743585,0.01789529914529914,,8,0.8530587733854432,16
2072.0,0.024839743589743585,0.01789529914529914,,8,0.8530587733854432,16
2073.0,0.024839743589743585,0.01789529914529914,,8,0.8530587733854432,16
2074.0,0.024839743589743585,0.01789529914529914,,8,0.8530587733854432,16
2075.0,0.024839743589743585,0.01789529914529914,,8,0.8530587733854432,16
2076.0,0.024839743589743585,0.01789529914529914,,8,0.8530587733854432,16
2077.0,0.024839743589743585,0.01789529914529914,,8,0.8530587733854432,16
2078.0,0.024839743589743585,0.01789529914529914,,8,0.8530587733854432,16
2079.0,0.024839743589743585,0.01789529914529914,,8,0.8530587733854432,16
2080.0,0.024839743589743585,0.01789529914529914,,8,0.8530587733854432,16
2081.0,0.024839743589743585,0.01789529914529914,,8,0.8530587733854432,16
2082.0,0.024839743589743585,0.01789529914529914,,8,0.8530587733854432,16
2083.0,0.024839743589743585,0.01789529914529914,,8,0.8530587733854432,16
2084.0,0.024839743589743585,0.01789529914529914,,8,0.8530587733854432,16
2085.0,0.024839743589743585,0.01789529914529914,,8,0.8530587733854432,16
2086.0,0.024839743589743585,0.01789529914529914,,8,0.8530587733854432,16
2087.0,0.024839743589743585,0.01789529914529914,,8,0.8530587733854432,16
2088.0,0.024839743589743585,0.01789529914529914,,8,0.8530587733854432,16
2089.0,0.024839743589743585,0.01789529914529914,,8,0.8530587733854432,16
2090.0,0.024839743589743585,0.01789529914529914,,8,0.8530587733854432,16
2091.0,0.024839743589743585,0.01789529914529914,,8,0.8530587733854432,16
2092.0,0.024839743589743585,0.01789529914529914,,8,0.8530587733854432,16
2093.0,0.024839743589743585,0.01789529914529914,,8,0.8530587733854432,16
2094.0,0.024839743589743585,0.01789529914529914,,8,0.8530587733854432,16
2095.0,0.024839743589743585,0.01789529914529914,,8,0.8530587733854432,16
2096.0,0.024839743589743585,0.01789529914529914,,8,0.8530587733854432,16
2097.0,0.024839743589743585,0.01789529914529914,,8,0.8530587733854432,16
2098.0,0.024839743589743585,0.01789529914529914,,8,0.8530587733854432,16
2099.0,0.024839743589743585,0.01789529914529914,,8,0.8530587733854432,16
2100.0,0.024839743589743585,0.01789529914529914,,8,0.8530587733854432,16
2101.0,0.024839743589743585,0.01789529914529914,,8,0.8530587733854432,16
2102.0,0.024839743589743585,0.01789529914529914,,8,0.8530587733854432,16
2103.0,0.024839743589743585,0.01789529914529914,,8,0.8530587733854432,16
2104.0,0.024839743589743585,0.01789529914529914,,8,0.8530587733854432,16
2105.0,0.024839743589743585,0.01789529914529914,,8,0.8530587733854432,16
2106.0,0.024839743589743585,0.01789529914529914,,8,0.8530587733854432,16
2107.0,0.024839743589743585,0.01789529914529914,,8,0.8530587733854432,16
2108.0,0.024839743589743585,0.01789529914529914,,8,0.8530587733854432,16
2109.0,0.024839743589743585,0.01789529914529914,,8,0.8530587733854432,16
2110.0,0.024839743589743585,0.01789529914529914,,8,0.8530587733854432,16
2111.0,0.024839743589743585,0.01789529914529914,,8,0.8530587733854432,16
2112.0,0.024839743589743585,0.01789529914529914,,8,0.8530587733854432,16
2113.0,0.024839743589743585,0.01789529914529914,,8,0.8530587733854432,16
2114.0,0.024839743589743585,0.01789529914529914,,8,0.8530587733854432,16
2115.0,0.024839743589743585,0.01789529914529914,,8,0.8530587733854432,16
2116.0,0.024839743589743585,0.01789529914529914,,8,0.8530587733854432,16
2117.0,0.024839743589743585,0.01789529914529914,,8,0.8530587733854432,16
2118.0,0.024839743589743585,0.01789529914529914,,8,0.8530587733854432,16
2119.0,0.024839743589743585,0.01789529914529914,,8,0.8530587733854432,16
2120.0,0.024839743589743585,0.01789529914529914,,8,0.8530587733854432,16
2121.0,0.024839743589743585,0.01789529914529914,,8,0.8530587733854432,16
2122.0,0.024839743589743585,0.01789529914529914,,8,0.8530587733854432,16
2123.0,0.024839743589743585,0.01789529914529914,,8,0.8530587733854432,16
2124.0,0.024839743589743585,0.01789529914529914,,8,0.8530587733854432,16
2125.0,0.024839743589743585,0.01789529914529914,,8,0.8530587733854432,16
2126.0,0.024839743589743585,0.01789529914529914,,8,0.8530587733854432,16
2127.0,0.024839743589743585,0.01789529914529914,,8,0.8530587733854432,16
2128.0,0.024839743589743585,0.01789529914529914,,8,0.8530587733854432,16
2129.0,0.024839743589743585,0.01789529914529914,,8,0.8530587733854432,16
2130.0,0.024839743589743585,0.01789529914529914,,8,0.8530587733854432,16
2131.0,0.024839743589743585,0.01789529914529914,,8,0.8530587733854432,16
2132.0,0.024839743589743585,0.01789529914529914,,8,0.8530587733854432,16
2133.0,0.024839743589743585,0.01789529914529914,,8,0.8530587733854432,16
2134.0,0.024839743589743585,0.01789529914529914,,8,0.8530587733854432,16
2135.0,0.024839743589743585,0.01789529914529914,,8,0.8530587733854432,16
2136.0,0.024839743589743585,0.01789529914529914,,8,0.8530587733854432,16
2137.0,0.024839743589743585,0.01789529914529914,,8,0.8530587733854432,16
2138.0,0.024839743589743585,0.01789529914529914,,8,0.8530587733854432,16
2139.0,0.024839743589743585,0.01789529914529914,,8,0.8530587733854432,16
2140.0,0.024839743589743585,0.01789529914529914,,8,0.8530587733854432,16
2141.0,0.024839743589743585,0.01789529914529914,,8,0.8530587733854432,16
2142.0,0.024839743589743585,0.01789529914529914,,8,0.8530587733854432,16
2143.0,0.024839743589743585,0.01789529914529914,,8,0.8530587733854432,16
2144.0,0.024839743589743585,0.01789529914529914,,8,0.8530587733854432,16
2145.0,0.024839743589743585,0.01789529914529914,,8,0.8530587733854432,16
2146.0,0.024839743589743585,0.01789529914529914,,8,0.8530587733854432,16
2147.0,0.024839743589743585,0.01789529914529914,,8,0.8530587733854432,16
2148.0,0.024839743589743585,0.01789529914529914,,8,0.8530587733854432,16
2149.0,0.024839743589743585,0.01789529914529914,,8,0.8530587733854432,16
2150.0,0.024839743589743585,0.01789529914529914,,8,0.8530587733854432,16
2151.0,0.024839743589743585,0.01789529914529914,,8,0.8530587733854432,16
2152.0,0.024839743589743585,0.01789529914529914,,8,0.8530587733854432,16
2153.0,0.024839743589743585,0.01789529914529914,,8,0.8530587733854432,16
2154.0,0.024839743589743585,0.01789529914529914,,8,0.8530587733854432,16
2155.0,0.024839743589743585,0.01789529914529914,,8,0.8530587733854432,16
2156.0,0.024839743589743585,0.01789529914529914,,8,0.8530587733854432,16
2157.0,0.024839743589743585,0.01789529914529914,,8,0.8530587733854432,16
2158.0,0.024839743589743585,0.01789529914529914,,8,0.8530587733854432,16
2159.0,0.024839743589743585,0.01789529914529914,,8,0.8530587733854432,16
2160.0,0.024839743589743585,0.01789529914529914,,8,0.8530587733854432,16
2161.0,0.024839743589743585,0.01789529914529914,,8,0.8530587733854432,16
2162.0,0.024839743589743585,0.01789529914529914,,8,0.8530587733854432,16
2163.0,0.024839743589743585,0.01789529914529914,,8,0.8530587733854432,16
2164.0,0.024839743589743585,0.01789529914529914,,8,0.8530587733854432,16
2165.0,0.024839743589743585,0.01789529914529914,,8,0.8530587733854432,16
2166.0,0.024839743589743585,0.01789529914529914,,8,0.8530587733854432,16
2167.0,0.024839743589743585,0.01789529914529914,,8,0.8530587733854432,16
2168.0,0.024839743589743585,0.01789529914529914,,8,0.8530587733854432,16
2169.0,0.024839743589743585,0.01789529914529914,,8,0.8530587733854432,16
2170.0,0.024839743589743585,0.01789529914529914,,8,0.8530587733854432,16
2171.0,0.024839743589743585,0.01789529914529914,,8,0.8530587733854432,16
2172.0,0.024839743589743585,0.01789529914529914,,8,0.8530587733854432,16
2173.0,0.024839743589743585,0.01789529914529914,,8,0.8530587733854432,16
2174.0,0.024839743589743585,0.01789529914529914,,8,0.8530587733854432,16
2175.0,0.024839743589743585,0.01789529914529914,,8,0.8530587733854432,16
2176.0,0.024839743589743585,0.01789529914529914,,8,0.8530587733854432,16
2177.0,0.024839743589743585,0.01789529914529914,,8,0.8530587733854432,16
2178.0,0.024839743589743585,0.01789529914529914,,8,0.8530587733854432,16
2179.0,0.024839743589743585,0.01789529914529914,,8,0.8530587733854432,16
2180.0,0.024839743589743585,0.01789529914529914,,8,0.8530587733854432,16
2181.0,0.024839743589743585,0.01789529914529914,,8,0.8530587733854432,16
2182.0,0.024839743589743585,0.01789529914529914,,8,0.8530587733854432,16
2183.0,0.024839743589743585,0.01789529914529914,,8,0.8530587733854432,16
2184.0,0.024839743589743585,0.01789529914529914,,8,0.8530587733854432,16
2185.0,0.024839743589743585,0.01789529914529914,,8,0.8530587733854432,16
2186.0,0.024839743589743585,0.01789529914529914,,8,0.8530587733854432,16
2187.0,0.024839743589743585,0.01789529914529914,,8,0.8530587733854432,16
2188.0,0.024839743589743585,0.01789529914529914,,8,0.8530587733854432,16
2189.0,0.024839743589743585,0.01789529914529914,,8,0.8530587733854432,16
2190.0,0.024839743589743585,0.01789529914529914,,8,0.8530587733854432,16
2191.0,0.024839743589743585,0.01789529914529914,,8,0.8530587733854432,16
2192.0,0.024839743589743585,0.01789529914529914,,8,0.8530587733854432,16
2193.0,0.024839743589743585,0.01789529914529914,,8,0.8530587733854432,16
2194.0,0.024839743589743585,0.01789529914529914,,8,0.8530587733854432,16
2195.0,0.024839743589743585,0.01789529914529914,,8,0.8530587733854432,16
2196.0,0.024839743589743585,0.01789529914529914,,8,0.8530587733854432,16
2197.0,0.024839743589743585,0.01789529914529914,,8,0.8530587733854432,16
2198.0,0.024839743589743585,0.01789529914529914,,8,0.8530587733854432,16
2199.0,0.024839743589743585,0.01789529914529914,,8,0.8530587733854432,16
2200.0,0.024839743589743585,0.01789529914529914,,8,0.8530587733854432,16
2201.0,0.024839743589743585,0.01789529914529914,,8,0.8530587733854432,16
2202.0,0.024839743589743585,0.01789529914529914,,8,0.8530587733854432,16
2203.0,0.024839743589743585,0.01789529914529914,,8,0.8530587733854432,16
2204.0,0.024839743589743585,0.01789529914529914,,8,0.8530587733854432,16
2205.0,0.024839743589743585,0.01789529914529914,,8,0.8530587733854432,16
2206.0,0.024839743589743585,0.01789529914529914,,8,0.8530587733854432,16
2207.0,0.024839743589743585,0.01789529914529914,,8,0.8530587733854432,16
2208.0,0.024839743589743585,0.01789529914529914,,8,0.8530587733854432,16
2209.0,0.024839743589743585,0.01789529914529914,,8,0.8530587733854432,16
2210.0,0.024839743589743585,0.01789529914529914,,8,0.8530587733854432,16
2211.0,0.024839743589743585,0.01789529914529914,,8,0.8530587733854432,16
2212.0,0.024839743589743585,0.01789529914529914,,8,0.8530587733854432,16
2213.0,0.024839743589743585,0.01789529914529914,,8,0.8530587733854432,16
2214.0,0.024839743589743585,0.01789529914529914,,8,0.8530587733854432,16
2215.0,0.024839743589743585,0.01789529914529914,,8,0.8530587733854432,16
2216.0,0.024839743589743585,0.01789529914529914,,8,0.8530587733854432,16
2217.0,0.024839743589743585,0.01789529914529914,,8,0.8530587733854432,16
2218.0,0.024839743589743585,0.01789529914529914,,8,0.8530587733854432,16
2219.0,0.024839743589743585,0.01789529914529914,,8,0.8530587733854432,16
2220.0,0.024839743589743585,0.01789529914529914,,8,0.8530587733854432,16
2221.0,0.024839743589743585,0.01789529914529914,,8,0.8530587733854432,16
2222.0,0.024839743589743585,0.01789529914529914,,8,0.8530587733854432,16
2223.0,0.024839743589743585,0.01789529914529914,,8,0.8530587733854432,16
2224.0,0.024839743589743585,0.01789529914529914,,8,0.8530587733854432,16
2225.0,0.024839743589743585,0.01789529914529914,,8,0.8530587733854432,16
2226.0,0.024839743589743585,0.01789529914529914,,8,0.8530587733854432,16
2227.0,0.024839743589743585,0.01789529914529914,,8,0.8530587733854432,16
2228.0,0.024839743589743585,0.01789529914529914,,8,0.8530587733854432,16
2229.0,0.024839743589743585,0.01789529914529914,,8,0.8530587733854432,16
2230.0,0.024839743589743585,0.01789529914529914,,8,0.8530587733854432,16
2231.0,0.024839743589743585,0.01789529914529914,,8,0.8530587733854432,16
2232.0,0.024839743589743585,0.01789529914529914,,8,0.8530587733854432,16
2233.0,0.024839743589743585,0.01789529914529914,,8,0.8530587733854432,16
2234.0,0.024839743589743585,0.01789529914529914,,8,0.8530587733854432,16
2235.0,0.024839743589743585,0.01789529914529914,,8,0.8530587733854432,16
2236.0,0.024839743589743585,0.01789529914529914,,8,0.8530587733854432,16
2237.0,0.024839743589743585,0.01789529914529914,,8,0.8530587733854432,16
2238.0,0.024839743589743585,0.01789529914529914,,8,0.8530587733854432,16
2239.0,0.024839743589743585,0.01789529914529914,,8,0.8530587733854432,16
2240.0,0.024839743589743585,0.01789529914529914,,8,0.8530587733854432,16
2241.0,0.024839743589743585,0.01789529914529914,,8,0.8530587733854432,16
2242.0,0.024839743589743585,0.01789529914529914,,8,0.8530587733854432,16
2243.0,0.024839743589743585,0.01789529914529914,,8,0.8530587733854432,16
2244.0,0.024839743589743585,0.01789529914529914,,8,0.8530587733854432,16
2245.0,0.024839743589743585,0.01789529914529914,,8,0.8530587733854432,16
2246.0,0.024839743589743585,0.01789529914529914,,8,0.8530587733854432,16
2247.0,0.024839743589743585,0.01789529914529914,,8,0.8530587733854432,16
2248.0,0.024839743589743585,0.01789529914529914,,8,0.8530587733854432,16
2249.0,0.024839743589743585,0.01789529914529914,,8,0.8530587733854432,16
2250.0,0.024839743589743585,0.01789529914529914,,8,0.8530587733854432,16
2251.0,0.024839743589743585,0.01789529914529914,,8,0.8530587733854432,16
2252.0,0.024839743589743585,0.01789529914529914,,8,0.8530587733854432,16
2253.0,0.024839743589743585,0.01789529914529914,,8,0.8530587733854432,16
2254.0,0.024839743589743585,0.01789529914529914,,8,0.8530587733854432,16
2255.0,0.024839743589743585,0.01789529914529914,,8,0.8530587733854432,16
2256.0,0.024839743589743585,0.01789529914529914,,8,0.8530587733854432,16
2257.0,0.024839743589743585,0.01789529914529914,,8,0.8530587733854432,16
2258.0,0.024839743589743585,0.01789529914529914,,8,0.8530587733854432,16
2259.0,0.024839743589743585,0.01789529914529914,,8,0.8530587733854432,16
2260.0,0.024839743589743585,0.01789529914529914,,8,0.8530587733854432,16
2261.0,0.024839743589743585,0.01789529914529914,,8,0.8530587733854432,16
2262.0,0.024839743589743585,0.01789529914529914,,8,0.8530587733854432,16
2263.0,0.024839743589743585,0.01789529914529914,,8,0.8530587733854432,16
2264.0,0.024839743589743585,0.01789529914529914,,8,0.8530587733854432,16
2265.0,0.024839743589743585,0.01789529914529914,,8,0.8530587733854432,16
2266.0,0.024839743589743585,0.01789529914529914,,8,0.8530587733854432,16
2267.0,0.024839743589743585,0.01789529914529914,,8,0.8530587733854432,16
2268.0,0.024839743589743585,0.01789529914529914,,8,0.8530587733854432,16
2269.0,0.024839743589743585,0.01789529914529914,,8,0.8530587733854432,16
2270.0,0.024839743589743585,0.01789529914529914,,8,0.8530587733854432,16
2271.0,0.024839743589743585,0.01789529914529914,,8,0.8530587733854432,16
2272.0,0.024839743589743585,0.01789529914529914,,8,0.8530587733854432,16
2273.0,0.024839743589743585,0.01789529914529914,,8,0.8530587733854432,16
2274.0,0.024839743589743585,0.01789529914529914,,8,0.8530587733854432,16
2275.0,0.024839743589743585,0.01789529914529914,,8,0.8530587733854432,16
2276.0,0.024839743589743585,0.01789529914529914,,8,0.8530587733854432,16
2277.0,0.024839743589743585,0.01789529914529914,,8,0.8530587733854432,16
2278.0,0.024839743589743585,0.01789529914529914,,8,0.8530587733854432,16
2279.0,0.024839743589743585,0.01789529914529914,,8,0.8530587733854432,16
2280.0,0.024839743589743585,0.01789529914529914,,8,0.8530587733854432,16
2281.0,0.024839743589743585,0.01789529914529914,,8,0.8530587733854432,16
2282.0,0.024839743589743585,0.01789529914529914,,8,0.8530587733854432,16
2283.0,0.024839743589743585,0.01789529914529914,,8,0.8530587733854432,16
2284.0,0.024839743589743585,0.01789529914529914,,8,0.8530587733854432,16
2285.0,0.024839743589743585,0.01789529914529914,,8,0.8530587733854432,16
2286.0,0.024839743589743585,0.01789529914529914,,8,0.8530587733854432,16
2287.0,0.024839743589743585,0.01789529914529914,,8,0.8530587733854432,16
2288.0,0.024839743589743585,0.01789529914529914,,8,0.8530587733854432,16
2289.0,0.024839743589743585,0.01789529914529914,,8,0.8530587733854432,16
2290.0,0.024839743589743585,0.01789529914529914,,8,0.8530587733854432,16
2291.0,0.024839743589743585,0.01789529914529914,,8,0.8530587733854432,16
2292.0,0.024839743589743585,0.01789529914529914,,8,0.8530587733854432,16
2293.0,0.024839743589743585,0.01789529914529914,,8,0.8530587733854432,16
2294.0,0.024839743589743585,0.01789529914529914,,8,0.8530587733854432,16
2295.0,0.024839743589743585,0.01789529914529914,,8,0.8530587733854432,16
2296.0,0.024839743589743585,0.01789529914529914,,8,0.8530587733854432,16
2297.0,0.024839743589743585,0.01789529914529914,,8,0.8530587733854432,16
2298.0,0.024839743589743585,0.01789529914529914,,8,0.8530587733854432,16
2299.0,0.024839743589743585,0.01789529914529914,,8,0.8530587733854432,16
2300.0,0.024839743589743585,0.01789529914529914,,8,0.8530587733854432,16
2301.0,0.024839743589743585,0.01789529914529914,,8,0.8530587733854432,16
2302.0,0.024839743589743585,0.01789529914529914,,8,0.8530587733854432,16
2303.0,0.024839743589743585,0.01789529914529914,,8,0.8530587733854432,16
2304.0,0.024839743589743585,0.01789529914529914,,8,0.8530587733854432,16
2305.0,0.024839743589743585,0.01789529914529914,,8,0.8530587733854432,16
2306.0,0.024839743589743585,0.01789529914529914,,8,0.8530587733854432,16
2307.0,0.024839743589743585,0.01789529914529914,,8,0.8530587733854432,16
2308.0,0.024839743589743585,0.01789529914529914,,8,0.8530587733854432,16
2309.0,0.024839743589743585,0.01789529914529914,,8,0.8530587733854432,16
2310.0,0.024839743589743585,0.01789529914529914,,8,0.8530587733854432,16
2311.0,0.024839743589743585,0.01789529914529914,,8,0.8530587733854432,16
2312.0,0.024839743589743585,0.01789529914529914,,8,0.8530587733854432,16
2313.0,0.024839743589743585,0.01789529914529914,,8,0.8530587733854432,16
2314.0,0.024839743589743585,0.01789529914529914,,8,0.8530587733854432,16
2315.0,0.024839743589743585,0.01789529914529914,,8,0.8530587733854432,16
2316.0,0.024839743589743585,0.01789529914529914,,8,0.8530587733854432,16
2317.0,0.024839743589743585,0.01789529914529914,,8,0.8530587733854432,16
2318.0,0.024839743589743585,0.01789529914529914,,8,0.8530587733854432,16
2319.0,0.024839743589743585,0.01789529914529914,,8,0.8530587733854432,16
2320.0,0.024839743589743585,0.01789529914529914,,8,0.8530587733854432,16
2321.0,0.024839743589743585,0.01789529914529914,,8,0.8530587733854432,16
2322.0,0.024839743589743585,0.01789529914529914,,8,0.8530587733854432,16
2323.0,0.024839743589743585,0.01789529914529914,,8,0.8530587733854432,16
2324.0,0.024839743589743585,0.01789529914529914,,8,0.8530587733854432,16
2325.0,0.024839743589743585,0.01789529914529914,,8,0.8530587733854432,16
2326.0,0.024839743589743585,0.01789529914529914,,8,0.8530587733854432,16
2327.0,0.024839743589743585,0.01789529914529914,,8,0.8530587733854432,16
2328.0,0.024839743589743585,0.01789529914529914,,8,0.8530587733854432,16
2329.0,0.024839743589743585,0.01789529914529914,,8,0.8530587733854432,16
2330.0,0.024839743589743585,0.01789529914529914,,8,0.8530587733854432,16
2331.0,0.024839743589743585,0.01789529914529914,,8,0.8530587733854432,16
2332.0,0.024839743589743585,0.01789529914529914,,8,0.8530587733854432,16
2333.0,0.024839743589743585,0.01789529914529914,,8,0.8530587733854432,16
2334.0,0.024839743589743585,0.01789529914529914,,8,0.8530587733854432,16
2335.0,0.024839743589743585,0.01789529914529914,,8,0.8530587733854432,16
2336.0,0.024839743589743585,0.01789529914529914,,8,0.8530587733854432,16
2337.0,0.024839743589743585,0.01789529914529914,,8,0.8530587733854432,16
2338.0,0.024839743589743585,0.01789529914529914,,8,0.8530587733854432,16
2339.0,0.024839743589743585,0.01789529914529914,,8,0.8530587733854432,16
2340.0,0.024839743589743585,0.01789529914529914,,8,0.8530587733854432,16
2341.0,0.024839743589743585,0.01789529914529914,,8,0.8530587733854432,16
2342.0,0.024839743589743585,0.01789529914529914,,8,0.8530587733854432,16
2343.0,0.024839743589743585,0.01789529914529914,,8,0.8530587733854432,16
2344.0,0.024839743589743585,0.01789529914529914,,8,0.8530587733854432,16
2345.0,0.024839743589743585,0.01789529914529914,,8,0.8530587733854432,16
2346.0,0.024839743589743585,0.01789529914529914,,8,0.8530587733854432,16
2347.0,0.024839743589743585,0.01789529914529914,,8,0.8530587733854432,16
2348.0,0.024839743589743585,0.01789529914529914,,8,0.8530587733854432,16
2349.0,0.024839743589743585,0.01789529914529914,,8,0.8530587733854432,16
2350.0,0.024839743589743585,0.01789529914529914,,8,0.8530587733854432,16
2351.0,0.024839743589743585,0.01789529914529914,,8,0.8530587733854432,16
2352.0,0.024839743589743585,0.01789529914529914,,8,0.8530587733854432,16
2353.0,0.024839743589743585,0.01789529914529914,,8,0.8530587733854432,16
2354.0,0.024839743589743585,0.01789529914529914,,8,0.8530587733854432,16
2355.0,0.024839743589743585,0.01789529914529914,,8,0.8530587733854432,16
2356.0,0.024839743589743585,0.01789529914529914,,8,0.8530587733854432,16
2357.0,0.024839743589743585,0.01789529914529914,,8,0.8530587733854432,16
2358.0,0.024839743589743585,0.01789529914529914,,8,0.8530587733854432,16
2359.0,0.024839743589743585,0.01789529914529914,,8,0.8530587733854432,16
2360.0,0.024839743589743585,0.01789529914529914,,8,0.8530587733854432,16
2361.0,0.024839743589743585,0.01789529914529914,,8,0.8530587733854432,16
2362.0,0.024839743589743585,0.01789529914529914,,8,0.8530587733854432,16
2363.0,0.024839743589743585,0.01789529914529914,,8,0.8530587733854432,16
2364.0,0.024839743589743585,0.01789529914529914,,8,0.8530587733854432,16
2365.0,0.024839743589743585,0.01789529914529914,,8,0.8530587733854432,16
2366.0,0.024839743589743585,0.01789529914529914,,8,0.8530587733854432,16
2367.0,0.024839743589743585,0.01789529914529914,,8,0.8530587733854432,16
2368.0,0.024839743589743585,0.01789529914529914,,8,0.8530587733854432,16
2369.0,0.024839743589743585,0.01789529914529914,,8,0.8530587733854432,16
2370.0,0.024839743589743585,0.01789529914529914,,8,0.8530587733854432,16
2371.0,0.024839743589743585,0.01789529914529914,,8,0.8530587733854432,16
2372.0,0.024839743589743585,0.01789529914529914,,8,0.8530587733854432,16
2373.0,0.024839743589743585,0.01789529914529914,,8,0.8530587733854432,16
2374.0,0.024839743589743585,0.01789529914529914,,8,0.8530587733854432,16
2375.0,0.024839743589743585,0.01789529914529914,,8,0.8530587733854432,16
2376.0,0.024839743589743585,0.01789529914529914,,8,0.8530587733854432,16
2377.0,0.024839743589743585,0.01789529914529914,,8,0.8530587733854432,16
2378.0,0.024839743589743585,0.01789529914529914,,8,0.8530587733854432,16
2379.0,0.024839743589743585,0.01789529914529914,,8,0.8530587733854432,16
2380.0,0.024839743589743585,0.01789529914529914,,8,0.8530587733854432,16
2381.0,0.024839743589743585,0.01789529914529914,,8,0.8530587733854432,16
2382.0,0.024839743589743585,0.01789529914529914,,8,0.8530587733854432,16
2383.0,0.024839743589743585,0.01789529914529914,,8,0.8530587733854432,16
2384.0,0.024839743589743585,0.01789529914529914,,8,0.8530587733854432,16
2385.0,0.024839743589743585,0.01789529914529914,,8,0.8530587733854432,16
2386.0,0.024839743589743585,0.01789529914529914,,8,0.8530587733854432,16
2387.0,0.024839743589743585,0.01789529914529914,,8,0.8530587733854432,16
2388.0,0.024839743589743585,0.01789529914529914,,8,0.8530587733854432,16
2389.0,0.024839743589743585,0.01789529914529914,,8,0.8530587733854432,16
2390.0,0.024839743589743585,0.01789529914529914,,8,0.8530587733854432,16
2391.0,0.024839743589743585,0.01789529914529914,,8,0.8530587733854432,16
2392.0,0.024839743589743585,0.01789529914529914,,8,0.8530587733854432,16
2393.0,0.024839743589743585,0.01789529914529914,,8,0.8530587733854432,16
2394.0,0.024839743589743585,0.01789529914529914,,8,0.8530587733854432,16
2395.0,0.024839743589743585,0.01789529914529914,,8,0.8530587733854432,16
2396.0,0.024839743589743585,0.01789529914529914,,8,0.8530587733854432,16
2397.0,0.024839743589743585,0.01789529914529914,,8,0.8530587733854432,16
2398.0,0.024839743589743585,0.01789529914529914,,8,0.8530587733854432,16
2399.0,0.024839743589743585,0.01789529914529914,,8,0.8530587733854432,16
2400.0,0.024839743589743585,0.01789529914529914,,8,0.8530587733854432,16
2401.0,0.024839743589743585,0.01789529914529914,,8,0.8530587733854432,16
2402.0,0.024839743589743585,0.01789529914529914,,8,0.8530587733854432,16
2403.0,0.024839743589743585,0.01789529914529914,,8,0.8530587733854432,16
2404.0,0.024839743589743585,0.01789529914529914,,8,0.8530587733854432,16
2405.0,0.024839743589743585,0.01789529914529914,,8,0.8530587733854432,16
2406.0,0.024839743589743585,0.01789529914529914,,8,0.8530587733854432,16
2407.0,0.024839743589743585,0.01789529914529914,,8,0.8530587733854432,16
2408.0,0.024839743589743585,0.01789529914529914,,8,0.8530587733854432,16
2409.0,0.024839743589743585,0.01789529914529914,,8,0.8530587733854432,16
2410.0,0.024839743589743585,0.01789529914529914,,8,0.8530587733854432,16
2411.0,0.024839743589743585,0.01789529914529914,,8,0.8530587733854432,16
2412.0,0.024839743589743585,0.01789529914529914,,8,0.8530587733854432,16
2413.0,0.024839743589743585,0.01789529914529914,,8,0.8530587733854432,16
2414.0,0.024839743589743585,0.01789529914529914,,8,0.8530587733854432,16
2415.0,0.024839743589743585,0.01789529914529914,,8,0.8530587733854432,16
2416.0,0.024839743589743585,0.01789529914529914,,8,0.8530587733854432,16
2417.0,0.024839743589743585,0.01789529914529914,,8,0.8530587733854432,16
2418.0,0.024839743589743585,0.01789529914529914,,8,0.8530587733854432,16
2419.0,0.024839743589743585,0.01789529914529914,,8,0.8530587733854432,16
2420.0,0.024839743589743585,0.01789529914529914,,8,0.8530587733854432,16
2421.0,0.024839743589743585,0.01789529914529914,,8,0.8530587733854432,16
2422.0,0.024839743589743585,0.01789529914529914,,8,0.8530587733854432,16
2423.0,0.024839743589743585,0.01789529914529914,,8,0.8530587733854432,16
2424.0,0.024839743589743585,0.01789529914529914,,8,0.8530587733854432,16
2425.0,0.024839743589743585,0.01789529914529914,,8,0.8530587733854432,16
2426.0,0.024839743589743585,0.01789529914529914,,8,0.8530587733854432,16
2427.0,0.024839743589743585,0.01789529914529914,,8,0.8530587733854432,16
2428.0,0.024839743589743585,0.01789529914529914,,8,0.8530587733854432,16
2429.0,0.024839743589743585,0.01789529914529914,,8,0.8530587733854432,16
2430.0,0.024839743589743585,0.01789529914529914,,8,0.8530587733854432,16
2431.0,0.024839743589743585,0.01789529914529914,,8,0.8530587733854432,16
2432.0,0.024839743589743585,0.01789529914529914,,8,0.8530587733854432,16
2433.0,0.024839743589743585,0.01789529914529914,,8,0.8530587733854432,16
2434.0,0.024839743589743585,0.01789529914529914,,8,0.8530587733854432,16
2435.0,0.024839743589743585,0.01789529914529914,,8,0.8530587733854432,16
2436.0,0.024839743589743585,0.01789529914529914,,8,0.8530587733854432,16
2437.0,0.024839743589743585,0.01789529914529914,,8,0.8530587733854432,16
2438.0,0.024839743589743585,0.01789529914529914,,8,0.8530587733854432,16
2439.0,0.024839743589743585,0.01789529914529914,,8,0.8530587733854432,16
2440.0,0.024839743589743585,0.01789529914529914,,8,0.8530587733854432,16
2441.0,0.024839743589743585,0.01789529914529914,,8,0.8530587733854432,16
2442.0,0.024839743589743585,0.01789529914529914,,8,0.8530587733854432,16
2443.0,0.024839743589743585,0.01789529914529914,,8,0.8530587733854432,16
2444.0,0.024839743589743585,0.01789529914529914,,8,0.8530587733854432,16
2445.0,0.024839743589743585,0.01789529914529914,,8,0.8530587733854432,16
2446.0,0.024839743589743585,0.01789529914529914,,8,0.8530587733854432,16
2447.0,0.024839743589743585,0.01789529914529914,,8,0.8530587733854432,16
2448.0,0.024839743589743585,0.01789529914529914,,8,0.8530587733854432,16
2449.0,0.024839743589743585,0.01789529914529914,,8,0.8530587733854432,16
2450.0,0.024839743589743585,0.01789529914529914,,8,0.8530587733854432,16
2451.0,0.024839743589743585,0.01789529914529914,,8,0.8530587733854432,16
2452.0,0.024839743589743585,0.01789529914529914,,8,0.8530587733854432,16
2453.0,0.024839743589743585,0.01789529914529914,,8,0.8530587733854432,16
2454.0,0.024839743589743585,0.01789529914529914,,8,0.8530587733854432,16
2455.0,0.024839743589743585,0.01789529914529914,,8,0.8530587733854432,16
2456.0,0.024839743589743585,0.01789529914529914,,8,0.8530587733854432,16
2457.0,0.024839743589743585,0.01789529914529914,,8,0.8530587733854432,16
2458.0,0.024839743589743585,0.01789529914529914,,8,0.8530587733854432,16
2459.0,0.024839743589743585,0.01789529914529914,,8,0.8530587733854432,16
2460.0,0.024839743589743585,0.01789529914529914,,8,0.8530587733854432,16
2461.0,0.024839743589743585,0.01789529914529914,,8,0.8530587733854432,16
2462.0,0.024839743589743585,0.01789529914529914,,8,0.8530587733854432,16
2463.0,0.024839743589743585,0.01789529914529914,,8,0.8530587733854432,16
2464.0,0.024839743589743585,0.01789529914529914,,8,0.8530587733854432,16
2465.0,0.024839743589743585,0.01789529914529914,,8,0.8530587733854432,16
2466.0,0.024839743589743585,0.01789529914529914,,8,0.8530587733854432,16
2467.0,0.024839743589743585,0.01789529914529914,,8,0.8530587733854432,16
2468.0,0.024839743589743585,0.01789529914529914,,8,0.8530587733854432,16
2469.0,0.024839743589743585,0.01789529914529914,,8,0.8530587733854432,16
2470.0,0.024839743589743585,0.01789529914529914,,8,0.8530587733854432,16
2471.0,0.024839743589743585,0.01789529914529914,,8,0.8530587733854432,16
2472.0,0.024839743589743585,0.01789529914529914,,8,0.8530587733854432,16
2473.0,0.024839743589743585,0.01789529914529914,,8,0.8530587733854432,16
2474.0,0.024839743589743585,0.01789529914529914,,8,0.8530587733854432,16
2475.0,0.024839743589743585,0.01789529914529914,,8,0.8530587733854432,16
2476.0,0.024839743589743585,0.01789529914529914,,8,0.8530587733854432,16
2477.0,0.024839743589743585,0.01789529914529914,,8,0.8530587733854432,16
2478.0,0.024839743589743585,0.01789529914529914,,8,0.8530587733854432,16
2479.0,0.024839743589743585,0.01789529914529914,,8,0.8530587733854432,16
2480.0,0.024839743589743585,0.01789529914529914,,8,0.8530587733854432,16
2481.0,0.024839743589743585,0.01789529914529914,,8,0.8530587733854432,16
2482.0,0.024839743589743585,0.01789529914529914,,8,0.8530587733854432,16
2483.0,0.024839743589743585,0.01789529914529914,,8,0.8530587733854432,16
2484.0,0.024839743589743585,0.01789529914529914,,8,0.8530587733854432,16
2485.0,0.024839743589743585,0.01789529914529914,,8,0.8530587733854432,16
2486.0,0.024839743589743585,0.01789529914529914,,8,0.8530587733854432,16
2487.0,0.024839743589743585,0.01789529914529914,,8,0.8530587733854432,16
2488.0,0.024839743589743585,0.01789529914529914,,8,0.8530587733854432,16
2489.0,0.024839743589743585,0.01789529914529914,,8,0.8530587733854432,16
2490.0,0.024839743589743585,0.01789529914529914,,8,0.8530587733854432,16
2491.0,0.024839743589743585,0.01789529914529914,,8,0.8530587733854432,16
2492.0,0.024839743589743585,0.01789529914529914,,8,0.8530587733854432,16
2493.0,0.024839743589743585,0.01789529914529914,,8,0.8530587733854432,16
2494.0,0.024839743589743585,0.01789529914529914,,8,0.8530587733854432,16
2495.0,0.024839743589743585,0.01789529914529914,,8,0.8530587733854432,16
2496.0,0.024839743589743585,0.01789529914529914,,8,0.8530587733854432,16
2497.0,0.024839743589743585,0.01789529914529914,,8,0.8530587733854432,16
2498.0,0.024839743589743585,0.01789529914529914,,8,0.8530587733854432,16
2499.0,0.024839743589743585,0.01789529914529914,,8,0.8530587733854432,16
2500.0,0.024839743589743585,0.01789529914529914,,8,0.8530587733854432,16
2501.0,0.024839743589743585,0.01789529914529914,,8,0.8530587733854432,16
2502.0,0.024839743589743585,0.01789529914529914,,8,0.8530587733854432,16
2503.0,0.024839743589743585,0.01789529914529914,,8,0.8530587733854432,16
2504.0,0.024839743589743585,0.01789529914529914,,8,0.8530587733854432,16
2505.0,0.024839743589743585,0.01789529914529914,,8,0.8530587733854432,16
2506.0,0.024839743589743585,0.01789529914529914,,8,0.8530587733854432,16
2507.0,0.024839743589743585,0.01789529914529914,,8,0.8530587733854432,16
2508.0,0.024839743589743585,0.01789529914529914,,8,0.8530587733854432,16
2509.0,0.024839743589743585,0.01789529914529914,,8,0.8530587733854432,16
2510.0,0.024839743589743585,0.01789529914529914,,8,0.8530587733854432,16
2511.0,0.024839743589743585,0.01789529914529914,,8,0.8530587733854432,16
2512.0,0.024839743589743585,0.01789529914529914,,8,0.8530587733854432,16
2513.0,0.024839743589743585,0.01789529914529914,,8,0.8530587733854432,16
2514.0,0.024839743589743585,0.01789529914529914,,8,0.8530587733854432,16
2515.0,0.024839743589743585,0.01789529914529914,,8,0.8530587733854432,16
2516.0,0.024839743589743585,0.01789529914529914,,8,0.8530587733854432,16
2517.0,0.024839743589743585,0.01789529914529914,,8,0.8530587733854432,16
2518.0,0.024839743589743585,0.01789529914529914,,8,0.8530587733854432,16
2519.0,0.024839743589743585,0.01789529914529914,,8,0.8530587733854432,16
2520.0,0.024839743589743585,0.01789529914529914,,8,0.8530587733854432,16
2521.0,0.024839743589743585,0.01789529914529914,,8,0.8530587733854432,16
2522.0,0.024839743589743585,0.01789529914529914,,8,0.8530587733854432,16
2523.0,0.024839743589743585,0.01789529914529914,,8,0.8530587733854432,16
2524.0,0.024839743589743585,0.01789529914529914,,8,0.8530587733854432,16
2525.0,0.024839743589743585,0.01789529914529914,,8,0.8530587733854432,16
2526.0,0.024839743589743585,0.01789529914529914,,8,0.8530587733854432,16
2527.0,0.024839743589743585,0.01789529914529914,,8,0.8530587733854432,16
2528.0,0.024839743589743585,0.01789529914529914,,8,0.8530587733854432,16
2529.0,0.024839743589743585,0.01789529914529914,,8,0.8530587733854432,16
2530.0,0.024839743589743585,0.01789529914529914,,8,0.8530587733854432,16
2531.0,0.024839743589743585,0.01789529914529914,,8,0.8530587733854432,16
2532.0,0.024839743589743585,0.01789529914529914,,8,0.8530587733854432,16
2533.0,0.024839743589743585,0.01789529914529914,,8,0.8530587733854432,16
2534.0,0.024839743589743585,0.01789529914529914,,8,0.8530587733854432,16
2535.0,0.024839743589743585,0.01789529914529914,,8,0.8530587733854432,16
2536.0,0.024839743589743585,0.01789529914529914,,8,0.8530587733854432,16
2537.0,0.024839743589743585,0.01789529914529914,,8,0.8530587733854432,16
2538.0,0.024839743589743585,0.01789529914529914,,8,0.8530587733854432,16
2539.0,0.024839743589743585,0.01789529914529914,,8,0.8530587733854432,16
2540.0,0.024839743589743585,0.01789529914529914,,8,0.8530587733854432,16
2541.0,0.024839743589743585,0.01789529914529914,,8,0.8530587733854432,16
2542.0,0.024839743589743585,0.01789529914529914,,8,0.8530587733854432,16
2543.0,0.024839743589743585,0.01789529914529914,,8,0.8530587733854432,16
2544.0,0.024839743589743585,0.01789529914529914,,8,0.8530587733854432,16
2545.0,0.024839743589743585,0.01789529914529914,,8,0.8530587733854432,16
2546.0,0.024839743589743585,0.01789529914529914,,8,0.8530587733854432,16
2547.0,0.024839743589743585,0.01789529914529914,,8,0.8530587733854432,16
2548.0,0.024839743589743585,0.01789529914529914,,8,0.8530587733854432,16
2549.0,0.024839743589743585,0.01789529914529914,,8,0.8530587733854432,16
2550.0,0.024839743589743585,0.01789529914529914,,8,0.8530587733854432,16
2551.0,0.024839743589743585,0.01789529914529914,,8,0.8530587733854432,16
2552.0,0.024839743589743585,0.01789529914529914,,8,0.8530587733854432,16
2553.0,0.024839743589743585,0.01789529914529914,,8,0.8530587733854432,16
2554.0,0.024839743589743585,0.01789529914529914,,8,0.8530587733854432,16
2555.0,0.024839743589743585,0.01789529914529914,,8,0.8530587733854432,16
2556.0,0.024839743589743585,0.01789529914529914,,8,0.8530587733854432,16
2557.0,0.024839743589743585,0.01789529914529914,,8,0.8530587733854432,16
2558.0,0.024839743589743585,0.01789529914529914,,8,0.8530587733854432,16
2559.0,0.024839743589743585,0.01789529914529914,,8,0.8530587733854432,16
2560.0,0.024839743589743585,0.01789529914529914,,8,0.8530587733854432,16
2561.0,0.024839743589743585,0.01789529914529914,,8,0.8530587733854432,16
2562.0,0.024839743589743585,0.01789529914529914,,8,0.8530587733854432,16
2563.0,0.024839743589743585,0.01789529914529914,,8,0.8530587733854432,16
2564.0,0.024839743589743585,0.01789529914529914,,8,0.8530587733854432,16
2565.0,0.024839743589743585,0.01789529914529914,,8,0.8530587733854432,16
2566.0,0.024839743589743585,0.01789529914529914,,8,0.8530587733854432,16
2567.0,0.024839743589743585,0.01789529914529914,,8,0.8530587733854432,16
2568.0,0.024839743589743585,0.01789529914529914,,8,0.8530587733854432,16
2569.0,0.024839743589743585,0.01789529914529914,,8,0.8530587733854432,16
2570.0,0.024839743589743585,0.01789529914529914,,8,0.8530587733854432,16
2571.0,0.024839743589743585,0.01789529914529914,,8,0.8530587733854432,16
2572.0,0.024839743589743585,0.01789529914529914,,8,0.8530587733854432,16
2573.0,0.024839743589743585,0.01789529914529914,,8,0.8530587733854432,16
2574.0,0.024839743589743585,0.01789529914529914,,8,0.8530587733854432,16
2575.0,0.024839743589743585,0.01789529914529914,,8,0.8530587733854432,16
2576.0,0.024839743589743585,0.01789529914529914,,8,0.8530587733854432,16
2577.0,0.024839743589743585,0.01789529914529914,,8,0.8530587733854432,16
2578.0,0.024839743589743585,0.01789529914529914,,8,0.8530587733854432,16
2579.0,0.024839743589743585,0.01789529914529914,,8,0.8530587733854432,16
2580.0,0.024839743589743585,0.01789529914529914,,8,0.8530587733854432,16
2581.0,0.024839743589743585,0.01789529914529914,,8,0.8530587733854432,16
2582.0,0.024839743589743585,0.01789529914529914,,8,0.8530587733854432,16
2583.0,0.024839743589743585,0.01789529914529914,,8,0.8530587733854432,16
2584.0,0.024839743589743585,0.01789529914529914,,8,0.8530587733854432,16
2585.0,0.024839743589743585,0.01789529914529914,,8,0.8530587733854432,16
2586.0,0.024839743589743585,0.01789529914529914,,8,0.8530587733854432,16
2587.0,0.024839743589743585,0.01789529914529914,,8,0.8530587733854432,16
2588.0,0.024839743589743585,0.01789529914529914,,8,0.8530587733854432,16
2589.0,0.024839743589743585,0.01789529914529914,,8,0.8530587733854432,16
2590.0,0.024839743589743585,0.01789529914529914,,8,0.8530587733854432,16
2591.0,0.024839743589743585,0.01789529914529914,,8,0.8530587733854432,16
2592.0,0.024839743589743585,0.01789529914529914,,8,0.8530587733854432,16
2593.0,0.024839743589743585,0.01789529914529914,,8,0.8530587733854432,16
2594.0,0.024839743589743585,0.01789529914529914,,8,0.8530587733854432,16
2595.0,0.024839743589743585,0.01789529914529914,,8,0.8530587733854432,16
2596.0,0.024839743589743585,0.01789529914529914,,8,0.8530587733854432,16
2597.0,0.024839743589743585,0.01789529914529914,,8,0.8530587733854432,16
2598.0,0.024839743589743585,0.01789529914529914,,8,0.8530587733854432,16
2599.0,0.024839743589743585,0.01789529914529914,,8,0.8530587733854432,16
2600.0,0.024839743589743585,0.01789529914529914,,8,0.8530587733854432,16
2601.0,0.024839743589743585,0.01789529914529914,,8,0.8530587733854432,16
2602.0,0.024839743589743585,0.01789529914529914,,8,0.8530587733854432,16
2603.0,0.024839743589743585,0.01789529914529914,,8,0.8530587733854432,16
2604.0,0.024839743589743585,0.01789529914529914,,8,0.8530587733854432,16
2605.0,0.024839743589743585,0.01789529914529914,,8,0.8530587733854432,16
2606.0,0.024839743589743585,0.01789529914529914,,8,0.8530587733854432,16
2607.0,0.024839743589743585,0.01789529914529914,,8,0.8530587733854432,16
2608.0,0.024839743589743585,0.01789529914529914,,8,0.8530587733854432,16
2609.0,0.024839743589743585,0.01789529914529914,,8,0.8530587733854432,16
2610.0,0.024839743589743585,0.01789529914529914,,8,0.8530587733854432,16
2611.0,0.024839743589743585,0.01789529914529914,,8,0.8530587733854432,16
2612.0,0.024839743589743585,0.01789529914529914,,8,0.8530587733854432,16
2613.0,0.024839743589743585,0.01789529914529914,,8,0.8530587733854432,16
2614.0,0.024839743589743585,0.01789529914529914,,8,0.8530587733854432,16
2615.0,0.024839743589743585,0.01789529914529914,,8,0.8530587733854432,16
2616.0,0.024839743589743585,0.01789529914529914,,8,0.8530587733854432,16
2617.0,0.024839743589743585,0.01789529914529914,,8,0.8530587733854432,16
2618.0,0.024839743589743585,0.01789529914529914,,8,0.8530587733854432,16
2619.0,0.024839743589743585,0.01789529914529914,,8,0.8530587733854432,16
2620.0,0.024839743589743585,0.01789529914529914,,8,0.8530587733854432,16
2621.0,0.024839743589743585,0.01789529914529914,,8,0.8530587733854432,16
2622.0,0.024839743589743585,0.01789529914529914,,8,0.8530587733854432,16
2623.0,0.024839743589743585,0.01789529914529914,,8,0.8530587733854432,16
2624.0,0.024839743589743585,0.01789529914529914,,8,0.8530587733854432,16
2625.0,0.024839743589743585,0.01789529914529914,,8,0.8530587733854432,16
2626.0,0.024839743589743585,0.01789529914529914,,8,0.8530587733854432,16
2627.0,0.024839743589743585,0.01789529914529914,,8,0.8530587733854432,16
2628.0,0.024839743589743585,0.01789529914529914,,8,0.8530587733854432,16
2629.0,0.024839743589743585,0.01789529914529914,,8,0.8530587733854432,16
2630.0,0.024839743589743585,0.01789529914529914,,8,0.8530587733854432,16
2631.0,0.024839743589743585,0.01789529914529914,,8,0.8530587733854432,16
2632.0,0.024839743589743585,0.01789529914529914,,8,0.8530587733854432,16
2633.0,0.024839743589743585,0.01789529914529914,,8,0.8530587733854432,16
2634.0,0.024839743589743585,0.01789529914529914,,8,0.8530587733854432,16
2635.0,0.024839743589743585,0.01789529914529914,,8,0.8530587733854432,16
2636.0,0.024839743589743585,0.01789529914529914,,8,0.8530587733854432,16
2637.0,0.024839743589743585,0.01789529914529914,,8,0.8530587733854432,16
2638.0,0.024839743589743585,0.01789529914529914,,8,0.8530587733854432,16
2639.0,0.024839743589743585,0.01789529914529914,,8,0.8530587733854432,16
2640.0,0.024839743589743585,0.01789529914529914,,8,0.8530587733854432,16
2641.0,0.024839743589743585,0.01789529914529914,,8,0.8530587733854432,16
2642.0,0.024839743589743585,0.01789529914529914,,8,0.8530587733854432,16
2643.0,0.024839743589743585,0.01789529914529914,,8,0.8530587733854432,16
2644.0,0.024839743589743585,0.01789529914529914,,8,0.8530587733854432,16
2645.0,0.024839743589743585,0.01789529914529914,,8,0.8530587733854432,16
2646.0,0.024839743589743585,0.01789529914529914,,8,0.8530587733854432,16
2647.0,0.024839743589743585,0.01789529914529914,,8,0.8530587733854432,16
2648.0,0.024839743589743585,0.01789529914529914,,8,0.8530587733854432,16
2649.0,0.024839743589743585,0.01789529914529914,,8,0.8530587733854432,16
2650.0,0.024839743589743585,0.01789529914529914,,8,0.8530587733854432,16
2651.0,0.024839743589743585,0.01789529914529914,,8,0.8530587733854432,16
2652.0,0.024839743589743585,0.01789529914529914,,8,0.8530587733854432,16
2653.0,0.024839743589743585,0.01789529914529914,,8,0.8530587733854432,16
2654.0,0.024839743589743585,0.01789529914529914,,8,0.8530587733854432,16
2655.0,0.024839743589743585,0.01789529914529914,,8,0.8530587733854432,16
2656.0,0.024839743589743585,0.01789529914529914,,8,0.8530587733854432,16
2657.0,0.024839743589743585,0.01789529914529914,,8,0.8530587733854432,16
2658.0,0.024839743589743585,0.01789529914529914,,8,0.8530587733854432,16
2659.0,0.024839743589743585,0.01789529914529914,,8,0.8530587733854432,16
2660.0,0.024839743589743585,0.01789529914529914,,8,0.8530587733854432,16
2661.0,0.024839743589743585,0.01789529914529914,,8,0.8530587733854432,16
2662.0,0.024839743589743585,0.01789529914529914,,8,0.8530587733854432,16
2663.0,0.024839743589743585,0.01789529914529914,,8,0.8530587733854432,16
2664.0,0.024839743589743585,0.01789529914529914,,8,0.8530587733854432,16
2665.0,0.024839743589743585,0.01789529914529914,,8,0.8530587733854432,16
2666.0,0.024839743589743585,0.01789529914529914,,8,0.8530587733854432,16
2667.0,0.024839743589743585,0.01789529914529914,,8,0.8530587733854432,16
2668.0,0.024839743589743585,0.01789529914529914,,8,0.8530587733854432,16
2669.0,0.024839743589743585,0.01789529914529914,,8,0.8530587733854432,16
2670.0,0.024839743589743585,0.01789529914529914,,8,0.8530587733854432,16
2671.0,0.024839743589743585,0.01789529914529914,,8,0.8530587733854432,16
2672.0,0.024839743589743585,0.01789529914529914,,8,0.8530587733854432,16
2673.0,0.024839743589743585,0.01789529914529914,,8,0.8530587733854432,16
2674.0,0.024839743589743585,0.01789529914529914,,8,0.8530587733854432,16
2675.0,0.024839743589743585,0.01789529914529914,,8,0.8530587733854432,16
2676.0,0.024839743589743585,0.01789529914529914,,8,0.8530587733854432,16
2677.0,0.024839743589743585,0.01789529914529914,,8,0.8530587733854432,16
2678.0,0.024839743589743585,0.01789529914529914,,8,0.8530587733854432,16
2679.0,0.024839743589743585,0.01789529914529914,,8,0.8530587733854432,16
2680.0,0.024839743589743585,0.01789529914529914,,8,0.8530587733854432,16
2681.0,0.024839743589743585,0.01789529914529914,,8,0.8530587733854432,16
2682.0,0.024839743589743585,0.01789529914529914,,8,0.8530587733854432,16
2683.0,0.024839743589743585,0.01789529914529914,,8,0.8530587733854432,16
2684.0,0.024839743589743585,0.01789529914529914,,8,0.8530587733854432,16
2685.0,0.024839743589743585,0.01789529914529914,,8,0.8530587733854432,16
2686.0,0.024839743589743585,0.01789529914529914,,8,0.8530587733854432,16
2687.0,0.024839743589743585,0.01789529914529914,,8,0.8530587733854432,16
2688.0,0.024839743589743585,0.01789529914529914,,8,0.8530587733854432,16
2689.0,0.024839743589743585,0.01789529914529914,,8,0.8530587733854432,16
2690.0,0.024839743589743585,0.01789529914529914,,8,0.8530587733854432,16
2691.0,0.024839743589743585,0.01789529914529914,,8,0.8530587733854432,16
2692.0,0.024839743589743585,0.01789529914529914,,8,0.8530587733854432,16
2693.0,0.024839743589743585,0.01789529914529914,,8,0.8530587733854432,16
2694.0,0.024839743589743585,0.01789529914529914,,8,0.8530587733854432,16
2695.0,0.024839743589743585,0.01789529914529914,,8,0.8530587733854432,16
2696.0,0.024839743589743585,0.01789529914529914,,8,0.8530587733854432,16
2697.0,0.024839743589743585,0.01789529914529914,,8,0.8530587733854432,16
2698.0,0.024839743589743585,0.01789529914529914,,8,0.8530587733854432,16
2699.0,0.024839743589743585,0.01789529914529914,,8,0.8530587733854432,16
2700.0,0.024839743589743585,0.01789529914529914,,8,0.8530587733854432,16
2701.0,0.024839743589743585,0.01789529914529914,,8,0.8530587733854432,16
2702.0,0.024839743589743585,0.01789529914529914,,8,0.8530587733854432,16
2703.0,0.024839743589743585,0.01789529914529914,,8,0.8530587733854432,16
2704.0,0.024839743589743585,0.01789529914529914,,8,0.8530587733854432,16
2705.0,0.024839743589743585,0.01789529914529914,,8,0.8530587733854432,16
2706.0,0.024839743589743585,0.01789529914529914,,8,0.8530587733854432,16
2707.0,0.024839743589743585,0.01789529914529914,,8,0.8530587733854432,16
2708.0,0.024839743589743585,0.01789529914529914,,8,0.8530587733854432,16
2709.0,0.024839743589743585,0.01789529914529914,,8,0.8530587733854432,16
2710.0,0.024839743589743585,0.01789529914529914,,8,0.8530587733854432,16
2711.0,0.024839743589743585,0.01789529914529914,,8,0.8530587733854432,16
2712.0,0.024839743589743585,0.01789529914529914,,8,0.8530587733854432,16
2713.0,0.024839743589743585,0.01789529914529914,,8,0.8530587733854432,16
2714.0,0.024839743589743585,0.01789529914529914,,8,0.8530587733854432,16
2715.0,0.024839743589743585,0.01789529914529914,,8,0.8530587733854432,16
2716.0,0.024839743589743585,0.01789529914529914,,8,0.8530587733854432,16
2717.0,0.024839743589743585,0.01789529914529914,,8,0.8530587733854432,16
2718.0,0.024839743589743585,0.01789529914529914,,8,0.8530587733854432,16
2719.0,0.024839743589743585,0.01789529914529914,,8,0.8530587733854432,16
2720.0,0.024839743589743585,0.01789529914529914,,8,0.8530587733854432,16
2721.0,0.024839743589743585,0.01789529914529914,,8,0.8530587733854432,16
2722.0,0.024839743589743585,0.01789529914529914,,8,0.8530587733854432,16
2723.0,0.024839743589743585,0.01789529914529914,,8,0.8530587733854432,16
2724.0,0.024839743589743585,0.01789529914529914,,8,0.8530587733854432,16
2725.0,0.024839743589743585,0.01789529914529914,,8,0.8530587733854432,16
2726.0,0.024839743589743585,0.01789529914529914,,8,0.8530587733854432,16
2727.0,0.024839743589743585,0.01789529914529914,,8,0.8530587733854432,16
2728.0,0.024839743589743585,0.01789529914529914,,8,0.8530587733854432,16
2729.0,0.024839743589743585,0.01789529914529914,,8,0.8530587733854432,16
2730.0,0.024839743589743585,0.01789529914529914,,8,0.8530587733854432,16
2731.0,0.024839743589743585,0.01789529914529914,,8,0.8530587733854432,16
2732.0,0.024839743589743585,0.01789529914529914,,8,0.8530587733854432,16
2733.0,0.024839743589743585,0.01789529914529914,,8,0.8530587733854432,16
2734.0,0.024839743589743585,0.01789529914529914,,8,0.8530587733854432,16
2735.0,0.024839743589743585,0.01789529914529914,,8,0.8530587733854432,16
2736.0,0.024839743589743585,0.01789529914529914,,8,0.8530587733854432,16
2737.0,0.024839743589743585,0.01789529914529914,,8,0.8530587733854432,16
2738.0,0.024839743589743585,0.01789529914529914,,8,0.8530587733854432,16
2739.0,0.024839743589743585,0.01789529914529914,,8,0.8530587733854432,16
2740.0,0.024839743589743585,0.01789529914529914,,8,0.8530587733854432,16
2741.0,0.024839743589743585,0.01789529914529914,,8,0.8530587733854432,16
2742.0,0.024839743589743585,0.01789529914529914,,8,0.8530587733854432,16
2743.0,0.024839743589743585,0.01789529914529914,,8,0.8530587733854432,16
2744.0,0.024839743589743585,0.01789529914529914,,8,0.8530587733854432,16
2745.0,0.024839743589743585,0.01789529914529914,,8,0.8530587733854432,16
2746.0,0.024839743589743585,0.01789529914529914,,8,0.8530587733854432,16
2747.0,0.024839743589743585,0.01789529914529914,,8,0.8530587733854432,16
2748.0,0.024839743589743585,0.01789529914529914,,8,0.8530587733854432,16
2749.0,0.024839743589743585,0.01789529914529914,,8,0.8530587733854432,16
2750.0,0.024839743589743585,0.01789529914529914,,8,0.8530587733854432,16
2751.0,0.024839743589743585,0.01789529914529914,,8,0.8530587733854432,16
2752.0,0.024839743589743585,0.01789529914529914,,8,0.8530587733854432,16
2753.0,0.024839743589743585,0.01789529914529914,,8,0.8530587733854432,16
2754.0,0.024839743589743585,0.01789529914529914,,8,0.8530587733854432,16
2755.0,0.024839743589743585,0.01789529914529914,,8,0.8530587733854432,16
2756.0,0.024839743589743585,0.01789529914529914,,8,0.8530587733854432,16
2757.0,0.024839743589743585,0.01789529914529914,,8,0.8530587733854432,16
2758.0,0.024839743589743585,0.01789529914529914,,8,0.8530587733854432,16
2759.0,0.024839743589743585,0.01789529914529914,,8,0.8530587733854432,16
2760.0,0.024839743589743585,0.01789529914529914,,8,0.8530587733854432,16
2761.0,0.024839743589743585,0.01789529914529914,,8,0.8530587733854432,16
2762.0,0.024839743589743585,0.01789529914529914,,8,0.8530587733854432,16
2763.0,0.024839743589743585,0.01789529914529914,,8,0.8530587733854432,16
2764.0,0.024839743589743585,0.01789529914529914,,8,0.8530587733854432,16
2765.0,0.024839743589743585,0.01789529914529914,,8,0.8530587733854432,16
2766.0,0.024839743589743585,0.01789529914529914,,8,0.8530587733854432,16
2767.0,0.024839743589743585,0.01789529914529914,,8,0.8530587733854432,16
2768.0,0.024839743589743585,0.01789529914529914,,8,0.8530587733854432,16
2769.0,0.024839743589743585,0.01789529914529914,,8,0.8530587733854432,16
2770.0,0.024839743589743585,0.01789529914529914,,8,0.8530587733854432,16
2771.0,0.024839743589743585,0.01789529914529914,,8,0.8530587733854432,16
2772.0,0.024839743589743585,0.01789529914529914,,8,0.8530587733854432,16
2773.0,0.024839743589743585,0.01789529914529914,,8,0.8530587733854432,16
2774.0,0.024839743589743585,0.01789529914529914,,8,0.8530587733854432,16
2775.0,0.024839743589743585,0.01789529914529914,,8,0.8530587733854432,16
2776.0,0.024839743589743585,0.01789529914529914,,8,0.8530587733854432,16
2777.0,0.024839743589743585,0.01789529914529914,,8,0.8530587733854432,16
2778.0,0.024839743589743585,0.01789529914529914,,8,0.8530587733854432,16
2779.0,0.024839743589743585,0.01789529914529914,,8,0.8530587733854432,16
2780.0,0.024839743589743585,0.01789529914529914,,8,0.8530587733854432,16
2781.0,0.024839743589743585,0.01789529914529914,,8,0.8530587733854432,16
2782.0,0.024839743589743585,0.01789529914529914,,8,0.8530587733854432,16
2783.0,0.024839743589743585,0.01789529914529914,,8,0.8530587733854432,16
2784.0,0.024839743589743585,0.01789529914529914,,8,0.8530587733854432,16
2785.0,0.024839743589743585,0.01789529914529914,,8,0.8530587733854432,16
2786.0,0.024839743589743585,0.01789529914529914,,8,0.8530587733854432,16
2787.0,0.024839743589743585,0.01789529914529914,,8,0.8530587733854432,16
2788.0,0.024839743589743585,0.01789529914529914,,8,0.8530587733854432,16
2789.0,0.024839743589743585,0.01789529914529914,,8,0.8530587733854432,16
2790.0,0.024839743589743585,0.01789529914529914,,8,0.8530587733854432,16
2791.0,0.024839743589743585,0.01789529914529914,,8,0.8530587733854432,16
2792.0,0.024839743589743585,0.01789529914529914,,8,0.8530587733854432,16
2793.0,0.024839743589743585,0.01789529914529914,,8,0.8530587733854432,16
2794.0,0.024839743589743585,0.01789529914529914,,8,0.8530587733854432,16
2795.0,0.024839743589743585,0.01789529914529914,,8,0.8530587733854432,16
2796.0,0.024839743589743585,0.01789529914529914,,8,0.8530587733854432,16
2797.0,0.024839743589743585,0.01789529914529914,,8,0.8530587733854432,16
2798.0,0.024839743589743585,0.01789529914529914,,8,0.8530587733854432,16
2799.0,0.024839743589743585,0.01789529914529914,,8,0.8530587733854432,16
2800.0,0.024839743589743585,0.01789529914529914,,8,0.8530587733854432,16
2801.0,0.024839743589743585,0.01789529914529914,,8,0.8530587733854432,16
2802.0,0.024839743589743585,0.01789529914529914,,8,0.8530587733854432,16
2803.0,0.024839743589743585,0.01789529914529914,,8,0.8530587733854432,16
2804.0,0.024839743589743585,0.01789529914529914,,8,0.8530587733854432,16
2805.0,0.024839743589743585,0.01789529914529914,,8,0.8530587733854432,16
2806.0,0.024839743589743585,0.01789529914529914,,8,0.8530587733854432,16
2807.0,0.024839743589743585,0.01789529914529914,,8,0.8530587733854432,16
2808.0,0.024839743589743585,0.01789529914529914,,8,0.8530587733854432,16
2809.0,0.024839743589743585,0.01789529914529914,,8,0.8530587733854432,16
2810.0,0.024839743589743585,0.01789529914529914,,8,0.8530587733854432,16
2811.0,0.024839743589743585,0.01789529914529914,,8,0.8530587733854432,16
2812.0,0.024839743589743585,0.01789529914529914,,8,0.8530587733854432,16
2813.0,0.024839743589743585,0.01789529914529914,,8,0.8530587733854432,16
2814.0,0.024839743589743585,0.01789529914529914,,8,0.8530587733854432,16
2815.0,0.024839743589743585,0.01789529914529914,,8,0.8530587733854432,16
2816.0,0.024839743589743585,0.01789529914529914,,8,0.8530587733854432,16
2817.0,0.024839743589743585,0.01789529914529914,,8,0.8530587733854432,16
2818.0,0.024839743589743585,0.01789529914529914,,8,0.8530587733854432,16
2819.0,0.024839743589743585,0.01789529914529914,,8,0.8530587733854432,16
2820.0,0.024839743589743585,0.01789529914529914,,8,0.8530587733854432,16
2821.0,0.024839743589743585,0.01789529914529914,,8,0.8530587733854432,16
2822.0,0.024839743589743585,0.01789529914529914,,8,0.8530587733854432,16
2823.0,0.024839743589743585,0.01789529914529914,,8,0.8530587733854432,16
2824.0,0.024839743589743585,0.01789529914529914,,8,0.8530587733854432,16
2825.0,0.024839743589743585,0.01789529914529914,,8,0.8530587733854432,16
2826.0,0.024839743589743585,0.01789529914529914,,8,0.8530587733854432,16
2827.0,0.024839743589743585,0.01789529914529914,,8,0.8530587733854432,16
2828.0,0.024839743589743585,0.01789529914529914,,8,0.8530587733854432,16
2829.0,0.024839743589743585,0.01789529914529914,,8,0.8530587733854432,16
2830.0,0.024839743589743585,0.01789529914529914,,8,0.8530587733854432,16
2831.0,0.024839743589743585,0.01789529914529914,,8,0.8530587733854432,16
2832.0,0.024839743589743585,0.01789529914529914,,8,0.8530587733854432,16
2833.0,0.024839743589743585,0.01789529914529914,,8,0.8530587733854432,16
2834.0,0.024839743589743585,0.01789529914529914,,8,0.8530587733854432,16
2835.0,0.024839743589743585,0.01789529914529914,,8,0.8530587733854432,16
2836.0,0.024839743589743585,0.01789529914529914,,8,0.8530587733854432,16
2837.0,0.024839743589743585,0.01789529914529914,,8,0.8530587733854432,16
2838.0,0.024839743589743585,0.01789529914529914,,8,0.8530587733854432,16
2839.0,0.024839743589743585,0.01789529914529914,,8,0.8530587733854432,16
2840.0,0.024839743589743585,0.01789529914529914,,8,0.8530587733854432,16
2841.0,0.024839743589743585,0.01789529914529914,,8,0.8530587733854432,16
2842.0,0.024839743589743585,0.01789529914529914,,8,0.8530587733854432,16
2843.0,0.024839743589743585,0.01789529914529914,,8,0.8530587733854432,16
2844.0,0.024839743589743585,0.01789529914529914,,8,0.8530587733854432,16
2845.0,0.024839743589743585,0.01789529914529914,,8,0.8530587733854432,16
2846.0,0.024839743589743585,0.01789529914529914,,8,0.8530587733854432,16
2847.0,0.024839743589743585,0.01789529914529914,,8,0.8530587733854432,16
2848.0,0.024839743589743585,0.01789529914529914,,8,0.8530587733854432,16
2849.0,0.024839743589743585,0.01789529914529914,,8,0.8530587733854432,16
2850.0,0.024839743589743585,0.01789529914529914,,8,0.8530587733854432,16
2851.0,0.024839743589743585,0.01789529914529914,,8,0.8530587733854432,16
2852.0,0.024839743589743585,0.01789529914529914,,8,0.8530587733854432,16
2853.0,0.024839743589743585,0.01789529914529914,,8,0.8530587733854432,16
2854.0,0.024839743589743585,0.01789529914529914,,8,0.8530587733854432,16
2855.0,0.024839743589743585,0.01789529914529914,,8,0.8530587733854432,16
2856.0,0.024839743589743585,0.01789529914529914,,8,0.8530587733854432,16
2857.0,0.024839743589743585,0.01789529914529914,,8,0.8530587733854432,16
2858.0,0.024839743589743585,0.01789529914529914,,8,0.8530587733854432,16
2859.0,0.024839743589743585,0.01789529914529914,,8,0.8530587733854432,16
2860.0,0.024839743589743585,0.01789529914529914,,8,0.8530587733854432,16
2861.0,0.024839743589743585,0.01789529914529914,,8,0.8530587733854432,16
2862.0,0.024839743589743585,0.01789529914529914,,8,0.8530587733854432,16
2863.0,0.024839743589743585,0.01789529914529914,,8,0.8530587733854432,16
2864.0,0.024839743589743585,0.01789529914529914,,8,0.8530587733854432,16
2865.0,0.024839743589743585,0.01789529914529914,,8,0.8530587733854432,16
2866.0,0.024839743589743585,0.01789529914529914,,8,0.8530587733854432,16
2867.0,0.024839743589743585,0.01789529914529914,,8,0.8530587733854432,16
2868.0,0.024839743589743585,0.01789529914529914,,8,0.8530587733854432,16
2869.0,0.024839743589743585,0.01789529914529914,,8,0.8530587733854432,16
2870.0,0.024839743589743585,0.01789529914529914,,8,0.8530587733854432,16
2871.0,0.024839743589743585,0.01789529914529914,,8,0.8530587733854432,16
2872.0,0.024839743589743585,0.01789529914529914,,8,0.8530587733854432,16
2873.0,0.024839743589743585,0.01789529914529914,,8,0.8530587733854432,16
2874.0,0.024839743589743585,0.01789529914529914,,8,0.8530587733854432,16
2875.0,0.024839743589743585,0.01789529914529914,,8,0.8530587733854432,16
2876.0,0.024839743589743585,0.01789529914529914,,8,0.8530587733854432,16
2877.0,0.024839743589743585,0.01789529914529914,,8,0.8530587733854432,16
2878.0,0.024839743589743585,0.01789529914529914,,8,0.8530587733854432,16
2879.0,0.024839743589743585,0.01789529914529914,,8,0.8530587733854432,16
2880.0,0.024839743589743585,0.01789529914529914,,8,0.8530587733854432,16
2881.0,0.024839743589743585,0.01789529914529914,,8,0.8530587733854432,16
2882.0,0.024839743589743585,0.01789529914529914,,8,0.8530587733854432,16
2883.0,0.024839743589743585,0.01789529914529914,,8,0.8530587733854432,16
2884.0,0.024839743589743585,0.01789529914529914,,8,0.8530587733854432,16
2885.0,0.024839743589743585,0.01789529914529914,,8,0.8530587733854432,16
2886.0,0.024839743589743585,0.01789529914529914,,8,0.8530587733854432,16
2887.0,0.024839743589743585,0.01789529914529914,,8,0.8530587733854432,16
2888.0,0.024839743589743585,0.01789529914529914,,8,0.8530587733854432,16
2889.0,0.024839743589743585,0.01789529914529914,,8,0.8530587733854432,16
2890.0,0.024839743589743585,0.01789529914529914,,8,0.8530587733854432,16
2891.0,0.024839743589743585,0.01789529914529914,,8,0.8530587733854432,16
2892.0,0.024839743589743585,0.01789529914529914,,8,0.8530587733854432,16
2893.0,0.024839743589743585,0.01789529914529914,,8,0.8530587733854432,16
2894.0,0.024839743589743585,0.01789529914529914,,8,0.8530587733854432,16
2895.0,0.024839743589743585,0.01789529914529914,,8,0.8530587733854432,16
2896.0,0.024839743589743585,0.01789529914529914,,8,0.8530587733854432,16
2897.0,0.024839743589743585,0.01789529914529914,,8,0.8530587733854432,16
2898.0,0.024839743589743585,0.01789529914529914,,8,0.8530587733854432,16
2899.0,0.024839743589743585,0.01789529914529914,,8,0.8530587733854432,16
2900.0,0.024839743589743585,0.01789529914529914,,8,0.8530587733854432,16
2901.0,0.024839743589743585,0.01789529914529914,,8,0.8530587733854432,16
2902.0,0.024839743589743585,0.01789529914529914,,8,0.8530587733854432,16
2903.0,0.024839743589743585,0.01789529914529914,,8,0.8530587733854432,16
2904.0,0.024839743589743585,0.01789529914529914,,8,0.8530587733854432,16
2905.0,0.024839743589743585,0.01789529914529914,,8,0.8530587733854432,16
2906.0,0.024839743589743585,0.01789529914529914,,8,0.8530587733854432,16
2907.0,0.024839743589743585,0.01789529914529914,,8,0.8530587733854432,16
2908.0,0.024839743589743585,0.01789529914529914,,8,0.8530587733854432,16
2909.0,0.024839743589743585,0.01789529914529914,,8,0.8530587733854432,16
2910.0,0.024839743589743585,0.01789529914529914,,8,0.8530587733854432,16
2911.0,0.024839743589743585,0.01789529914529914,,8,0.8530587733854432,16
2912.0,0.024839743589743585,0.01789529914529914,,8,0.8530587733854432,16
2913.0,0.024839743589743585,0.01789529914529914,,8,0.8530587733854432,16
2914.0,0.024839743589743585,0.01789529914529914,,8,0.8530587733854432,16
2915.0,0.024839743589743585,0.01789529914529914,,8,0.8530587733854432,16
2916.0,0.024839743589743585,0.01789529914529914,,8,0.8530587733854432,16
2917.0,0.024839743589743585,0.01789529914529914,,8,0.8530587733854432,16
2918.0,0.024839743589743585,0.01789529914529914,,8,0.8530587733854432,16
2919.0,0.024839743589743585,0.01789529914529914,,8,0.8530587733854432,16
2920.0,0.024839743589743585,0.01789529914529914,,8,0.8530587733854432,16
2921.0,0.024839743589743585,0.01789529914529914,,8,0.8530587733854432,16
2922.0,0.024839743589743585,0.01789529914529914,,8,0.8530587733854432,16
2923.0,0.024839743589743585,0.01789529914529914,,8,0.8530587733854432,16
2924.0,0.024839743589743585,0.01789529914529914,,8,0.8530587733854432,16
2925.0,0.024839743589743585,0.01789529914529914,,8,0.8530587733854432,16
2926.0,0.024839743589743585,0.01789529914529914,,8,0.8530587733854432,16
2927.0,0.024839743589743585,0.01789529914529914,,8,0.8530587733854432,16
2928.0,0.024839743589743585,0.01789529914529914,,8,0.8530587733854432,16
2929.0,0.024839743589743585,0.01789529914529914,,8,0.8530587733854432,16
2930.0,0.024839743589743585,0.01789529914529914,,8,0.8530587733854432,16
2931.0,0.024839743589743585,0.01789529914529914,,8,0.8530587733854432,16
2932.0,0.024839743589743585,0.01789529914529914,,8,0.8530587733854432,16
2933.0,0.024839743589743585,0.01789529914529914,,8,0.8530587733854432,16
2934.0,0.024839743589743585,0.01789529914529914,,8,0.8530587733854432,16
2935.0,0.024839743589743585,0.01789529914529914,,8,0.8530587733854432,16
2936.0,0.024839743589743585,0.01789529914529914,,8,0.8530587733854432,16
2937.0,0.024839743589743585,0.01789529914529914,,8,0.8530587733854432,16
2938.0,0.024839743589743585,0.01789529914529914,,8,0.8530587733854432,16
2939.0,0.024839743589743585,0.01789529914529914,,8,0.8530587733854432,16
2940.0,0.024839743589743585,0.01789529914529914,,8,0.8530587733854432,16
2941.0,0.024839743589743585,0.01789529914529914,,8,0.8530587733854432,16
2942.0,0.024839743589743585,0.01789529914529914,,8,0.8530587733854432,16
2943.0,0.024839743589743585,0.01789529914529914,,8,0.8530587733854432,16
2944.0,0.024839743589743585,0.01789529914529914,,8,0.8530587733854432,16
2945.0,0.024839743589743585,0.01789529914529914,,8,0.8530587733854432,16
2946.0,0.024839743589743585,0.01789529914529914,,8,0.8530587733854432,16
2947.0,0.024839743589743585,0.01789529914529914,,8,0.8530587733854432,16
2948.0,0.024839743589743585,0.01789529914529914,,8,0.8530587733854432,16
2949.0,0.024839743589743585,0.01789529914529914,,8,0.8530587733854432,16
2950.0,0.024839743589743585,0.01789529914529914,,8,0.8530587733854432,16
2951.0,0.024839743589743585,0.01789529914529914,,8,0.8530587733854432,16
2952.0,0.024839743589743585,0.01789529914529914,,8,0.8530587733854432,16
2953.0,0.024839743589743585,0.01789529914529914,,8,0.8530587733854432,16
2954.0,0.024839743589743585,0.01789529914529914,,8,0.8530587733854432,16
2955.0,0.024839743589743585,0.01789529914529914,,8,0.8530587733854432,16
2956.0,0.024839743589743585,0.01789529914529914,,8,0.8530587733854432,16
2957.0,0.024839743589743585,0.01789529914529914,,8,0.8530587733854432,16
2958.0,0.024839743589743585,0.01789529914529914,,8,0.8530587733854432,16
2959.0,0.024839743589743585,0.01789529914529914,,8,0.8530587733854432,16
2960.0,0.024839743589743585,0.01789529914529914,,8,0.8530587733854432,16
2961.0,0.024839743589743585,0.01789529914529914,,8,0.8530587733854432,16
2962.0,0.024839743589743585,0.01789529914529914,,8,0.8530587733854432,16
2963.0,0.024839743589743585,0.01789529914529914,,8,0.8530587733854432,16
2964.0,0.024839743589743585,0.01789529914529914,,8,0.8530587733854432,16
2965.0,0.024839743589743585,0.01789529914529914,,8,0.8530587733854432,16
2966.0,0.024839743589743585,0.01789529914529914,,8,0.8530587733854432,16
2967.0,0.024839743589743585,0.01789529914529914,,8,0.8530587733854432,16
2968.0,0.024839743589743585,0.01789529914529914,,8,0.8530587733854432,16
2969.0,0.024839743589743585,0.01789529914529914,,8,0.8530587733854432,16
2970.0,0.024839743589743585,0.01789529914529914,,8,0.8530587733854432,16
2971.0,0.024839743589743585,0.01789529914529914,,8,0.8530587733854432,16
2972.0,0.024839743589743585,0.01789529914529914,,8,0.8530587733854432,16
2973.0,0.024839743589743585,0.01789529914529914,,8,0.8530587733854432,16
2974.0,0.024839743589743585,0.01789529914529914,,8,0.8530587733854432,16
2975.0,0.024839743589743585,0.01789529914529914,,8,0.8530587733854432,16
2976.0,0.024839743589743585,0.01789529914529914,,8,0.8530587733854432,16
2977.0,0.024839743589743585,0.01789529914529914,,8,0.8530587733854432,16
2978.0,0.024839743589743585,0.01789529914529914,,8,0.8530587733854432,16
2979.0,0.024839743589743585,0.01789529914529914,,8,0.8530587733854432,16
2980.0,0.024839743589743585,0.01789529914529914,,8,0.8530587733854432,16
2981.0,0.024839743589743585,0.01789529914529914,,8,0.8530587733854432,16
2982.0,0.024839743589743585,0.01789529914529914,,8,0.8530587733854432,16
2983.0,0.024839743589743585,0.01789529914529914,,8,0.8530587733854432,16
2984.0,0.024839743589743585,0.01789529914529914,,8,0.8530587733854432,16
2985.0,0.024839743589743585,0.01789529914529914,,8,0.8530587733854432,16
2986.0,0.024839743589743585,0.01789529914529914,,8,0.8530587733854432,16
2987.0,0.024839743589743585,0.01789529914529914,,8,0.8530587733854432,16
2988.0,0.024839743589743585,0.01789529914529914,,8,0.8530587733854432,16
2989.0,0.024839743589743585,0.01789529914529914,,8,0.8530587733854432,16
2990.0,0.024839743589743585,0.01789529914529914,,8,0.8530587733854432,16
2991.0,0.024839743589743585,0.01789529914529914,,8,0.8530587733854432,16
2992.0,0.024839743589743585,0.01789529914529914,,8,0.8530587733854432,16
2993.0,0.024839743589743585,0.01789529914529914,,8,0.8530587733854432,16
2994.0,0.024839743589743585,0.01789529914529914,,8,0.8530587733854432,16
2995.0,0.024839743589743585,0.01789529914529914,,8,0.8530587733854432,16
2996.0,0.024839743589743585,0.01789529914529914,,8,0.8530587733854432,16
2997.0,0.024839743589743585,0.01789529914529914,,8,0.8530587733854432,16
2998.0,0.024839743589743585,0.01789529914529914,,8,0.8530587733854432,16
2999.0,0.024839743589743585,0.01789529914529914,,8,0.8530587733854432,16
3000.0,0.024839743589743585,0.01789529914529914,,8,0.8530587733854432,16
3001.0,0.024839743589743585,0.01789529914529914,,8,0.8530587733854432,16
3002.0,0.024839743589743585,0.01789529914529914,,8,0.8530587733854432,16
3003.0,0.024839743589743585,0.01789529914529914,,8,0.8530587733854432,16
3004.0,0.024839743589743585,0.01789529914529914,,8,0.8530587733854432,16
3005.0,0.024839743589743585,0.01789529914529914,,8,0.8530587733854432,16
3006.0,0.024839743589743585,0.01789529914529914,,8,0.8530587733854432,16
3007.0,0.024839743589743585,0.01789529914529914,,8,0.8530587733854432,16
3008.0,0.024839743589743585,0.01789529914529914,,8,0.8530587733854432,16
3009.0,0.024839743589743585,0.01789529914529914,,8,0.8530587733854432,16
3010.0,0.024839743589743585,0.01789529914529914,,8,0.8530587733854432,16
3011.0,0.024839743589743585,0.01789529914529914,,8,0.8530587733854432,16
3012.0,0.024839743589743585,0.01789529914529914,,8,0.8530587733854432,16
3013.0,0.024839743589743585,0.01789529914529914,,8,0.8530587733854432,16
3014.0,0.024839743589743585,0.01789529914529914,,8,0.8530587733854432,16
3015.0,0.024839743589743585,0.01789529914529914,,8,0.8530587733854432,16
3016.0,0.024839743589743585,0.01789529914529914,,8,0.8530587733854432,16
3017.0,0.024839743589743585,0.01789529914529914,,8,0.8530587733854432,16
3018.0,0.024839743589743585,0.01789529914529914,,8,0.8530587733854432,16
3019.0,0.024839743589743585,0.01789529914529914,,8,0.8530587733854432,16
3020.0,0.024839743589743585,0.01789529914529914,,8,0.8530587733854432,16
3021.0,0.024839743589743585,0.01789529914529914,,8,0.8530587733854432,16
3022.0,0.024839743589743585,0.01789529914529914,,8,0.8530587733854432,16
3023.0,0.024839743589743585,0.01789529914529914,,8,0.8530587733854432,16
3024.0,0.024839743589743585,0.01789529914529914,,8,0.8530587733854432,16
3025.0,0.024839743589743585,0.01789529914529914,,8,0.8530587733854432,16
3026.0,0.024839743589743585,0.01789529914529914,,8,0.8530587733854432,16
3027.0,0.024839743589743585,0.01789529914529914,,8,0.8530587733854432,16
3028.0,0.024839743589743585,0.01789529914529914,,8,0.8530587733854432,16
3029.0,0.024839743589743585,0.01789529914529914,,8,0.8530587733854432,16
3030.0,0.024839743589743585,0.01789529914529914,,8,0.8530587733854432,16
3031.0,0.024839743589743585,0.01789529914529914,,8,0.8530587733854432,16
3032.0,0.024839743589743585,0.01789529914529914,,8,0.8530587733854432,16
3033.0,0.024839743589743585,0.01789529914529914,,8,0.8530587733854432,16
3034.0,0.024839743589743585,0.01789529914529914,,8,0.8530587733854432,16
3035.0,0.024839743589743585,0.01789529914529914,,8,0.8530587733854432,16
3036.0,0.024839743589743585,0.01789529914529914,,8,0.8530587733854432,16
3037.0,0.024839743589743585,0.01789529914529914,,8,0.8530587733854432,16
3038.0,0.024839743589743585,0.01789529914529914,,8,0.8530587733854432,16
3039.0,0.024839743589743585,0.01789529914529914,,8,0.8530587733854432,16
3040.0,0.024839743589743585,0.01789529914529914,,8,0.8530587733854432,16
3041.0,0.024839743589743585,0.01789529914529914,,8,0.8530587733854432,16
3042.0,0.024839743589743585,0.01789529914529914,,8,0.8530587733854432,16
3043.0,0.024839743589743585,0.01789529914529914,,8,0.8530587733854432,16
3044.0,0.024839743589743585,0.01789529914529914,,8,0.8530587733854432,16
3045.0,0.024839743589743585,0.01789529914529914,,8,0.8530587733854432,16
3046.0,0.024839743589743585,0.01789529914529914,,8,0.8530587733854432,16
3047.0,0.024839743589743585,0.01789529914529914,,8,0.8530587733854432,16
3048.0,0.024839743589743585,0.01789529914529914,,8,0.8530587733854432,16
3049.0,0.024839743589743585,0.01789529914529914,,8,0.8530587733854432,16
3050.0,0.024839743589743585,0.01789529914529914,,8,0.8530587733854432,16
3051.0,0.024839743589743585,0.01789529914529914,,8,0.8530587733854432,16
3052.0,0.024839743589743585,0.01789529914529914,,8,0.8530587733854432,16
3053.0,0.024839743589743585,0.01789529914529914,,8,0.8530587733854432,16
3054.0,0.024839743589743585,0.01789529914529914,,8,0.8530587733854432,16
3055.0,0.024839743589743585,0.01789529914529914,,8,0.8530587733854432,16
3056.0,0.024839743589743585,0.01789529914529914,,8,0.8530587733854432,16
3057.0,0.024839743589743585,0.01789529914529914,,8,0.8530587733854432,16
3058.0,0.024839743589743585,0.01789529914529914,,8,0.8530587733854432,16
3059.0,0.024839743589743585,0.01789529914529914,,8,0.8530587733854432,16
3060.0,0.024839743589743585,0.01789529914529914,,8,0.8530587733854432,16
3061.0,0.024839743589743585,0.01789529914529914,,8,0.8530587733854432,16
3062.0,0.024839743589743585,0.01789529914529914,,8,0.8530587733854432,16
3063.0,0.024839743589743585,0.01789529914529914,,8,0.8530587733854432,16
3064.0,0.024839743589743585,0.01789529914529914,,8,0.8530587733854432,16
3065.0,0.024839743589743585,0.01789529914529914,,8,0.8530587733854432,16
3066.0,0.024839743589743585,0.01789529914529914,,8,0.8530587733854432,16
3067.0,0.024839743589743585,0.01789529914529914,,8,0.8530587733854432,16
3068.0,0.024839743589743585,0.01789529914529914,,8,0.8530587733854432,16
3069.0,0.024839743589743585,0.01789529914529914,,8,0.8530587733854432,16
3070.0,0.024839743589743585,0.01789529914529914,,8,0.8530587733854432,16
3071.0,0.024839743589743585,0.01789529914529914,,8,0.8530587733854432,16
3072.0,0.024839743589743585,0.01789529914529914,,8,0.8530587733854432,16
3073.0,0.024839743589743585,0.01789529914529914,,8,0.8530587733854432,16
3074.0,0.024839743589743585,0.01789529914529914,,8,0.8530587733854432,16
3075.0,0.024839743589743585,0.01789529914529914,,8,0.8530587733854432,16
3076.0,0.024839743589743585,0.01789529914529914,,8,0.8530587733854432,16
3077.0,0.024839743589743585,0.01789529914529914,,8,0.8530587733854432,16
3078.0,0.024839743589743585,0.01789529914529914,,8,0.8530587733854432,16
3079.0,0.024839743589743585,0.01789529914529914,,8,0.8530587733854432,16
3080.0,0.024839743589743585,0.01789529914529914,,8,0.8530587733854432,16
3081.0,0.024839743589743585,0.01789529914529914,,8,0.8530587733854432,16
3082.0,0.024839743589743585,0.01789529914529914,,8,0.8530587733854432,16
3083.0,0.024839743589743585,0.01789529914529914,,8,0.8530587733854432,16
3084.0,0.024839743589743585,0.01789529914529914,,8,0.8530587733854432,16
3085.0,0.024839743589743585,0.01789529914529914,,8,0.8530587733854432,16
3086.0,0.024839743589743585,0.01789529914529914,,8,0.8530587733854432,16
3087.0,0.024839743589743585,0.01789529914529914,,8,0.8530587733854432,16
3088.0,0.024839743589743585,0.01789529914529914,,8,0.8530587733854432,16
3089.0,0.024839743589743585,0.01789529914529914,,8,0.8530587733854432,16
3090.0,0.024839743589743585,0.01789529914529914,,8,0.8530587733854432,16
3091.0,0.024839743589743585,0.01789529914529914,,8,0.8530587733854432,16
3092.0,0.024839743589743585,0.01789529914529914,,8,0.8530587733854432,16
3093.0,0.024839743589743585,0.01789529914529914,,8,0.8530587733854432,16
3094.0,0.024839743589743585,0.01789529914529914,,8,0.8530587733854432,16
3095.0,0.024839743589743585,0.01789529914529914,,8,0.8530587733854432,16
3096.0,0.024839743589743585,0.01789529914529914,,8,0.8530587733854432,16
3097.0,0.024839743589743585,0.01789529914529914,,8,0.8530587733854432,16
3098.0,0.024839743589743585,0.01789529914529914,,8,0.8530587733854432,16
3099.0,0.024839743589743585,0.01789529914529914,,8,0.8530587733854432,16
3100.0,0.024839743589743585,0.01789529914529914,,8,0.8530587733854432,16
3101.0,0.024839743589743585,0.01789529914529914,,8,0.8530587733854432,16
3102.0,0.024839743589743585,0.01789529914529914,,8,0.8530587733854432,16
3103.0,0.024839743589743585,0.01789529914529914,,8,0.8530587733854432,16
3104.0,0.024839743589743585,0.01789529914529914,,8,0.8530587733854432,16
3105.0,0.024839743589743585,0.01789529914529914,,8,0.8530587733854432,16
3106.0,0.024839743589743585,0.01789529914529914,,8,0.8530587733854432,16
3107.0,0.024839743589743585,0.01789529914529914,,8,0.8530587733854432,16
3108.0,0.024839743589743585,0.01789529914529914,,8,0.8530587733854432,16
3109.0,0.024839743589743585,0.01789529914529914,,8,0.8530587733854432,16
3110.0,0.024839743589743585,0.01789529914529914,,8,0.8530587733854432,16
3111.0,0.024839743589743585,0.01789529914529914,,8,0.8530587733854432,16
3112.0,0.024839743589743585,0.01789529914529914,,8,0.8530587733854432,16
3113.0,0.024839743589743585,0.01789529914529914,,8,0.8530587733854432,16
3114.0,0.024839743589743585,0.01789529914529914,,8,0.8530587733854432,16
3115.0,0.024839743589743585,0.01789529914529914,,8,0.8530587733854432,16
3116.0,0.024839743589743585,0.01789529914529914,,8,0.8530587733854432,16
3117.0,0.024839743589743585,0.01789529914529914,,8,0.8530587733854432,16
3118.0,0.024839743589743585,0.01789529914529914,,8,0.8530587733854432,16
3119.0,0.024839743589743585,0.01789529914529914,,8,0.8530587733854432,16
3120.0,0.024839743589743585,0.01789529914529914,,8,0.8530587733854432,16
3121.0,0.024839743589743585,0.01789529914529914,,8,0.8530587733854432,16
3122.0,0.024839743589743585,0.01789529914529914,,8,0.8530587733854432,16
3123.0,0.024839743589743585,0.01789529914529914,,8,0.8530587733854432,16
3124.0,0.024839743589743585,0.01789529914529914,,8,0.8530587733854432,16
3125.0,0.024839743589743585,0.01789529914529914,,8,0.8530587733854432,16
3126.0,0.024839743589743585,0.01789529914529914,,8,0.8530587733854432,16
3127.0,0.024839743589743585,0.01789529914529914,,8,0.8530587733854432,16
3128.0,0.024839743589743585,0.01789529914529914,,8,0.8530587733854432,16
3129.0,0.024839743589743585,0.01789529914529914,,8,0.8530587733854432,16
3130.0,0.024839743589743585,0.01789529914529914,,8,0.8530587733854432,16
3131.0,0.024839743589743585,0.01789529914529914,,8,0.8530587733854432,16
3132.0,0.024839743589743585,0.01789529914529914,,8,0.8530587733854432,16
3133.0,0.024839743589743585,0.01789529914529914,,8,0.8530587733854432,16
3134.0,0.024839743589743585,0.01789529914529914,,8,0.8530587733854432,16
3135.0,0.024839743589743585,0.01789529914529914,,8,0.8530587733854432,16
3136.0,0.024839743589743585,0.01789529914529914,,8,0.8530587733854432,16
3137.0,0.024839743589743585,0.01789529914529914,,8,0.8530587733854432,16
3138.0,0.024839743589743585,0.01789529914529914,,8,0.8530587733854432,16
3139.0,0.024839743589743585,0.01789529914529914,,8,0.8530587733854432,16
3140.0,0.024839743589743585,0.01789529914529914,,8,0.8530587733854432,16
3141.0,0.024839743589743585,0.01789529914529914,,8,0.8530587733854432,16
3142.0,0.024839743589743585,0.01789529914529914,,8,0.8530587733854432,16
3143.0,0.024839743589743585,0.01789529914529914,,8,0.8530587733854432,16
3144.0,0.024839743589743585,0.01789529914529914,,8,0.8530587733854432,16
3145.0,0.024839743589743585,0.01789529914529914,,8,0.8530587733854432,16
3146.0,0.024839743589743585,0.01789529914529914,,8,0.8530587733854432,16
3147.0,0.024839743589743585,0.01789529914529914,,8,0.8530587733854432,16
3148.0,0.024839743589743585,0.01789529914529914,,8,0.8530587733854432,16
3149.0,0.024839743589743585,0.01789529914529914,,8,0.8530587733854432,16
3150.0,0.024839743589743585,0.01789529914529914,,8,0.8530587733854432,16
3151.0,0.024839743589743585,0.01789529914529914,,8,0.8530587733854432,16
3152.0,0.024839743589743585,0.01789529914529914,,8,0.8530587733854432,16
3153.0,0.024839743589743585,0.01789529914529914,,8,0.8530587733854432,16
3154.0,0.024839743589743585,0.01789529914529914,,8,0.8530587733854432,16
3155.0,0.024839743589743585,0.01789529914529914,,8,0.8530587733854432,16
3156.0,0.024839743589743585,0.01789529914529914,,8,0.8530587733854432,16
3157.0,0.024839743589743585,0.01789529914529914,,8,0.8530587733854432,16
3158.0,0.024839743589743585,0.01789529914529914,,8,0.8530587733854432,16
3159.0,0.024839743589743585,0.01789529914529914,,8,0.8530587733854432,16
3160.0,0.024839743589743585,0.01789529914529914,,8,0.8530587733854432,16
3161.0,0.024839743589743585,0.01789529914529914,,8,0.8530587733854432,16
3162.0,0.024839743589743585,0.01789529914529914,,8,0.8530587733854432,16
3163.0,0.024839743589743585,0.01789529914529914,,8,0.8530587733854432,16
3164.0,0.024839743589743585,0.01789529914529914,,8,0.8530587733854432,16
3165.0,0.024839743589743585,0.01789529914529914,,8,0.8530587733854432,16
3166.0,0.024839743589743585,0.01789529914529914,,8,0.8530587733854432,16
3167.0,0.024839743589743585,0.01789529914529914,,8,0.8530587733854432,16
3168.0,0.024839743589743585,0.01789529914529914,,8,0.8530587733854432,16
3169.0,0.024839743589743585,0.01789529914529914,,8,0.8530587733854432,16
3170.0,0.024839743589743585,0.01789529914529914,,8,0.8530587733854432,16
3171.0,0.024839743589743585,0.01789529914529914,,8,0.8530587733854432,16
3172.0,0.024839743589743585,0.01789529914529914,,8,0.8530587733854432,16
3173.0,0.024839743589743585,0.01789529914529914,,8,0.8530587733854432,16
3174.0,0.024839743589743585,0.01789529914529914,,8,0.8530587733854432,16
3175.0,0.024839743589743585,0.01789529914529914,,8,0.8530587733854432,16
3176.0,0.024839743589743585,0.01789529914529914,,8,0.8530587733854432,16
3177.0,0.024839743589743585,0.01789529914529914,,8,0.8530587733854432,16
3178.0,0.024839743589743585,0.01789529914529914,,8,0.8530587733854432,16
3179.0,0.024839743589743585,0.01789529914529914,,8,0.8530587733854432,16
3180.0,0.024839743589743585,0.01789529914529914,,8,0.8530587733854432,16
3181.0,0.024839743589743585,0.01789529914529914,,8,0.8530587733854432,16
3182.0,0.024839743589743585,0.01789529914529914,,8,0.8530587733854432,16
3183.0,0.024839743589743585,0.01789529914529914,,8,0.8530587733854432,16
3184.0,0.024839743589743585,0.01789529914529914,,8,0.8530587733854432,16
3185.0,0.024839743589743585,0.01789529914529914,,8,0.8530587733854432,16
3186.0,0.024839743589743585,0.01789529914529914,,8,0.8530587733854432,16
3187.0,0.024839743589743585,0.01789529914529914,,8,0.8530587733854432,16
3188.0,0.024839743589743585,0.01789529914529914,,8,0.8530587733854432,16
3189.0,0.024839743589743585,0.01789529914529914,,8,0.8530587733854432,16
3190.0,0.024839743589743585,0.01789529914529914,,8,0.8530587733854432,16
3191.0,0.024839743589743585,0.01789529914529914,,8,0.8530587733854432,16
3192.0,0.024839743589743585,0.01789529914529914,,8,0.8530587733854432,16
3193.0,0.024839743589743585,0.01789529914529914,,8,0.8530587733854432,16
3194.0,0.024839743589743585,0.01789529914529914,,8,0.8530587733854432,16
3195.0,0.024839743589743585,0.01789529914529914,,8,0.8530587733854432,16
3196.0,0.024839743589743585,0.01789529914529914,,8,0.8530587733854432,16
3197.0,0.024839743589743585,0.01789529914529914,,8,0.8530587733854432,16
3198.0,0.024839743589743585,0.01789529914529914,,8,0.8530587733854432,16
3199.0,0.024839743589743585,0.01789529914529914,,8,0.8530587733854432,16
3200.0,0.024839743589743585,0.01789529914529914,,8,0.8530587733854432,16
3201.0,0.024839743589743585,0.01789529914529914,,8,0.8530587733854432,16
3202.0,0.024839743589743585,0.01789529914529914,,8,0.8530587733854432,16
3203.0,0.024839743589743585,0.01789529914529914,,8,0.8530587733854432,16
3204.0,0.024839743589743585,0.01789529914529914,,8,0.8530587733854432,16
3205.0,0.024839743589743585,0.01789529914529914,,8,0.8530587733854432,16
3206.0,0.024839743589743585,0.01789529914529914,,8,0.8530587733854432,16
3207.0,0.024839743589743585,0.01789529914529914,,8,0.8530587733854432,16
3208.0,0.024839743589743585,0.01789529914529914,,8,0.8530587733854432,16
3209.0,0.024839743589743585,0.01789529914529914,,8,0.8530587733854432,16
3210.0,0.024839743589743585,0.01789529914529914,,8,0.8530587733854432,16
3211.0,0.024839743589743585,0.01789529914529914,,8,0.8530587733854432,16
3212.0,0.024839743589743585,0.01789529914529914,,8,0.8530587733854432,16
3213.0,0.024839743589743585,0.01789529914529914,,8,0.8530587733854432,16
3214.0,0.024839743589743585,0.01789529914529914,,8,0.8530587733854432,16
3215.0,0.024839743589743585,0.01789529914529914,,8,0.8530587733854432,16
3216.0,0.024839743589743585,0.01789529914529914,,8,0.8530587733854432,16
3217.0,0.024839743589743585,0.01789529914529914,,8,0.8530587733854432,16
3218.0,0.024839743589743585,0.01789529914529914,,8,0.8530587733854432,16
3219.0,0.024839743589743585,0.01789529914529914,,8,0.8530587733854432,16
3220.0,0.024839743589743585,0.01789529914529914,,8,0.8530587733854432,16
3221.0,0.024839743589743585,0.01789529914529914,,8,0.8530587733854432,16
3222.0,0.024839743589743585,0.01789529914529914,,8,0.8530587733854432,16
3223.0,0.024839743589743585,0.01789529914529914,,8,0.8530587733854432,16
3224.0,0.024839743589743585,0.01789529914529914,,8,0.8530587733854432,16
3225.0,0.024839743589743585,0.01789529914529914,,8,0.8530587733854432,16
3226.0,0.024839743589743585,0.01789529914529914,,8,0.8530587733854432,16
3227.0,0.024839743589743585,0.01789529914529914,,8,0.8530587733854432,16
3228.0,0.024839743589743585,0.01789529914529914,,8,0.8530587733854432,16
3229.0,0.024839743589743585,0.01789529914529914,,8,0.8530587733854432,16
3230.0,0.024839743589743585,0.01789529914529914,,8,0.8530587733854432,16
3231.0,0.024839743589743585,0.01789529914529914,,8,0.8530587733854432,16
3232.0,0.024839743589743585,0.01789529914529914,,8,0.8530587733854432,16
3233.0,0.024839743589743585,0.01789529914529914,,8,0.8530587733854432,16
3234.0,0.024839743589743585,0.01789529914529914,,8,0.8530587733854432,16
3235.0,0.024839743589743585,0.01789529914529914,,8,0.8530587733854432,16
3236.0,0.024839743589743585,0.01789529914529914,,8,0.8530587733854432,16
3237.0,0.024839743589743585,0.01789529914529914,,8,0.8530587733854432,16
3238.0,0.024839743589743585,0.01789529914529914,,8,0.8530587733854432,16
3239.0,0.024839743589743585,0.01789529914529914,,8,0.8530587733854432,16
3240.0,0.024839743589743585,0.01789529914529914,,8,0.8530587733854432,16
3241.0,0.024839743589743585,0.01789529914529914,,8,0.8530587733854432,16
3242.0,0.024839743589743585,0.01789529914529914,,8,0.8530587733854432,16
3243.0,0.024839743589743585,0.01789529914529914,,8,0.8530587733854432,16
3244.0,0.024839743589743585,0.01789529914529914,,8,0.8530587733854432,16
3245.0,0.024839743589743585,0.01789529914529914,,8,0.8530587733854432,16
3246.0,0.024839743589743585,0.01789529914529914,,8,0.8530587733854432,16
3247.0,0.024839743589743585,0.01789529914529914,,8,0.8530587733854432,16
3248.0,0.024839743589743585,0.01789529914529914,,8,0.8530587733854432,16
3249.0,0.024839743589743585,0.01789529914529914,,8,0.8530587733854432,16
3250.0,0.024839743589743585,0.01789529914529914,,8,0.8530587733854432,16
3251.0,0.024839743589743585,0.01789529914529914,,8,0.8530587733854432,16
3252.0,0.024839743589743585,0.01789529914529914,,8,0.8530587733854432,16
3253.0,0.024839743589743585,0.01789529914529914,,8,0.8530587733854432,16
3254.0,0.024839743589743585,0.01789529914529914,,8,0.8530587733854432,16
3255.0,0.024839743589743585,0.01789529914529914,,8,0.8530587733854432,16
3256.0,0.024839743589743585,0.01789529914529914,,8,0.8530587733854432,16
3257.0,0.024839743589743585,0.01789529914529914,,8,0.8530587733854432,16
3258.0,0.024839743589743585,0.01789529914529914,,8,0.8530587733854432,16
3259.0,0.024839743589743585,0.01789529914529914,,8,0.8530587733854432,16
3260.0,0.024839743589743585,0.01789529914529914,,8,0.8530587733854432,16
3261.0,0.024839743589743585,0.01789529914529914,,8,0.8530587733854432,16
3262.0,0.024839743589743585,0.01789529914529914,,8,0.8530587733854432,16
3263.0,0.024839743589743585,0.01789529914529914,,8,0.8530587733854432,16
3264.0,0.024839743589743585,0.01789529914529914,,8,0.8530587733854432,16
3265.0,0.024839743589743585,0.01789529914529914,,8,0.8530587733854432,16
3266.0,0.024839743589743585,0.01789529914529914,,8,0.8530587733854432,16
3267.0,0.024839743589743585,0.01789529914529914,,8,0.8530587733854432,16
3268.0,0.024839743589743585,0.01789529914529914,,8,0.8530587733854432,16
3269.0,0.024839743589743585,0.01789529914529914,,8,0.8530587733854432,16
3270.0,0.024839743589743585,0.01789529914529914,,8,0.8530587733854432,16
3271.0,0.024839743589743585,0.01789529914529914,,8,0.8530587733854432,16
3272.0,0.024839743589743585,0.01789529914529914,,8,0.8530587733854432,16
3273.0,0.024839743589743585,0.01789529914529914,,8,0.8530587733854432,16
3274.0,0.024839743589743585,0.01789529914529914,,8,0.8530587733854432,16
3275.0,0.024839743589743585,0.01789529914529914,,8,0.8530587733854432,16
3276.0,0.024839743589743585,0.01789529914529914,,8,0.8530587733854432,16
3277.0,0.024839743589743585,0.01789529914529914,,8,0.8530587733854432,16
3278.0,0.024839743589743585,0.01789529914529914,,8,0.8530587733854432,16
3279.0,0.024839743589743585,0.01789529914529914,,8,0.8530587733854432,16
3280.0,0.024839743589743585,0.01789529914529914,,8,0.8530587733854432,16
3281.0,0.024839743589743585,0.01789529914529914,,8,0.8530587733854432,16
3282.0,0.024839743589743585,0.01789529914529914,,8,0.8530587733854432,16
3283.0,0.024839743589743585,0.01789529914529914,,8,0.8530587733854432,16
3284.0,0.024839743589743585,0.01789529914529914,,8,0.8530587733854432,16
3285.0,0.024839743589743585,0.01789529914529914,,8,0.8530587733854432,16
3286.0,0.024839743589743585,0.01789529914529914,,8,0.8530587733854432,16
3287.0,0.024839743589743585,0.01789529914529914,,8,0.8530587733854432,16
3288.0,0.024839743589743585,0.01789529914529914,,8,0.8530587733854432,16
3289.0,0.024839743589743585,0.01789529914529914,,8,0.8530587733854432,16
3290.0,0.024839743589743585,0.01789529914529914,,8,0.8530587733854432,16
3291.0,0.024839743589743585,0.01789529914529914,,8,0.8530587733854432,16
3292.0,0.024839743589743585,0.01789529914529914,,8,0.8530587733854432,16
3293.0,0.024839743589743585,0.01789529914529914,,8,0.8530587733854432,16
3294.0,0.024839743589743585,0.01789529914529914,,8,0.8530587733854432,16
3295.0,0.024839743589743585,0.01789529914529914,,8,0.8530587733854432,16
3296.0,0.024839743589743585,0.01789529914529914,,8,0.8530587733854432,16
3297.0,0.024839743589743585,0.01789529914529914,,8,0.8530587733854432,16
3298.0,0.024839743589743585,0.01789529914529914,,8,0.8530587733854432,16
3299.0,0.024839743589743585,0.01789529914529914,,8,0.8530587733854432,16
3300.0,0.024839743589743585,0.01789529914529914,,8,0.8530587733854432,16
3301.0,0.024839743589743585,0.01789529914529914,,8,0.8530587733854432,16
3302.0,0.024839743589743585,0.01789529914529914,,8,0.8530587733854432,16
3303.0,0.024839743589743585,0.01789529914529914,,8,0.8530587733854432,16
3304.0,0.024839743589743585,0.01789529914529914,,8,0.8530587733854432,16
3305.0,0.024839743589743585,0.01789529914529914,,8,0.8530587733854432,16
3306.0,0.024839743589743585,0.01789529914529914,,8,0.8530587733854432,16
3307.0,0.024839743589743585,0.01789529914529914,,8,0.8530587733854432,16
3308.0,0.024839743589743585,0.01789529914529914,,8,0.8530587733854432,16
3309.0,0.024839743589743585,0.01789529914529914,,8,0.8530587733854432,16
3310.0,0.024839743589743585,0.01789529914529914,,8,0.8530587733854432,16
3311.0,0.024839743589743585,0.01789529914529914,,8,0.8530587733854432,16
3312.0,0.024839743589743585,0.01789529914529914,,8,0.8530587733854432,16
3313.0,0.024839743589743585,0.01789529914529914,,8,0.8530587733854432,16
3314.0,0.024839743589743585,0.01789529914529914,,8,0.8530587733854432,16
3315.0,0.024839743589743585,0.01789529914529914,,8,0.8530587733854432,16
3316.0,0.024839743589743585,0.01789529914529914,,8,0.8530587733854432,16
3317.0,0.024839743589743585,0.01789529914529914,,8,0.8530587733854432,16
3318.0,0.024839743589743585,0.01789529914529914,,8,0.8530587733854432,16
3319.0,0.024839743589743585,0.01789529914529914,,8,0.8530587733854432,16
3320.0,0.024839743589743585,0.01789529914529914,,8,0.8530587733854432,16
3321.0,0.024839743589743585,0.01789529914529914,,8,0.8530587733854432,16
3322.0,0.024839743589743585,0.01789529914529914,,8,0.8530587733854432,16
3323.0,0.024839743589743585,0.01789529914529914,,8,0.8530587733854432,16
3324.0,0.024839743589743585,0.01789529914529914,,8,0.8530587733854432,16
3325.0,0.024839743589743585,0.01789529914529914,,8,0.8530587733854432,16
3326.0,0.024839743589743585,0.01789529914529914,,8,0.8530587733854432,16
3327.0,0.024839743589743585,0.01789529914529914,,8,0.8530587733854432,16
3328.0,0.024839743589743585,0.01789529914529914,,8,0.8530587733854432,16
3329.0,0.024839743589743585,0.01789529914529914,,8,0.8530587733854432,16
3330.0,0.024839743589743585,0.01789529914529914,,8,0.8530587733854432,16
3331.0,0.024839743589743585,0.01789529914529914,,8,0.8530587733854432,16
3332.0,0.024839743589743585,0.01789529914529914,,8,0.8530587733854432,16
3333.0,0.024839743589743585,0.01789529914529914,,8,0.8530587733854432,16
3334.0,0.024839743589743585,0.01789529914529914,,8,0.8530587733854432,16
3335.0,0.024839743589743585,0.01789529914529914,,8,0.8530587733854432,16
3336.0,0.024839743589743585,0.01789529914529914,,8,0.8530587733854432,16
3337.0,0.024839743589743585,0.01789529914529914,,8,0.8530587733854432,16
3338.0,0.024839743589743585,0.01789529914529914,,8,0.8530587733854432,16
3339.0,0.024839743589743585,0.01789529914529914,,8,0.8530587733854432,16
3340.0,0.024839743589743585,0.01789529914529914,,8,0.8530587733854432,16
3341.0,0.024839743589743585,0.01789529914529914,,8,0.8530587733854432,16
3342.0,0.024839743589743585,0.01789529914529914,,8,0.8530587733854432,16
3343.0,0.024839743589743585,0.01789529914529914,,8,0.8530587733854432,16
3344.0,0.024839743589743585,0.01789529914529914,,8,0.8530587733854432,16
3345.0,0.024839743589743585,0.01789529914529914,,8,0.8530587733854432,16
3346.0,0.024839743589743585,0.01789529914529914,,8,0.8530587733854432,16
3347.0,0.024839743589743585,0.01789529914529914,,8,0.8530587733854432,16
3348.0,0.024839743589743585,0.01789529914529914,,8,0.8530587733854432,16
3349.0,0.024839743589743585,0.01789529914529914,,8,0.8530587733854432,16
3350.0,0.024839743589743585,0.01789529914529914,,8,0.8530587733854432,16
3351.0,0.024839743589743585,0.01789529914529914,,8,0.8530587733854432,16
3352.0,0.024839743589743585,0.01789529914529914,,8,0.8530587733854432,16
3353.0,0.024839743589743585,0.01789529914529914,,8,0.8530587733854432,16
3354.0,0.024839743589743585,0.01789529914529914,,8,0.8530587733854432,16
3355.0,0.024839743589743585,0.01789529914529914,,8,0.8530587733854432,16
3356.0,0.024839743589743585,0.01789529914529914,,8,0.8530587733854432,16
3357.0,0.024839743589743585,0.01789529914529914,,8,0.8530587733854432,16
3358.0,0.024839743589743585,0.01789529914529914,,8,0.8530587733854432,16
3359.0,0.024839743589743585,0.01789529914529914,,8,0.8530587733854432,16
3360.0,0.024839743589743585,0.01789529914529914,,8,0.8530587733854432,16
3361.0,0.024839743589743585,0.01789529914529914,,8,0.8530587733854432,16
3362.0,0.024839743589743585,0.01789529914529914,,8,0.8530587733854432,16
3363.0,0.024839743589743585,0.01789529914529914,,8,0.8530587733854432,16
3364.0,0.024839743589743585,0.01789529914529914,,8,0.8530587733854432,16
3365.0,0.024839743589743585,0.01789529914529914,,8,0.8530587733854432,16
3366.0,0.024839743589743585,0.01789529914529914,,8,0.8530587733854432,16
3367.0,0.024839743589743585,0.01789529914529914,,8,0.8530587733854432,16
3368.0,0.024839743589743585,0.01789529914529914,,8,0.8530587733854432,16
3369.0,0.024839743589743585,0.01789529914529914,,8,0.8530587733854432,16
3370.0,0.024839743589743585,0.01789529914529914,,8,0.8530587733854432,16
3371.0,0.024839743589743585,0.01789529914529914,,8,0.8530587733854432,16
3372.0,0.024839743589743585,0.01789529914529914,,8,0.8530587733854432,16
3373.0,0.024839743589743585,0.01789529914529914,,8,0.8530587733854432,16
3374.0,0.024839743589743585,0.01789529914529914,,8,0.8530587733854432,16
3375.0,0.024839743589743585,0.01789529914529914,,8,0.8530587733854432,16
3376.0,0.024839743589743585,0.01789529914529914,,8,0.8530587733854432,16
3377.0,0.024839743589743585,0.01789529914529914,,8,0.8530587733854432,16
3378.0,0.024839743589743585,0.01789529914529914,,8,0.8530587733854432,16
3379.0,0.024839743589743585,0.01789529914529914,,8,0.8530587733854432,16
3380.0,0.024839743589743585,0.01789529914529914,,8,0.8530587733854432,16
3381.0,0.024839743589743585,0.01789529914529914,,8,0.8530587733854432,16
3382.0,0.024839743589743585,0.01789529914529914,,8,0.8530587733854432,16
3383.0,0.024839743589743585,0.01789529914529914,,8,0.8530587733854432,16
3384.0,0.024839743589743585,0.01789529914529914,,8,0.8530587733854432,16
3385.0,0.024839743589743585,0.01789529914529914,,8,0.8530587733854432,16
3386.0,0.024839743589743585,0.01789529914529914,,8,0.8530587733854432,16
3387.0,0.024839743589743585,0.01789529914529914,,8,0.8530587733854432,16
3388.0,0.024839743589743585,0.01789529914529914,,8,0.8530587733854432,16
3389.0,0.024839743589743585,0.01789529914529914,,8,0.8530587733854432,16
3390.0,0.024839743589743585,0.01789529914529914,,8,0.8530587733854432,16
3391.0,0.024839743589743585,0.01789529914529914,,8,0.8530587733854432,16
3392.0,0.024839743589743585,0.01789529914529914,,8,0.8530587733854432,16
3393.0,0.024839743589743585,0.01789529914529914,,8,0.8530587733854432,16
3394.0,0.024839743589743585,0.01789529914529914,,8,0.8530587733854432,16
3395.0,0.024839743589743585,0.01789529914529914,,8,0.8530587733854432,16
3396.0,0.024839743589743585,0.01789529914529914,,8,0.8530587733854432,16
3397.0,0.024839743589743585,0.01789529914529914,,8,0.8530587733854432,16
3398.0,0.024839743589743585,0.01789529914529914,,8,0.8530587733854432,16
3399.0,0.024839743589743585,0.01789529914529914,,8,0.8530587733854432,16
3400.0,0.024839743589743585,0.01789529914529914,,8,0.8530587733854432,16
3401.0,0.024839743589743585,0.01789529914529914,,8,0.8530587733854432,16
3402.0,0.024839743589743585,0.01789529914529914,,8,0.8530587733854432,16
3403.0,0.024839743589743585,0.01789529914529914,,8,0.8530587733854432,16
3404.0,0.024839743589743585,0.01789529914529914,,8,0.8530587733854432,16
3405.0,0.024839743589743585,0.01789529914529914,,8,0.8530587733854432,16
3406.0,0.024839743589743585,0.01789529914529914,,8,0.8530587733854432,16
3407.0,0.024839743589743585,0.01789529914529914,,8,0.8530587733854432,16
3408.0,0.024839743589743585,0.01789529914529914,,8,0.8530587733854432,16
3409.0,0.024839743589743585,0.01789529914529914,,8,0.8530587733854432,16
3410.0,0.024839743589743585,0.01789529914529914,,8,0.8530587733854432,16
3411.0,0.024839743589743585,0.01789529914529914,,8,0.8530587733854432,16
3412.0,0.024839743589743585,0.01789529914529914,,8,0.8530587733854432,16
3413.0,0.024839743589743585,0.01789529914529914,,8,0.8530587733854432,16
3414.0,0.024839743589743585,0.01789529914529914,,8,0.8530587733854432,16
3415.0,0.024839743589743585,0.01789529914529914,,8,0.8530587733854432,16
3416.0,0.024839743589743585,0.01789529914529914,,8,0.8530587733854432,16
3417.0,0.024839743589743585,0.01789529914529914,,8,0.8530587733854432,16
3418.0,0.024839743589743585,0.01789529914529914,,8,0.8530587733854432,16
3419.0,0.024839743589743585,0.01789529914529914,,8,0.8530587733854432,16
3420.0,0.024839743589743585,0.01789529914529914,,8,0.8530587733854432,16
3421.0,0.024839743589743585,0.01789529914529914,,8,0.8530587733854432,16
3422.0,0.024839743589743585,0.01789529914529914,,8,0.8530587733854432,16
3423.0,0.024839743589743585,0.01789529914529914,,8,0.8530587733854432,16
3424.0,0.024839743589743585,0.01789529914529914,,8,0.8530587733854432,16
3425.0,0.024839743589743585,0.01789529914529914,,8,0.8530587733854432,16
3426.0,0.024839743589743585,0.01789529914529914,,8,0.8530587733854432,16
3427.0,0.024839743589743585,0.01789529914529914,,8,0.8530587733854432,16
3428.0,0.024839743589743585,0.01789529914529914,,8,0.8530587733854432,16
3429.0,0.024839743589743585,0.01789529914529914,,8,0.8530587733854432,16
3430.0,0.024839743589743585,0.01789529914529914,,8,0.8530587733854432,16
3431.0,0.024839743589743585,0.01789529914529914,,8,0.8530587733854432,16
3432.0,0.024839743589743585,0.01789529914529914,,8,0.8530587733854432,16
3433.0,0.024839743589743585,0.01789529914529914,,8,0.8530587733854432,16
3434.0,0.024839743589743585,0.01789529914529914,,8,0.8530587733854432,16
3435.0,0.024839743589743585,0.01789529914529914,,8,0.8530587733854432,16
3436.0,0.024839743589743585,0.01789529914529914,,8,0.8530587733854432,16
3437.0,0.024839743589743585,0.01789529914529914,,8,0.8530587733854432,16
3438.0,0.024839743589743585,0.01789529914529914,,8,0.8530587733854432,16
3439.0,0.024839743589743585,0.01789529914529914,,8,0.8530587733854432,16
3440.0,0.024839743589743585,0.01789529914529914,,8,0.8530587733854432,16
3441.0,0.024839743589743585,0.01789529914529914,,8,0.8530587733854432,16
3442.0,0.024839743589743585,0.01789529914529914,,8,0.8530587733854432,16
3443.0,0.024839743589743585,0.01789529914529914,,8,0.8530587733854432,16
3444.0,0.024839743589743585,0.01789529914529914,,8,0.8530587733854432,16
3445.0,0.024839743589743585,0.01789529914529914,,8,0.8530587733854432,16
3446.0,0.024839743589743585,0.01789529914529914,,8,0.8530587733854432,16
3447.0,0.024839743589743585,0.01789529914529914,,8,0.8530587733854432,16
3448.0,0.024839743589743585,0.01789529914529914,,8,0.8530587733854432,16
3449.0,0.024839743589743585,0.01789529914529914,,8,0.8530587733854432,16
3450.0,0.024839743589743585,0.01789529914529914,,8,0.8530587733854432,16
3451.0,0.024839743589743585,0.01789529914529914,,8,0.8530587733854432,16
3452.0,0.024839743589743585,0.01789529914529914,,8,0.8530587733854432,16
3453.0,0.024839743589743585,0.01789529914529914,,8,0.8530587733854432,16
3454.0,0.024839743589743585,0.01789529914529914,,8,0.8530587733854432,16
3455.0,0.024839743589743585,0.01789529914529914,,8,0.8530587733854432,16
3456.0,0.024839743589743585,0.01789529914529914,,8,0.8530587733854432,16
3457.0,0.024839743589743585,0.01789529914529914,,8,0.8530587733854432,16
3458.0,0.024839743589743585,0.01789529914529914,,8,0.8530587733854432,16
3459.0,0.024839743589743585,0.01789529914529914,,8,0.8530587733854432,16
3460.0,0.024839743589743585,0.01789529914529914,,8,0.8530587733854432,16
3461.0,0.024839743589743585,0.01789529914529914,,8,0.8530587733854432,16
3462.0,0.024839743589743585,0.01789529914529914,,8,0.8530587733854432,16
3463.0,0.024839743589743585,0.01789529914529914,,8,0.8530587733854432,16
3464.0,0.024839743589743585,0.01789529914529914,,8,0.8530587733854432,16
3465.0,0.024839743589743585,0.01789529914529914,,8,0.8530587733854432,16
3466.0,0.024839743589743585,0.01789529914529914,,8,0.8530587733854432,16
3467.0,0.024839743589743585,0.01789529914529914,,8,0.8530587733854432,16
3468.0,0.024839743589743585,0.01789529914529914,,8,0.8530587733854432,16
3469.0,0.024839743589743585,0.01789529914529914,,8,0.8530587733854432,16
3470.0,0.024839743589743585,0.01789529914529914,,8,0.8530587733854432,16
3471.0,0.024839743589743585,0.01789529914529914,,8,0.8530587733854432,16
3472.0,0.024839743589743585,0.01789529914529914,,8,0.8530587733854432,16
3473.0,0.024839743589743585,0.01789529914529914,,8,0.8530587733854432,16
3474.0,0.024839743589743585,0.01789529914529914,,8,0.8530587733854432,16
3475.0,0.024839743589743585,0.01789529914529914,,8,0.8530587733854432,16
3476.0,0.024839743589743585,0.01789529914529914,,8,0.8530587733854432,16
3477.0,0.024839743589743585,0.01789529914529914,,8,0.8530587733854432,16
3478.0,0.024839743589743585,0.01789529914529914,,8,0.8530587733854432,16
3479.0,0.024839743589743585,0.01789529914529914,,8,0.8530587733854432,16
3480.0,0.024839743589743585,0.01789529914529914,,8,0.8530587733854432,16
3481.0,0.024839743589743585,0.01789529914529914,,8,0.8530587733854432,16
3482.0,0.024839743589743585,0.01789529914529914,,8,0.8530587733854432,16
3483.0,0.024839743589743585,0.01789529914529914,,8,0.8530587733854432,16
3484.0,0.024839743589743585,0.01789529914529914,,8,0.8530587733854432,16
3485.0,0.024839743589743585,0.01789529914529914,,8,0.8530587733854432,16
3486.0,0.024839743589743585,0.01789529914529914,,8,0.8530587733854432,16
3487.0,0.024839743589743585,0.01789529914529914,,8,0.8530587733854432,16
3488.0,0.024839743589743585,0.01789529914529914,,8,0.8530587733854432,16
3489.0,0.024839743589743585,0.01789529914529914,,8,0.8530587733854432,16
3490.0,0.024839743589743585,0.01789529914529914,,8,0.8530587733854432,16
3491.0,0.024839743589743585,0.01789529914529914,,8,0.8530587733854432,16
3492.0,0.024839743589743585,0.01789529914529914,,8,0.8530587733854432,16
3493.0,0.024839743589743585,0.01789529914529914,,8,0.8530587733854432,16
3494.0,0.024839743589743585,0.01789529914529914,,8,0.8530587733854432,16
3495.0,0.024839743589743585,0.01789529914529914,,8,0.8530587733854432,16
3496.0,0.024839743589743585,0.01789529914529914,,8,0.8530587733854432,16
3497.0,0.024839743589743585,0.01789529914529914,,8,0.8530587733854432,16
3498.0,0.024839743589743585,0.01789529914529914,,8,0.8530587733854432,16
3499.0,0.024839743589743585,0.01789529914529914,,8,0.8530587733854432,16
3500.0,0.024839743589743585,0.01789529914529914,,8,0.8530587733854432,16
3501.0,0.024839743589743585,0.01789529914529914,,8,0.8530587733854432,16
3502.0,0.024839743589743585,0.01789529914529914,,8,0.8530587733854432,16
3503.0,0.024839743589743585,0.01789529914529914,,8,0.8530587733854432,16
3504.0,0.024839743589743585,0.01789529914529914,,8,0.8530587733854432,16
3505.0,0.024839743589743585,0.01789529914529914,,8,0.8530587733854432,16
3506.0,0.024839743589743585,0.01789529914529914,,8,0.8530587733854432,16
3507.0,0.024839743589743585,0.01789529914529914,,8,0.8530587733854432,16
3508.0,0.024839743589743585,0.01789529914529914,,8,0.8530587733854432,16
3509.0,0.024839743589743585,0.01789529914529914,,8,0.8530587733854432,16
3510.0,0.024839743589743585,0.01789529914529914,,8,0.8530587733854432,16
3511.0,0.024839743589743585,0.01789529914529914,,8,0.8530587733854432,16
3512.0,0.024839743589743585,0.01789529914529914,,8,0.8530587733854432,16
3513.0,0.024839743589743585,0.01789529914529914,,8,0.8530587733854432,16
3514.0,0.024839743589743585,0.01789529914529914,,8,0.8530587733854432,16
3515.0,0.024839743589743585,0.01789529914529914,,8,0.8530587733854432,16
3516.0,0.024839743589743585,0.01789529914529914,,8,0.8530587733854432,16
3517.0,0.024839743589743585,0.01789529914529914,,8,0.8530587733854432,16
3518.0,0.024839743589743585,0.01789529914529914,,8,0.8530587733854432,16
3519.0,0.024839743589743585,0.01789529914529914,,8,0.8530587733854432,16
3520.0,0.024839743589743585,0.01789529914529914,,8,0.8530587733854432,16
3521.0,0.024839743589743585,0.01789529914529914,,8,0.8530587733854432,16
3522.0,0.024839743589743585,0.01789529914529914,,8,0.8530587733854432,16
3523.0,0.024839743589743585,0.01789529914529914,,8,0.8530587733854432,16
3524.0,0.024839743589743585,0.01789529914529914,,8,0.8530587733854432,16
3525.0,0.024839743589743585,0.01789529914529914,,8,0.8530587733854432,16
3526.0,0.024839743589743585,0.01789529914529914,,8,0.8530587733854432,16
3527.0,0.024839743589743585,0.01789529914529914,,8,0.8530587733854432,16
3528.0,0.024839743589743585,0.01789529914529914,,8,0.8530587733854432,16
3529.0,0.024839743589743585,0.01789529914529914,,8,0.8530587733854432,16
3530.0,0.024839743589743585,0.01789529914529914,,8,0.8530587733854432,16
3531.0,0.024839743589743585,0.01789529914529914,,8,0.8530587733854432,16
3532.0,0.024839743589743585,0.01789529914529914,,8,0.8530587733854432,16
3533.0,0.024839743589743585,0.01789529914529914,,8,0.8530587733854432,16
3534.0,0.024839743589743585,0.01789529914529914,,8,0.8530587733854432,16
3535.0,0.024839743589743585,0.01789529914529914,,8,0.8530587733854432,16
3536.0,0.024839743589743585,0.01789529914529914,,8,0.8530587733854432,16
3537.0,0.024839743589743585,0.01789529914529914,,8,0.8530587733854432,16
3538.0,0.024839743589743585,0.01789529914529914,,8,0.8530587733854432,16
3539.0,0.024839743589743585,0.01789529914529914,,8,0.8530587733854432,16
3540.0,0.024839743589743585,0.01789529914529914,,8,0.8530587733854432,16
3541.0,0.024839743589743585,0.01789529914529914,,8,0.8530587733854432,16
3542.0,0.024839743589743585,0.01789529914529914,,8,0.8530587733854432,16
3543.0,0.024839743589743585,0.01789529914529914,,8,0.8530587733854432,16
3544.0,0.024839743589743585,0.01789529914529914,,8,0.8530587733854432,16
3545.0,0.024839743589743585,0.01789529914529914,,8,0.8530587733854432,16
3546.0,0.024839743589743585,0.01789529914529914,,8,0.8530587733854432,16
3547.0,0.024839743589743585,0.01789529914529914,,8,0.8530587733854432,16
3548.0,0.024839743589743585,0.01789529914529914,,8,0.8530587733854432,16
3549.0,0.024839743589743585,0.01789529914529914,,8,0.8530587733854432,16
3550.0,0.024839743589743585,0.01789529914529914,,8,0.8530587733854432,16
3551.0,0.024839743589743585,0.01789529914529914,,8,0.8530587733854432,16
3552.0,0.024839743589743585,0.01789529914529914,,8,0.8530587733854432,16
3553.0,0.024839743589743585,0.01789529914529914,,8,0.8530587733854432,16
3554.0,0.024839743589743585,0.01789529914529914,,8,0.8530587733854432,16
3555.0,0.024839743589743585,0.01789529914529914,,8,0.8530587733854432,16
3556.0,0.024839743589743585,0.01789529914529914,,8,0.8530587733854432,16
3557.0,0.024839743589743585,0.01789529914529914,,8,0.8530587733854432,16
3558.0,0.024839743589743585,0.01789529914529914,,8,0.8530587733854432,16
3559.0,0.024839743589743585,0.01789529914529914,,8,0.8530587733854432,16
3560.0,0.024839743589743585,0.01789529914529914,,8,0.8530587733854432,16
3561.0,0.024839743589743585,0.01789529914529914,,8,0.8530587733854432,16
3562.0,0.024839743589743585,0.01789529914529914,,8,0.8530587733854432,16
3563.0,0.024839743589743585,0.01789529914529914,,8,0.8530587733854432,16
3564.0,0.024839743589743585,0.01789529914529914,,8,0.8530587733854432,16
3565.0,0.024839743589743585,0.01789529914529914,,8,0.8530587733854432,16
3566.0,0.024839743589743585,0.01789529914529914,,8,0.8530587733854432,16
3567.0,0.024839743589743585,0.01789529914529914,,8,0.8530587733854432,16
3568.0,0.024839743589743585,0.01789529914529914,,8,0.8530587733854432,16
3569.0,0.024839743589743585,0.01789529914529914,,8,0.8530587733854432,16
3570.0,0.024839743589743585,0.01789529914529914,,8,0.8530587733854432,16
3571.0,0.024839743589743585,0.01789529914529914,,8,0.8530587733854432,16
3572.0,0.024839743589743585,0.01789529914529914,,8,0.8530587733854432,16
3573.0,0.024839743589743585,0.01789529914529914,,8,0.8530587733854432,16
3574.0,0.024839743589743585,0.01789529914529914,,8,0.8530587733854432,16
3575.0,0.024839743589743585,0.01789529914529914,,8,0.8530587733854432,16
3576.0,0.024839743589743585,0.01789529914529914,,8,0.8530587733854432,16
3577.0,0.024839743589743585,0.01789529914529914,,8,0.8530587733854432,16
3578.0,0.024839743589743585,0.01789529914529914,,8,0.8530587733854432,16
3579.0,0.024839743589743585,0.01789529914529914,,8,0.8530587733854432,16
3580.0,0.024839743589743585,0.01789529914529914,,8,0.8530587733854432,16
3581.0,0.024839743589743585,0.01789529914529914,,8,0.8530587733854432,16
3582.0,0.024839743589743585,0.01789529914529914,,8,0.8530587733854432,16
3583.0,0.024839743589743585,0.01789529914529914,,8,0.8530587733854432,16
3584.0,0.024839743589743585,0.01789529914529914,,8,0.8530587733854432,16
3585.0,0.024839743589743585,0.01789529914529914,,8,0.8530587733854432,16
3586.0,0.024839743589743585,0.01789529914529914,,8,0.8530587733854432,16
3587.0,0.024839743589743585,0.01789529914529914,,8,0.8530587733854432,16
3588.0,0.024839743589743585,0.01789529914529914,,8,0.8530587733854432,16
3589.0,0.024839743589743585,0.01789529914529914,,8,0.8530587733854432,16
3590.0,0.024839743589743585,0.01789529914529914,,8,0.8530587733854432,16
3591.0,0.024839743589743585,0.01789529914529914,,8,0.8530587733854432,16
3592.0,0.024839743589743585,0.01789529914529914,,8,0.8530587733854432,16
3593.0,0.024839743589743585,0.01789529914529914,,8,0.8530587733854432,16
3594.0,0.024839743589743585,0.01789529914529914,,8,0.8530587733854432,16
3595.0,0.024839743589743585,0.01789529914529914,,8,0.8530587733854432,16
3596.0,0.024839743589743585,0.01789529914529914,,8,0.8530587733854432,16
3597.0,0.024839743589743585,0.01789529914529914,,8,0.8530587733854432,16
3598.0,0.024839743589743585,0.01789529914529914,,8,0.8530587733854432,16
3599.0,0.024839743589743585,0.01789529914529914,,8,0.8530587733854432,16
3600.0,0.024839743589743585,0.01789529914529914,,8,0.8530587733854432,16
3601.0,0.024839743589743585,0.01789529914529914,,8,0.8530587733854432,16
3602.0,0.024839743589743585,0.01789529914529914,,8,0.8530587733854432,16
3603.0,0.024839743589743585,0.01789529914529914,,8,0.8530587733854432,16
3604.0,0.024839743589743585,0.01789529914529914,,8,0.8530587733854432,16
3605.0,0.024839743589743585,0.01789529914529914,,8,0.8530587733854432,16
3606.0,0.024839743589743585,0.01789529914529914,,8,0.8530587733854432,16
3607.0,0.024839743589743585,0.01789529914529914,,8,0.8530587733854432,16
3608.0,0.024839743589743585,0.01789529914529914,,8,0.8530587733854432,16
3609.0,0.024839743589743585,0.01789529914529914,,8,0.8530587733854432,16
3610.0,0.024839743589743585,0.01789529914529914,,8,0.8530587733854432,16
3611.0,0.024839743589743585,0.01789529914529914,,8,0.8530587733854432,16
3612.0,0.024839743589743585,0.01789529914529914,,8,0.8530587733854432,16
3613.0,0.024839743589743585,0.01789529914529914,,8,0.8530587733854432,16
3614.0,0.024839743589743585,0.01789529914529914,,8,0.8530587733854432,16
3615.0,0.024839743589743585,0.01789529914529914,,8,0.8530587733854432,16
3616.0,0.024839743589743585,0.01789529914529914,,8,0.8530587733854432,16
3617.0,0.024839743589743585,0.01789529914529914,,8,0.8530587733854432,16
3618.0,0.024839743589743585,0.01789529914529914,,8,0.8530587733854432,16
3619.0,0.024839743589743585,0.01789529914529914,,8,0.8530587733854432,16
3620.0,0.024839743589743585,0.01789529914529914,,8,0.8530587733854432,16
3621.0,0.024839743589743585,0.01789529914529914,,8,0.8530587733854432,16
3622.0,0.024839743589743585,0.01789529914529914,,8,0.8530587733854432,16
3623.0,0.024839743589743585,0.01789529914529914,,8,0.8530587733854432,16
3624.0,0.024839743589743585,0.01789529914529914,,8,0.8530587733854432,16
3625.0,0.024839743589743585,0.01789529914529914,,8,0.8530587733854432,16
3626.0,0.024839743589743585,0.01789529914529914,,8,0.8530587733854432,16
3627.0,0.024839743589743585,0.01789529914529914,,8,0.8530587733854432,16
3628.0,0.024839743589743585,0.01789529914529914,,8,0.8530587733854432,16
3629.0,0.024839743589743585,0.01789529914529914,,8,0.8530587733854432,16
3630.0,0.024839743589743585,0.01789529914529914,,8,0.8530587733854432,16
3631.0,0.024839743589743585,0.01789529914529914,,8,0.8530587733854432,16
3632.0,0.024839743589743585,0.01789529914529914,,8,0.8530587733854432,16
3633.0,0.024839743589743585,0.01789529914529914,,8,0.8530587733854432,16
3634.0,0.024839743589743585,0.01789529914529914,,8,0.8530587733854432,16
3635.0,0.024839743589743585,0.01789529914529914,,8,0.8530587733854432,16
3636.0,0.024839743589743585,0.01789529914529914,,8,0.8530587733854432,16
3637.0,0.024839743589743585,0.01789529914529914,,8,0.8530587733854432,16
3638.0,0.024839743589743585,0.01789529914529914,,8,0.8530587733854432,16
3639.0,0.024839743589743585,0.01789529914529914,,8,0.8530587733854432,16
3640.0,0.024839743589743585,0.01789529914529914,,8,0.8530587733854432,16
3641.0,0.024839743589743585,0.01789529914529914,,8,0.8530587733854432,16
3642.0,0.024839743589743585,0.01789529914529914,,8,0.8530587733854432,16
3643.0,0.024839743589743585,0.01789529914529914,,8,0.8530587733854432,16
3644.0,0.024839743589743585,0.01789529914529914,,8,0.8530587733854432,16
3645.0,0.024839743589743585,0.01789529914529914,,8,0.8530587733854432,16
3646.0,0.024839743589743585,0.01789529914529914,,8,0.8530587733854432,16
3647.0,0.024839743589743585,0.01789529914529914,,8,0.8530587733854432,16
3648.0,0.024839743589743585,0.01789529914529914,,8,0.8530587733854432,16
3649.0,0.024839743589743585,0.01789529914529914,,8,0.8530587733854432,16
3650.0,0.024839743589743585,0.01789529914529914,,8,0.8530587733854432,16
3651.0,0.024839743589743585,0.01789529914529914,,8,0.8530587733854432,16
3652.0,0.024839743589743585,0.01789529914529914,,8,0.8530587733854432,16
3653.0,0.024839743589743585,0.01789529914529914,,8,0.8530587733854432,16
3654.0,0.024839743589743585,0.01789529914529914,,8,0.8530587733854432,16
3655.0,0.024839743589743585,0.01789529914529914,,8,0.8530587733854432,16
3656.0,0.024839743589743585,0.01789529914529914,,8,0.8530587733854432,16
3657.0,0.024839743589743585,0.01789529914529914,,8,0.8530587733854432,16
3658.0,0.024839743589743585,0.01789529914529914,,8,0.8530587733854432,16
3659.0,0.024839743589743585,0.01789529914529914,,8,0.8530587733854432,16
3660.0,0.024839743589743585,0.01789529914529914,,8,0.8530587733854432,16
3661.0,0.024839743589743585,0.01789529914529914,,8,0.8530587733854432,16
3662.0,0.024839743589743585,0.01789529914529914,,8,0.8530587733854432,16
3663.0,0.024839743589743585,0.01789529914529914,,8,0.8530587733854432,16
3664.0,0.024839743589743585,0.01789529914529914,,8,0.8530587733854432,16
3665.0,0.024839743589743585,0.01789529914529914,,8,0.8530587733854432,16
3666.0,0.024839743589743585,0.01789529914529914,,8,0.8530587733854432,16
3667.0,0.024839743589743585,0.01789529914529914,,8,0.8530587733854432,16
3668.0,0.024839743589743585,0.01789529914529914,,8,0.8530587733854432,16
3669.0,0.024839743589743585,0.01789529914529914,,8,0.8530587733854432,16
3670.0,0.024839743589743585,0.01789529914529914,,8,0.8530587733854432,16
3671.0,0.024839743589743585,0.01789529914529914,,8,0.8530587733854432,16
3672.0,0.024839743589743585,0.01789529914529914,,8,0.8530587733854432,16
3673.0,0.024839743589743585,0.01789529914529914,,8,0.8530587733854432,16
3674.0,0.024839743589743585,0.01789529914529914,,8,0.8530587733854432,16
3675.0,0.024839743589743585,0.01789529914529914,,8,0.8530587733854432,16
3676.0,0.024839743589743585,0.01789529914529914,,8,0.8530587733854432,16
3677.0,0.024839743589743585,0.01789529914529914,,8,0.8530587733854432,16
3678.0,0.024839743589743585,0.01789529914529914,,8,0.8530587733854432,16
3679.0,0.024839743589743585,0.01789529914529914,,8,0.8530587733854432,16
3680.0,0.024839743589743585,0.01789529914529914,,8,0.8530587733854432,16
3681.0,0.024839743589743585,0.01789529914529914,,8,0.8530587733854432,16
3682.0,0.024839743589743585,0.01789529914529914,,8,0.8530587733854432,16
3683.0,0.024839743589743585,0.01789529914529914,,8,0.8530587733854432,16
3684.0,0.024839743589743585,0.01789529914529914,,8,0.8530587733854432,16
3685.0,0.024839743589743585,0.01789529914529914,,8,0.8530587733854432,16
3686.0,0.024839743589743585,0.01789529914529914,,8,0.8530587733854432,16
3687.0,0.024839743589743585,0.01789529914529914,,8,0.8530587733854432,16
3688.0,0.024839743589743585,0.01789529914529914,,8,0.8530587733854432,16
3689.0,0.024839743589743585,0.01789529914529914,,8,0.8530587733854432,16
3690.0,0.024839743589743585,0.01789529914529914,,8,0.8530587733854432,16
3691.0,0.024839743589743585,0.01789529914529914,,8,0.8530587733854432,16
3692.0,0.024839743589743585,0.01789529914529914,,8,0.8530587733854432,16
3693.0,0.024839743589743585,0.01789529914529914,,8,0.8530587733854432,16
3694.0,0.024839743589743585,0.01789529914529914,,8,0.8530587733854432,16
3695.0,0.024839743589743585,0.01789529914529914,,8,0.8530587733854432,16
3696.0,0.024839743589743585,0.01789529914529914,,8,0.8530587733854432,16
3697.0,0.024839743589743585,0.01789529914529914,,8,0.8530587733854432,16
3698.0,0.024839743589743585,0.01789529914529914,,8,0.8530587733854432,16
3699.0,0.024839743589743585,0.01789529914529914,,8,0.8530587733854432,16
3700.0,0.024839743589743585,0.01789529914529914,,8,0.8530587733854432,16
3701.0,0.024839743589743585,0.01789529914529914,,8,0.8530587733854432,16
3702.0,0.024839743589743585,0.01789529914529914,,8,0.8530587733854432,16
3703.0,0.024839743589743585,0.01789529914529914,,8,0.8530587733854432,16
3704.0,0.024839743589743585,0.01789529914529914,,8,0.8530587733854432,16
3705.0,0.024839743589743585,0.01789529914529914,,8,0.8530587733854432,16
3706.0,0.024839743589743585,0.01789529914529914,,8,0.8530587733854432,16
3707.0,0.024839743589743585,0.01789529914529914,,8,0.8530587733854432,16
3708.0,0.024839743589743585,0.01789529914529914,,8,0.8530587733854432,16
3709.0,0.024839743589743585,0.01789529914529914,,8,0.8530587733854432,16
3710.0,0.024839743589743585,0.01789529914529914,,8,0.8530587733854432,16
3711.0,0.024839743589743585,0.01789529914529914,,8,0.8530587733854432,16
3712.0,0.024839743589743585,0.01789529914529914,,8,0.8530587733854432,16
3713.0,0.024839743589743585,0.01789529914529914,,8,0.8530587733854432,16
3714.0,0.024839743589743585,0.01789529914529914,,8,0.8530587733854432,16
3715.0,0.024839743589743585,0.01789529914529914,,8,0.8530587733854432,16
3716.0,0.024839743589743585,0.01789529914529914,,8,0.8530587733854432,16
3717.0,0.024839743589743585,0.01789529914529914,,8,0.8530587733854432,16
3718.0,0.024839743589743585,0.01789529914529914,,8,0.8530587733854432,16
3719.0,0.024839743589743585,0.01789529914529914,,8,0.8530587733854432,16
3720.0,0.024839743589743585,0.01789529914529914,,8,0.8530587733854432,16
3721.0,0.024839743589743585,0.01789529914529914,,8,0.8530587733854432,16
3722.0,0.024839743589743585,0.01789529914529914,,8,0.8530587733854432,16
3723.0,0.024839743589743585,0.01789529914529914,,8,0.8530587733854432,16
3724.0,0.024839743589743585,0.01789529914529914,,8,0.8530587733854432,16
3725.0,0.024839743589743585,0.01789529914529914,,8,0.8530587733854432,16
3726.0,0.024839743589743585,0.01789529914529914,,8,0.8530587733854432,16
3727.0,0.024839743589743585,0.01789529914529914,,8,0.8530587733854432,16
3728.0,0.024839743589743585,0.01789529914529914,,8,0.8530587733854432,16
3729.0,0.024839743589743585,0.01789529914529914,,8,0.8530587733854432,16
3730.0,0.024839743589743585,0.01789529914529914,,8,0.8530587733854432,16
3731.0,0.024839743589743585,0.01789529914529914,,8,0.8530587733854432,16
3732.0,0.024839743589743585,0.01789529914529914,,8,0.8530587733854432,16
3733.0,0.024839743589743585,0.01789529914529914,,8,0.8530587733854432,16
3734.0,0.024839743589743585,0.01789529914529914,,8,0.8530587733854432,16
3735.0,0.024839743589743585,0.01789529914529914,,8,0.8530587733854432,16
3736.0,0.024839743589743585,0.01789529914529914,,8,0.8530587733854432,16
3737.0,0.024839743589743585,0.01789529914529914,,8,0.8530587733854432,16
3738.0,0.024839743589743585,0.01789529914529914,,8,0.8530587733854432,16
3739.0,0.024839743589743585,0.01789529914529914,,8,0.8530587733854432,16
3740.0,0.024839743589743585,0.01789529914529914,,8,0.8530587733854432,16
3741.0,0.024839743589743585,0.01789529914529914,,8,0.8530587733854432,16
3742.0,0.024839743589743585,0.01789529914529914,,8,0.8530587733854432,16
3743.0,0.024839743589743585,0.01789529914529914,,8,0.8530587733854432,16
3744.0,0.024839743589743585,0.01789529914529914,,8,0.8530587733854432,16
3745.0,0.024839743589743585,0.01789529914529914,,8,0.8530587733854432,16
3746.0,0.024839743589743585,0.01789529914529914,,8,0.8530587733854432,16
3747.0,0.024839743589743585,0.01789529914529914,,8,0.8530587733854432,16
3748.0,0.024839743589743585,0.01789529914529914,,8,0.8530587733854432,16
3749.0,0.024839743589743585,0.01789529914529914,,8,0.8530587733854432,16
3750.0,0.024839743589743585,0.01789529914529914,,8,0.8530587733854432,16
3751.0,0.024839743589743585,0.01789529914529914,,8,0.8530587733854432,16
3752.0,0.024839743589743585,0.01789529914529914,,8,0.8530587733854432,16
3753.0,0.024839743589743585,0.01789529914529914,,8,0.8530587733854432,16
3754.0,0.024839743589743585,0.01789529914529914,,8,0.8530587733854432,16
3755.0,0.024839743589743585,0.01789529914529914,,8,0.8530587733854432,16
3756.0,0.024839743589743585,0.01789529914529914,,8,0.8530587733854432,16
3757.0,0.024839743589743585,0.01789529914529914,,8,0.8530587733854432,16
3758.0,0.024839743589743585,0.01789529914529914,,8,0.8530587733854432,16
3759.0,0.024839743589743585,0.01789529914529914,,8,0.8530587733854432,16
3760.0,0.024839743589743585,0.01789529914529914,,8,0.8530587733854432,16
3761.0,0.024839743589743585,0.01789529914529914,,8,0.8530587733854432,16
3762.0,0.024839743589743585,0.01789529914529914,,8,0.8530587733854432,16
3763.0,0.024839743589743585,0.01789529914529914,,8,0.8530587733854432,16
3764.0,0.024839743589743585,0.01789529914529914,,8,0.8530587733854432,16
3765.0,0.024839743589743585,0.01789529914529914,,8,0.8530587733854432,16
3766.0,0.024839743589743585,0.01789529914529914,,8,0.8530587733854432,16
3767.0,0.024839743589743585,0.01789529914529914,,8,0.8530587733854432,16
3768.0,0.024839743589743585,0.01789529914529914,,8,0.8530587733854432,16
3769.0,0.024839743589743585,0.01789529914529914,,8,0.8530587733854432,16
3770.0,0.024839743589743585,0.01789529914529914,,8,0.8530587733854432,16
3771.0,0.024839743589743585,0.01789529914529914,,8,0.8530587733854432,16
3772.0,0.024839743589743585,0.01789529914529914,,8,0.8530587733854432,16
3773.0,0.024839743589743585,0.01789529914529914,,8,0.8530587733854432,16
3774.0,0.024839743589743585,0.01789529914529914,,8,0.8530587733854432,16
3775.0,0.024839743589743585,0.01789529914529914,,8,0.8530587733854432,16
3776.0,0.024839743589743585,0.01789529914529914,,8,0.8530587733854432,16
3777.0,0.024839743589743585,0.01789529914529914,,8,0.8530587733854432,16
3778.0,0.024839743589743585,0.01789529914529914,,8,0.8530587733854432,16
3779.0,0.024839743589743585,0.01789529914529914,,8,0.8530587733854432,16
3780.0,0.024839743589743585,0.01789529914529914,,8,0.8530587733854432,16
3781.0,0.024839743589743585,0.01789529914529914,,8,0.8530587733854432,16
3782.0,0.024839743589743585,0.01789529914529914,,8,0.8530587733854432,16
3783.0,0.024839743589743585,0.01789529914529914,,8,0.8530587733854432,16
3784.0,0.024839743589743585,0.01789529914529914,,8,0.8530587733854432,16
3785.0,0.024839743589743585,0.01789529914529914,,8,0.8530587733854432,16
3786.0,0.024839743589743585,0.01789529914529914,,8,0.8530587733854432,16
3787.0,0.024839743589743585,0.01789529914529914,,8,0.8530587733854432,16
3788.0,0.024839743589743585,0.01789529914529914,,8,0.8530587733854432,16
3789.0,0.024839743589743585,0.01789529914529914,,8,0.8530587733854432,16
3790.0,0.024839743589743585,0.01789529914529914,,8,0.8530587733854432,16
3791.0,0.024839743589743585,0.01789529914529914,,8,0.8530587733854432,16
3792.0,0.024839743589743585,0.01789529914529914,,8,0.8530587733854432,16
3793.0,0.024839743589743585,0.01789529914529914,,8,0.8530587733854432,16
3794.0,0.024839743589743585,0.01789529914529914,,8,0.8530587733854432,16
3795.0,0.024839743589743585,0.01789529914529914,,8,0.8530587733854432,16
3796.0,0.024839743589743585,0.01789529914529914,,8,0.8530587733854432,16
3797.0,0.024839743589743585,0.01789529914529914,,8,0.8530587733854432,16
3798.0,0.024839743589743585,0.01789529914529914,,8,0.8530587733854432,16
3799.0,0.024839743589743585,0.01789529914529914,,8,0.8530587733854432,16
3800.0,0.024839743589743585,0.01789529914529914,,8,0.8530587733854432,16
3801.0,0.024839743589743585,0.01789529914529914,,8,0.8530587733854432,16
3802.0,0.024839743589743585,0.01789529914529914,,8,0.8530587733854432,16
3803.0,0.024839743589743585,0.01789529914529914,,8,0.8530587733854432,16
3804.0,0.024839743589743585,0.01789529914529914,,8,0.8530587733854432,16
3805.0,0.024839743589743585,0.01789529914529914,,8,0.8530587733854432,16
3806.0,0.024839743589743585,0.01789529914529914,,8,0.8530587733854432,16
3807.0,0.024839743589743585,0.01789529914529914,,8,0.8530587733854432,16
3808.0,0.024839743589743585,0.01789529914529914,,8,0.8530587733854432,16
3809.0,0.024839743589743585,0.01789529914529914,,8,0.8530587733854432,16
3810.0,0.024839743589743585,0.01789529914529914,,8,0.8530587733854432,16
3811.0,0.024839743589743585,0.01789529914529914,,8,0.8530587733854432,16
3812.0,0.024839743589743585,0.01789529914529914,,8,0.8530587733854432,16
3813.0,0.024839743589743585,0.01789529914529914,,8,0.8530587733854432,16
3814.0,0.024839743589743585,0.01789529914529914,,8,0.8530587733854432,16
3815.0,0.024839743589743585,0.01789529914529914,,8,0.8530587733854432,16
3816.0,0.024839743589743585,0.01789529914529914,,8,0.8530587733854432,16
3817.0,0.024839743589743585,0.01789529914529914,,8,0.8530587733854432,16
3818.0,0.024839743589743585,0.01789529914529914,,8,0.8530587733854432,16
3819.0,0.024839743589743585,0.01789529914529914,,8,0.8530587733854432,16
3820.0,0.024839743589743585,0.01789529914529914,,8,0.8530587733854432,16
3821.0,0.024839743589743585,0.01789529914529914,,8,0.8530587733854432,16
3822.0,0.024839743589743585,0.01789529914529914,,8,0.8530587733854432,16
3823.0,0.024839743589743585,0.01789529914529914,,8,0.8530587733854432,16
3824.0,0.024839743589743585,0.01789529914529914,,8,0.8530587733854432,16
3825.0,0.024839743589743585,0.01789529914529914,,8,0.8530587733854432,16
3826.0,0.024839743589743585,0.01789529914529914,,8,0.8530587733854432,16
3827.0,0.024839743589743585,0.01789529914529914,,8,0.8530587733854432,16
3828.0,0.024839743589743585,0.01789529914529914,,8,0.8530587733854432,16
3829.0,0.024839743589743585,0.01789529914529914,,8,0.8530587733854432,16
3830.0,0.024839743589743585,0.01789529914529914,,8,0.8530587733854432,16
3831.0,0.024839743589743585,0.01789529914529914,,8,0.8530587733854432,16
3832.0,0.024839743589743585,0.01789529914529914,,8,0.8530587733854432,16
3833.0,0.024839743589743585,0.01789529914529914,,8,0.8530587733854432,16
3834.0,0.024839743589743585,0.01789529914529914,,8,0.8530587733854432,16
3835.0,0.024839743589743585,0.01789529914529914,,8,0.8530587733854432,16
3836.0,0.024839743589743585,0.01789529914529914,,8,0.8530587733854432,16
3837.0,0.024839743589743585,0.01789529914529914,,8,0.8530587733854432,16
3838.0,0.024839743589743585,0.01789529914529914,,8,0.8530587733854432,16
3839.0,0.024839743589743585,0.01789529914529914,,8,0.8530587733854432,16
3840.0,0.024839743589743585,0.01789529914529914,,8,0.8530587733854432,16
3841.0,0.024839743589743585,0.01789529914529914,,8,0.8530587733854432,16
3842.0,0.024839743589743585,0.01789529914529914,,8,0.8530587733854432,16
3843.0,0.024839743589743585,0.01789529914529914,,8,0.8530587733854432,16
3844.0,0.024839743589743585,0.01789529914529914,,8,0.8530587733854432,16
3845.0,0.024839743589743585,0.01789529914529914,,8,0.8530587733854432,16
3846.0,0.024839743589743585,0.01789529914529914,,8,0.8530587733854432,16
3847.0,0.024839743589743585,0.01789529914529914,,8,0.8530587733854432,16
3848.0,0.024839743589743585,0.01789529914529914,,8,0.8530587733854432,16
3849.0,0.024839743589743585,0.01789529914529914,,8,0.8530587733854432,16
3850.0,0.024839743589743585,0.01789529914529914,,8,0.8530587733854432,16
3851.0,0.024839743589743585,0.01789529914529914,,8,0.8530587733854432,16
3852.0,0.024839743589743585,0.01789529914529914,,8,0.8530587733854432,16
3853.0,0.024839743589743585,0.01789529914529914,,8,0.8530587733854432,16
3854.0,0.024839743589743585,0.01789529914529914,,8,0.8530587733854432,16
3855.0,0.024839743589743585,0.01789529914529914,,8,0.8530587733854432,16
3856.0,0.024839743589743585,0.01789529914529914,,8,0.8530587733854432,16
3857.0,0.024839743589743585,0.01789529914529914,,8,0.8530587733854432,16
3858.0,0.024839743589743585,0.01789529914529914,,8,0.8530587733854432,16
3859.0,0.024839743589743585,0.01789529914529914,,8,0.8530587733854432,16
3860.0,0.024839743589743585,0.01789529914529914,,8,0.8530587733854432,16
3861.0,0.024839743589743585,0.01789529914529914,,8,0.8530587733854432,16
3862.0,0.024839743589743585,0.01789529914529914,,8,0.8530587733854432,16
3863.0,0.024839743589743585,0.01789529914529914,,8,0.8530587733854432,16
3864.0,0.024839743589743585,0.01789529914529914,,8,0.8530587733854432,16
3865.0,0.024839743589743585,0.01789529914529914,,8,0.8530587733854432,16
3866.0,0.024839743589743585,0.01789529914529914,,8,0.8530587733854432,16
3867.0,0.024839743589743585,0.01789529914529914,,8,0.8530587733854432,16
3868.0,0.024839743589743585,0.01789529914529914,,8,0.8530587733854432,16
3869.0,0.024839743589743585,0.01789529914529914,,8,0.8530587733854432,16
3870.0,0.024839743589743585,0.01789529914529914,,8,0.8530587733854432,16
3871.0,0.024839743589743585,0.01789529914529914,,8,0.8530587733854432,16
3872.0,0.024839743589743585,0.01789529914529914,,8,0.8530587733854432,16
3873.0,0.024839743589743585,0.01789529914529914,,8,0.8530587733854432,16
3874.0,0.024839743589743585,0.01789529914529914,,8,0.8530587733854432,16
3875.0,0.024839743589743585,0.01789529914529914,,8,0.8530587733854432,16
3876.0,0.024839743589743585,0.01789529914529914,,8,0.8530587733854432,16
3877.0,0.024839743589743585,0.01789529914529914,,8,0.8530587733854432,16
3878.0,0.024839743589743585,0.01789529914529914,,8,0.8530587733854432,16
3879.0,0.024839743589743585,0.01789529914529914,,8,0.8530587733854432,16
3880.0,0.024839743589743585,0.01789529914529914,,8,0.8530587733854432,16
3881.0,0.024839743589743585,0.01789529914529914,,8,0.8530587733854432,16
3882.0,0.024839743589743585,0.01789529914529914,,8,0.8530587733854432,16
3883.0,0.024839743589743585,0.01789529914529914,,8,0.8530587733854432,16
3884.0,0.024839743589743585,0.01789529914529914,,8,0.8530587733854432,16
3885.0,0.024839743589743585,0.01789529914529914,,8,0.8530587733854432,16
3886.0,0.024839743589743585,0.01789529914529914,,8,0.8530587733854432,16
3887.0,0.024839743589743585,0.01789529914529914,,8,0.8530587733854432,16
3888.0,0.024839743589743585,0.01789529914529914,,8,0.8530587733854432,16
3889.0,0.024839743589743585,0.01789529914529914,,8,0.8530587733854432,16
3890.0,0.024839743589743585,0.01789529914529914,,8,0.8530587733854432,16
3891.0,0.024839743589743585,0.01789529914529914,,8,0.8530587733854432,16
3892.0,0.024839743589743585,0.01789529914529914,,8,0.8530587733854432,16
3893.0,0.024839743589743585,0.01789529914529914,,8,0.8530587733854432,16
3894.0,0.024839743589743585,0.01789529914529914,,8,0.8530587733854432,16
3895.0,0.024839743589743585,0.01789529914529914,,8,0.8530587733854432,16
3896.0,0.024839743589743585,0.01789529914529914,,8,0.8530587733854432,16
3897.0,0.024839743589743585,0.01789529914529914,,8,0.8530587733854432,16
3898.0,0.024839743589743585,0.01789529914529914,,8,0.8530587733854432,16
3899.0,0.024839743589743585,0.01789529914529914,,8,0.8530587733854432,16
3900.0,0.024839743589743585,0.01789529914529914,,8,0.8530587733854432,16
3901.0,0.024839743589743585,0.01789529914529914,,8,0.8530587733854432,16
3902.0,0.024839743589743585,0.01789529914529914,,8,0.8530587733854432,16
3903.0,0.024839743589743585,0.01789529914529914,,8,0.8530587733854432,16
3904.0,0.024839743589743585,0.01789529914529914,,8,0.8530587733854432,16
3905.0,0.024839743589743585,0.01789529914529914,,8,0.8530587733854432,16
3906.0,0.024839743589743585,0.01789529914529914,,8,0.8530587733854432,16
3907.0,0.024839743589743585,0.01789529914529914,,8,0.8530587733854432,16
3908.0,0.024839743589743585,0.01789529914529914,,8,0.8530587733854432,16
3909.0,0.024839743589743585,0.01789529914529914,,8,0.8530587733854432,16
3910.0,0.024839743589743585,0.01789529914529914,,8,0.8530587733854432,16
3911.0,0.024839743589743585,0.01789529914529914,,8,0.8530587733854432,16
3912.0,0.024839743589743585,0.01789529914529914,,8,0.8530587733854432,16
3913.0,0.024839743589743585,0.01789529914529914,,8,0.8530587733854432,16
3914.0,0.024839743589743585,0.01789529914529914,,8,0.8530587733854432,16
3915.0,0.024839743589743585,0.01789529914529914,,8,0.8530587733854432,16
3916.0,0.024839743589743585,0.01789529914529914,,8,0.8530587733854432,16
3917.0,0.024839743589743585,0.01789529914529914,,8,0.8530587733854432,16
3918.0,0.024839743589743585,0.01789529914529914,,8,0.8530587733854432,16
3919.0,0.024839743589743585,0.01789529914529914,,8,0.8530587733854432,16
3920.0,0.024839743589743585,0.01789529914529914,,8,0.8530587733854432,16
3921.0,0.024839743589743585,0.01789529914529914,,8,0.8530587733854432,16
3922.0,0.024839743589743585,0.01789529914529914,,8,0.8530587733854432,16
3923.0,0.024839743589743585,0.01789529914529914,,8,0.8530587733854432,16
3924.0,0.024839743589743585,0.01789529914529914,,8,0.8530587733854432,16
3925.0,0.024839743589743585,0.01789529914529914,,8,0.8530587733854432,16
3926.0,0.024839743589743585,0.01789529914529914,,8,0.8530587733854432,16
3927.0,0.024839743589743585,0.01789529914529914,,8,0.8530587733854432,16
3928.0,0.024839743589743585,0.01789529914529914,,8,0.8530587733854432,16
3929.0,0.024839743589743585,0.01789529914529914,,8,0.8530587733854432,16
3930.0,0.024839743589743585,0.01789529914529914,,8,0.8530587733854432,16
3931.0,0.024839743589743585,0.01789529914529914,,8,0.8530587733854432,16
3932.0,0.024839743589743585,0.01789529914529914,,8,0.8530587733854432,16
3933.0,0.024839743589743585,0.01789529914529914,,8,0.8530587733854432,16
3934.0,0.024839743589743585,0.01789529914529914,,8,0.8530587733854432,16
3935.0,0.024839743589743585,0.01789529914529914,,8,0.8530587733854432,16
3936.0,0.024839743589743585,0.01789529914529914,,8,0.8530587733854432,16
3937.0,0.024839743589743585,0.01789529914529914,,8,0.8530587733854432,16
3938.0,0.024839743589743585,0.01789529914529914,,8,0.8530587733854432,16
3939.0,0.024839743589743585,0.01789529914529914,,8,0.8530587733854432,16
3940.0,0.024839743589743585,0.01789529914529914,,8,0.8530587733854432,16
3941.0,0.024839743589743585,0.01789529914529914,,8,0.8530587733854432,16
3942.0,0.024839743589743585,0.01789529914529914,,8,0.8530587733854432,16
3943.0,0.024839743589743585,0.01789529914529914,,8,0.8530587733854432,16
3944.0,0.024839743589743585,0.01789529914529914,,8,0.8530587733854432,16
3945.0,0.024839743589743585,0.01789529914529914,,8,0.8530587733854432,16
3946.0,0.024839743589743585,0.01789529914529914,,8,0.8530587733854432,16
3947.0,0.024839743589743585,0.01789529914529914,,8,0.8530587733854432,16
3948.0,0.024839743589743585,0.01789529914529914,,8,0.8530587733854432,16
3949.0,0.024839743589743585,0.01789529914529914,,8,0.8530587733854432,16
3950.0,0.024839743589743585,0.01789529914529914,,8,0.8530587733854432,16
3951.0,0.024839743589743585,0.01789529914529914,,8,0.8530587733854432,16
3952.0,0.024839743589743585,0.01789529914529914,,8,0.8530587733854432,16
3953.0,0.024839743589743585,0.01789529914529914,,8,0.8530587733854432,16
3954.0,0.024839743589743585,0.01789529914529914,,8,0.8530587733854432,16
3955.0,0.024839743589743585,0.01789529914529914,,8,0.8530587733854432,16
3956.0,0.024839743589743585,0.01789529914529914,,8,0.8530587733854432,16
3957.0,0.024839743589743585,0.01789529914529914,,8,0.8530587733854432,16
3958.0,0.024839743589743585,0.01789529914529914,,8,0.8530587733854432,16
3959.0,0.024839743589743585,0.01789529914529914,,8,0.8530587733854432,16
3960.0,0.024839743589743585,0.01789529914529914,,8,0.8530587733854432,16
3961.0,0.024839743589743585,0.01789529914529914,,8,0.8530587733854432,16
3962.0,0.024839743589743585,0.01789529914529914,,8,0.8530587733854432,16
3963.0,0.024839743589743585,0.01789529914529914,,8,0.8530587733854432,16
3964.0,0.024839743589743585,0.01789529914529914,,8,0.8530587733854432,16
3965.0,0.024839743589743585,0.01789529914529914,,8,0.8530587733854432,16
3966.0,0.024839743589743585,0.01789529914529914,,8,0.8530587733854432,16
3967.0,0.024839743589743585,0.01789529914529914,,8,0.8530587733854432,16
3968.0,0.024839743589743585,0.01789529914529914,,8,0.8530587733854432,16
3969.0,0.024839743589743585,0.01789529914529914,,8,0.8530587733854432,16
3970.0,0.024839743589743585,0.01789529914529914,,8,0.8530587733854432,16
3971.0,0.024839743589743585,0.01789529914529914,,8,0.8530587733854432,16
3972.0,0.024839743589743585,0.01789529914529914,,8,0.8530587733854432,16
3973.0,0.024839743589743585,0.01789529914529914,,8,0.8530587733854432,16
3974.0,0.024839743589743585,0.01789529914529914,,8,0.8530587733854432,16
3975.0,0.024839743589743585,0.01789529914529914,,8,0.8530587733854432,16
3976.0,0.024839743589743585,0.01789529914529914,,8,0.8530587733854432,16
3977.0,0.024839743589743585,0.01789529914529914,,8,0.8530587733854432,16
3978.0,0.024839743589743585,0.01789529914529914,,8,0.8530587733854432,16
3979.0,0.024839743589743585,0.01789529914529914,,8,0.8530587733854432,16
3980.0,0.024839743589743585,0.01789529914529914,,8,0.8530587733854432,16
3981.0,0.024839743589743585,0.01789529914529914,,8,0.8530587733854432,16
3982.0,0.024839743589743585,0.01789529914529914,,8,0.8530587733854432,16
3983.0,0.024839743589743585,0.01789529914529914,,8,0.8530587733854432,16
3984.0,0.024839743589743585,0.01789529914529914,,8,0.8530587733854432,16
3985.0,0.024839743589743585,0.01789529914529914,,8,0.8530587733854432,16
3986.0,0.024839743589743585,0.01789529914529914,,8,0.8530587733854432,16
3987.0,0.024839743589743585,0.01789529914529914,,8,0.8530587733854432,16
3988.0,0.024839743589743585,0.01789529914529914,,8,0.8530587733854432,16
3989.0,0.024839743589743585,0.01789529914529914,,8,0.8530587733854432,16
3990.0,0.024839743589743585,0.01789529914529914,,8,0.8530587733854432,16
3991.0,0.024839743589743585,0.01789529914529914,,8,0.8530587733854432,16
3992.0,0.024839743589743585,0.01789529914529914,,8,0.8530587733854432,16
3993.0,0.024839743589743585,0.01789529914529914,,8,0.8530587733854432,16
3994.0,0.024839743589743585,0.01789529914529914,,8,0.8530587733854432,16
3995.0,0.024839743589743585,0.01789529914529914,,8,0.8530587733854432,16
3996.0,0.024839743589743585,0.01789529914529914,,8,0.8530587733854432,16
3997.0,0.024839743589743585,0.01789529914529914,,8,0.8530587733854432,16
3998.0,0.024839743589743585,0.01789529914529914,,8,0.8530587733854432,16
3999.0,0.024839743589743585,0.01789529914529914,,8,0.8530587733854432,16
4000.0,0.024839743589743585,0.01789529914529914,,8,0.8530587733854432,16
4001.0,0.024839743589743585,0.01789529914529914,,8,0.8530587733854432,16
4002.0,0.024839743589743585,0.01789529914529914,,8,0.8530587733854432,16
4003.0,0.024839743589743585,0.01789529914529914,,8,0.8530587733854432,16
4004.0,0.024839743589743585,0.01789529914529914,,8,0.8530587733854432,16
4005.0,0.024839743589743585,0.01789529914529914,,8,0.8530587733854432,16
4006.0,0.024839743589743585,0.01789529914529914,,8,0.8530587733854432,16
4007.0,0.024839743589743585,0.01789529914529914,,8,0.8530587733854432,16
4008.0,0.024839743589743585,0.01789529914529914,,8,0.8530587733854432,16
4009.0,0.024839743589743585,0.01789529914529914,,8,0.8530587733854432,16
4010.0,0.024839743589743585,0.01789529914529914,,8,0.8530587733854432,16
4011.0,0.024839743589743585,0.01789529914529914,,8,0.8530587733854432,16
4012.0,0.024839743589743585,0.01789529914529914,,8,0.8530587733854432,16
4013.0,0.024839743589743585,0.01789529914529914,,8,0.8530587733854432,16
4014.0,0.024839743589743585,0.01789529914529914,,8,0.8530587733854432,16
4015.0,0.024839743589743585,0.01789529914529914,,8,0.8530587733854432,16
4016.0,0.024839743589743585,0.01789529914529914,,8,0.8530587733854432,16
4017.0,0.024839743589743585,0.01789529914529914,,8,0.8530587733854432,16
4018.0,0.024839743589743585,0.01789529914529914,,8,0.8530587733854432,16
4019.0,0.024839743589743585,0.01789529914529914,,8,0.8530587733854432,16
4020.0,0.024839743589743585,0.01789529914529914,,8,0.8530587733854432,16
4021.0,0.024839743589743585,0.01789529914529914,,8,0.8530587733854432,16
4022.0,0.024839743589743585,0.01789529914529914,,8,0.8530587733854432,16
4023.0,0.024839743589743585,0.01789529914529914,,8,0.8530587733854432,16
4024.0,0.024839743589743585,0.01789529914529914,,8,0.8530587733854432,16
4025.0,0.024839743589743585,0.01789529914529914,,8,0.8530587733854432,16
4026.0,0.024839743589743585,0.01789529914529914,,8,0.8530587733854432,16
4027.0,0.024839743589743585,0.01789529914529914,,8,0.8530587733854432,16
4028.0,0.024839743589743585,0.01789529914529914,,8,0.8530587733854432,16
4029.0,0.024839743589743585,0.01789529914529914,,8,0.8530587733854432,16
4030.0,0.024839743589743585,0.01789529914529914,,8,0.8530587733854432,16
4031.0,0.024839743589743585,0.01789529914529914,,8,0.8530587733854432,16
4032.0,0.024839743589743585,0.01789529914529914,,8,0.8530587733854432,16
4033.0,0.024839743589743585,0.01789529914529914,,8,0.8530587733854432,16
4034.0,0.024839743589743585,0.01789529914529914,,8,0.8530587733854432,16
4035.0,0.024839743589743585,0.01789529914529914,,8,0.8530587733854432,16
4036.0,0.024839743589743585,0.01789529914529914,,8,0.8530587733854432,16
4037.0,0.024839743589743585,0.01789529914529914,,8,0.8530587733854432,16
4038.0,0.024839743589743585,0.01789529914529914,,8,0.8530587733854432,16
4039.0,0.024839743589743585,0.01789529914529914,,8,0.8530587733854432,16
4040.0,0.024839743589743585,0.01789529914529914,,8,0.8530587733854432,16
4041.0,0.024839743589743585,0.01789529914529914,,8,0.8530587733854432,16
4042.0,0.024839743589743585,0.01789529914529914,,8,0.8530587733854432,16
4043.0,0.024839743589743585,0.01789529914529914,,8,0.8530587733854432,16
4044.0,0.024839743589743585,0.01789529914529914,,8,0.8530587733854432,16
4045.0,0.024839743589743585,0.01789529914529914,,8,0.8530587733854432,16
4046.0,0.024839743589743585,0.01789529914529914,,8,0.8530587733854432,16
4047.0,0.024839743589743585,0.01789529914529914,,8,0.8530587733854432,16
4048.0,0.024839743589743585,0.01789529914529914,,8,0.8530587733854432,16
4049.0,0.024839743589743585,0.01789529914529914,,8,0.8530587733854432,16
4050.0,0.024839743589743585,0.01789529914529914,,8,0.8530587733854432,16
4051.0,0.024839743589743585,0.01789529914529914,,8,0.8530587733854432,16
4052.0,0.024839743589743585,0.01789529914529914,,8,0.8530587733854432,16
4053.0,0.024839743589743585,0.01789529914529914,,8,0.8530587733854432,16
4054.0,0.024839743589743585,0.01789529914529914,,8,0.8530587733854432,16
4055.0,0.024839743589743585,0.01789529914529914,,8,0.8530587733854432,16
4056.0,0.024839743589743585,0.01789529914529914,,8,0.8530587733854432,16
4057.0,0.024839743589743585,0.01789529914529914,,8,0.8530587733854432,16
4058.0,0.024839743589743585,0.01789529914529914,,8,0.8530587733854432,16
4059.0,0.024839743589743585,0.01789529914529914,,8,0.8530587733854432,16
4060.0,0.024839743589743585,0.01789529914529914,,8,0.8530587733854432,16
4061.0,0.024839743589743585,0.01789529914529914,,8,0.8530587733854432,16
4062.0,0.024839743589743585,0.01789529914529914,,8,0.8530587733854432,16
4063.0,0.024839743589743585,0.01789529914529914,,8,0.8530587733854432,16
4064.0,0.024839743589743585,0.01789529914529914,,8,0.8530587733854432,16
4065.0,0.024839743589743585,0.01789529914529914,,8,0.8530587733854432,16
4066.0,0.024839743589743585,0.01789529914529914,,8,0.8530587733854432,16
4067.0,0.024839743589743585,0.01789529914529914,,8,0.8530587733854432,16
4068.0,0.024839743589743585,0.01789529914529914,,8,0.8530587733854432,16
4069.0,0.024839743589743585,0.01789529914529914,,8,0.8530587733854432,16
4070.0,0.024839743589743585,0.01789529914529914,,8,0.8530587733854432,16
4071.0,0.024839743589743585,0.01789529914529914,,8,0.8530587733854432,16
4072.0,0.024839743589743585,0.01789529914529914,,8,0.8530587733854432,16
4073.0,0.024839743589743585,0.01789529914529914,,8,0.8530587733854432,16
4074.0,0.024839743589743585,0.01789529914529914,,8,0.8530587733854432,16
4075.0,0.024839743589743585,0.01789529914529914,,8,0.8530587733854432,16
4076.0,0.024839743589743585,0.01789529914529914,,8,0.8530587733854432,16
4077.0,0.024839743589743585,0.01789529914529914,,8,0.8530587733854432,16
4078.0,0.024839743589743585,0.01789529914529914,,8,0.8530587733854432,16
4079.0,0.024839743589743585,0.01789529914529914,,8,0.8530587733854432,16
4080.0,0.024839743589743585,0.01789529914529914,,8,0.8530587733854432,16
4081.0,0.024839743589743585,0.01789529914529914,,8,0.8530587733854432,16
4082.0,0.024839743589743585,0.01789529914529914,,8,0.8530587733854432,16
4083.0,0.024839743589743585,0.01789529914529914,,8,0.8530587733854432,16
4084.0,0.024839743589743585,0.01789529914529914,,8,0.8530587733854432,16
4085.0,0.024839743589743585,0.01789529914529914,,8,0.8530587733854432,16
4086.0,0.024839743589743585,0.01789529914529914,,8,0.8530587733854432,16
4087.0,0.024839743589743585,0.01789529914529914,,8,0.8530587733854432,16
4088.0,0.024839743589743585,0.01789529914529914,,8,0.8530587733854432,16
4089.0,0.024839743589743585,0.01789529914529914,,8,0.8530587733854432,16
4090.0,0.024839743589743585,0.01789529914529914,,8,0.8530587733854432,16
4091.0,0.024839743589743585,0.01789529914529914,,8,0.8530587733854432,16
4092.0,0.024839743589743585,0.01789529914529914,,8,0.8530587733854432,16
4093.0,0.024839743589743585,0.01789529914529914,,8,0.8530587733854432,16
4094.0,0.024839743589743585,0.01789529914529914,,8,0.8530587733854432,16
4095.0,0.024839743589743585,0.01789529914529914,,8,0.8530587733854432,16
4096.0,0.024839743589743585,0.01789529914529914,,8,0.8530587733854432,16
4097.0,0.024839743589743585,0.01789529914529914,,8,0.8530587733854432,16
4098.0,0.024839743589743585,0.01789529914529914,,8,0.8530587733854432,16
4099.0,0.024839743589743585,0.01789529914529914,,8,0.8530587733854432,16
4100.0,0.024839743589743585,0.01789529914529914,,8,0.8530587733854432,16
4101.0,0.024839743589743585,0.01789529914529914,,8,0.8530587733854432,16
4102.0,0.024839743589743585,0.01789529914529914,,8,0.8530587733854432,16
4103.0,0.024839743589743585,0.01789529914529914,,8,0.8530587733854432,16
4104.0,0.024839743589743585,0.01789529914529914,,8,0.8530587733854432,16
4105.0,0.024839743589743585,0.01789529914529914,,8,0.8530587733854432,16
4106.0,0.024839743589743585,0.01789529914529914,,8,0.8530587733854432,16
4107.0,0.024839743589743585,0.01789529914529914,,8,0.8530587733854432,16
4108.0,0.024839743589743585,0.01789529914529914,,8,0.8530587733854432,16
4109.0,0.024839743589743585,0.01789529914529914,,8,0.8530587733854432,16
4110.0,0.024839743589743585,0.01789529914529914,,8,0.8530587733854432,16
4111.0,0.024839743589743585,0.01789529914529914,,8,0.8530587733854432,16
4112.0,0.024839743589743585,0.01789529914529914,,8,0.8530587733854432,16
4113.0,0.024839743589743585,0.01789529914529914,,8,0.8530587733854432,16
4114.0,0.024839743589743585,0.01789529914529914,,8,0.8530587733854432,16
4115.0,0.024839743589743585,0.01789529914529914,,8,0.8530587733854432,16
4116.0,0.024839743589743585,0.01789529914529914,,8,0.8530587733854432,16
4117.0,0.024839743589743585,0.01789529914529914,,8,0.8530587733854432,16
4118.0,0.024839743589743585,0.01789529914529914,,8,0.8530587733854432,16
4119.0,0.024839743589743585,0.01789529914529914,,8,0.8530587733854432,16
4120.0,0.024839743589743585,0.01789529914529914,,8,0.8530587733854432,16
4121.0,0.024839743589743585,0.01789529914529914,,8,0.8530587733854432,16
4122.0,0.024839743589743585,0.01789529914529914,,8,0.8530587733854432,16
4123.0,0.024839743589743585,0.01789529914529914,,8,0.8530587733854432,16
4124.0,0.024839743589743585,0.01789529914529914,,8,0.8530587733854432,16
4125.0,0.024839743589743585,0.01789529914529914,,8,0.8530587733854432,16
4126.0,0.024839743589743585,0.01789529914529914,,8,0.8530587733854432,16
4127.0,0.024839743589743585,0.01789529914529914,,8,0.8530587733854432,16
4128.0,0.024839743589743585,0.01789529914529914,,8,0.8530587733854432,16
4129.0,0.024839743589743585,0.01789529914529914,,8,0.8530587733854432,16
4130.0,0.024839743589743585,0.01789529914529914,,8,0.8530587733854432,16
4131.0,0.024839743589743585,0.01789529914529914,,8,0.8530587733854432,16
4132.0,0.024839743589743585,0.01789529914529914,,8,0.8530587733854432,16
4133.0,0.024839743589743585,0.01789529914529914,,8,0.8530587733854432,16
4134.0,0.024839743589743585,0.01789529914529914,,8,0.8530587733854432,16
4135.0,0.024839743589743585,0.01789529914529914,,8,0.8530587733854432,16
4136.0,0.024839743589743585,0.01789529914529914,,8,0.8530587733854432,16
4137.0,0.024839743589743585,0.01789529914529914,,8,0.8530587733854432,16
4138.0,0.024839743589743585,0.01789529914529914,,8,0.8530587733854432,16
4139.0,0.024839743589743585,0.01789529914529914,,8,0.8530587733854432,16
4140.0,0.024839743589743585,0.01789529914529914,,8,0.8530587733854432,16
4141.0,0.024839743589743585,0.01789529914529914,,8,0.8530587733854432,16
4142.0,0.024839743589743585,0.01789529914529914,,8,0.8530587733854432,16
4143.0,0.024839743589743585,0.01789529914529914,,8,0.8530587733854432,16
4144.0,0.024839743589743585,0.01789529914529914,,8,0.8530587733854432,16
4145.0,0.024839743589743585,0.01789529914529914,,8,0.8530587733854432,16
4146.0,0.024839743589743585,0.01789529914529914,,8,0.8530587733854432,16
4147.0,0.024839743589743585,0.01789529914529914,,8,0.8530587733854432,16
4148.0,0.024839743589743585,0.01789529914529914,,8,0.8530587733854432,16
4149.0,0.024839743589743585,0.01789529914529914,,8,0.8530587733854432,16
4150.0,0.024839743589743585,0.01789529914529914,,8,0.8530587733854432,16
4151.0,0.024839743589743585,0.01789529914529914,,8,0.8530587733854432,16
4152.0,0.024839743589743585,0.01789529914529914,,8,0.8530587733854432,16
4153.0,0.024839743589743585,0.01789529914529914,,8,0.8530587733854432,16
4154.0,0.024839743589743585,0.01789529914529914,,8,0.8530587733854432,16
4155.0,0.024839743589743585,0.01789529914529914,,8,0.8530587733854432,16
4156.0,0.024839743589743585,0.01789529914529914,,8,0.8530587733854432,16
4157.0,0.024839743589743585,0.01789529914529914,,8,0.8530587733854432,16
4158.0,0.024839743589743585,0.01789529914529914,,8,0.8530587733854432,16
4159.0,0.024839743589743585,0.01789529914529914,,8,0.8530587733854432,16
4160.0,0.024839743589743585,0.01789529914529914,,8,0.8530587733854432,16
4161.0,0.024839743589743585,0.01789529914529914,,8,0.8530587733854432,16
4162.0,0.024839743589743585,0.01789529914529914,,8,0.8530587733854432,16
4163.0,0.024839743589743585,0.01789529914529914,,8,0.8530587733854432,16
4164.0,0.024839743589743585,0.01789529914529914,,8,0.8530587733854432,16
4165.0,0.024839743589743585,0.01789529914529914,,8,0.8530587733854432,16
4166.0,0.024839743589743585,0.01789529914529914,,8,0.8530587733854432,16
4167.0,0.024839743589743585,0.01789529914529914,,8,0.8530587733854432,16
4168.0,0.024839743589743585,0.01789529914529914,,8,0.8530587733854432,16
4169.0,0.024839743589743585,0.01789529914529914,,8,0.8530587733854432,16
4170.0,0.024839743589743585,0.01789529914529914,,8,0.8530587733854432,16
4171.0,0.024839743589743585,0.01789529914529914,,8,0.8530587733854432,16
4172.0,0.024839743589743585,0.01789529914529914,,8,0.8530587733854432,16
4173.0,0.024839743589743585,0.01789529914529914,,8,0.8530587733854432,16
4174.0,0.024839743589743585,0.01789529914529914,,8,0.8530587733854432,16
4175.0,0.024839743589743585,0.01789529914529914,,8,0.8530587733854432,16
4176.0,0.024839743589743585,0.01789529914529914,,8,0.8530587733854432,16
4177.0,0.024839743589743585,0.01789529914529914,,8,0.8530587733854432,16
4178.0,0.024839743589743585,0.01789529914529914,,8,0.8530587733854432,16
4179.0,0.024839743589743585,0.01789529914529914,,8,0.8530587733854432,16
4180.0,0.024839743589743585,0.01789529914529914,,8,0.8530587733854432,16
4181.0,0.024839743589743585,0.01789529914529914,,8,0.8530587733854432,16
4182.0,0.024839743589743585,0.01789529914529914,,8,0.8530587733854432,16
4183.0,0.024839743589743585,0.01789529914529914,,8,0.8530587733854432,16
4184.0,0.024839743589743585,0.01789529914529914,,8,0.8530587733854432,16
4185.0,0.024839743589743585,0.01789529914529914,,8,0.8530587733854432,16
4186.0,0.024839743589743585,0.01789529914529914,,8,0.8530587733854432,16
4187.0,0.024839743589743585,0.01789529914529914,,8,0.8530587733854432,16
4188.0,0.024839743589743585,0.01789529914529914,,8,0.8530587733854432,16
4189.0,0.024839743589743585,0.01789529914529914,,8,0.8530587733854432,16
4190.0,0.024839743589743585,0.01789529914529914,,8,0.8530587733854432,16
4191.0,0.024839743589743585,0.01789529914529914,,8,0.8530587733854432,16
4192.0,0.024839743589743585,0.01789529914529914,,8,0.8530587733854432,16
4193.0,0.024839743589743585,0.01789529914529914,,8,0.8530587733854432,16
4194.0,0.024839743589743585,0.01789529914529914,,8,0.8530587733854432,16
4195.0,0.024839743589743585,0.01789529914529914,,8,0.8530587733854432,16
4196.0,0.024839743589743585,0.01789529914529914,,8,0.8530587733854432,16
4197.0,0.024839743589743585,0.01789529914529914,,8,0.8530587733854432,16
4198.0,0.024839743589743585,0.01789529914529914,,8,0.8530587733854432,16
4199.0,0.024839743589743585,0.01789529914529914,,8,0.8530587733854432,16
4200.0,0.024839743589743585,0.01789529914529914,,8,0.8530587733854432,16
4201.0,0.024839743589743585,0.01789529914529914,,8,0.8530587733854432,16
4202.0,0.024839743589743585,0.01789529914529914,,8,0.8530587733854432,16
4203.0,0.024839743589743585,0.01789529914529914,,8,0.8530587733854432,16
4204.0,0.024839743589743585,0.01789529914529914,,8,0.8530587733854432,16
4205.0,0.024839743589743585,0.01789529914529914,,8,0.8530587733854432,16
4206.0,0.024839743589743585,0.01789529914529914,,8,0.8530587733854432,16
4207.0,0.024839743589743585,0.01789529914529914,,8,0.8530587733854432,16
4208.0,0.024839743589743585,0.01789529914529914,,8,0.8530587733854432,16
4209.0,0.024839743589743585,0.01789529914529914,,8,0.8530587733854432,16
4210.0,0.024839743589743585,0.01789529914529914,,8,0.8530587733854432,16
4211.0,0.024839743589743585,0.01789529914529914,,8,0.8530587733854432,16
4212.0,0.024839743589743585,0.01789529914529914,,8,0.8530587733854432,16
4213.0,0.024839743589743585,0.01789529914529914,,8,0.8530587733854432,16
4214.0,0.024839743589743585,0.01789529914529914,,8,0.8530587733854432,16
4215.0,0.024839743589743585,0.01789529914529914,,8,0.8530587733854432,16
4216.0,0.024839743589743585,0.01789529914529914,,8,0.8530587733854432,16
4217.0,0.024839743589743585,0.01789529914529914,,8,0.8530587733854432,16
4218.0,0.024839743589743585,0.01789529914529914,,8,0.8530587733854432,16
4219.0,0.024839743589743585,0.01789529914529914,,8,0.8530587733854432,16
4220.0,0.024839743589743585,0.01789529914529914,,8,0.8530587733854432,16
4221.0,0.024839743589743585,0.01789529914529914,,8,0.8530587733854432,16
4222.0,0.024839743589743585,0.01789529914529914,,8,0.8530587733854432,16
4223.0,0.024839743589743585,0.01789529914529914,,8,0.8530587733854432,16
4224.0,0.024839743589743585,0.01789529914529914,,8,0.8530587733854432,16
4225.0,0.024839743589743585,0.01789529914529914,,8,0.8530587733854432,16
4226.0,0.024839743589743585,0.01789529914529914,,8,0.8530587733854432,16
4227.0,0.024839743589743585,0.01789529914529914,,8,0.8530587733854432,16
4228.0,0.024839743589743585,0.01789529914529914,,8,0.8530587733854432,16
4229.0,0.024839743589743585,0.01789529914529914,,8,0.8530587733854432,16
4230.0,0.024839743589743585,0.01789529914529914,,8,0.8530587733854432,16
4231.0,0.024839743589743585,0.01789529914529914,,8,0.8530587733854432,16
4232.0,0.024839743589743585,0.01789529914529914,,8,0.8530587733854432,16
4233.0,0.024839743589743585,0.01789529914529914,,8,0.8530587733854432,16
4234.0,0.024839743589743585,0.01789529914529914,,8,0.8530587733854432,16
4235.0,0.024839743589743585,0.01789529914529914,,8,0.8530587733854432,16
4236.0,0.024839743589743585,0.01789529914529914,,8,0.8530587733854432,16
4237.0,0.024839743589743585,0.01789529914529914,,8,0.8530587733854432,16
4238.0,0.024839743589743585,0.01789529914529914,,8,0.8530587733854432,16
4239.0,0.024839743589743585,0.01789529914529914,,8,0.8530587733854432,16
4240.0,0.024839743589743585,0.01789529914529914,,8,0.8530587733854432,16
4241.0,0.024839743589743585,0.01789529914529914,,8,0.8530587733854432,16
4242.0,0.024839743589743585,0.01789529914529914,,8,0.8530587733854432,16
4243.0,0.024839743589743585,0.01789529914529914,,8,0.8530587733854432,16
4244.0,0.024839743589743585,0.01789529914529914,,8,0.8530587733854432,16
4245.0,0.024839743589743585,0.01789529914529914,,8,0.8530587733854432,16
4246.0,0.024839743589743585,0.01789529914529914,,8,0.8530587733854432,16
4247.0,0.024839743589743585,0.01789529914529914,,8,0.8530587733854432,16
4248.0,0.024839743589743585,0.01789529914529914,,8,0.8530587733854432,16
4249.0,0.024839743589743585,0.01789529914529914,,8,0.8530587733854432,16
4250.0,0.024839743589743585,0.01789529914529914,,8,0.8530587733854432,16
4251.0,0.024839743589743585,0.01789529914529914,,8,0.8530587733854432,16
4252.0,0.024839743589743585,0.01789529914529914,,8,0.8530587733854432,16
4253.0,0.024839743589743585,0.01789529914529914,,8,0.8530587733854432,16
4254.0,0.024839743589743585,0.01789529914529914,,8,0.8530587733854432,16
4255.0,0.024839743589743585,0.01789529914529914,,8,0.8530587733854432,16
4256.0,0.024839743589743585,0.01789529914529914,,8,0.8530587733854432,16
4257.0,0.024839743589743585,0.01789529914529914,,8,0.8530587733854432,16
4258.0,0.024839743589743585,0.01789529914529914,,8,0.8530587733854432,16
4259.0,0.024839743589743585,0.01789529914529914,,8,0.8530587733854432,16
4260.0,0.024839743589743585,0.01789529914529914,,8,0.8530587733854432,16
4261.0,0.024839743589743585,0.01789529914529914,,8,0.8530587733854432,16
4262.0,0.024839743589743585,0.01789529914529914,,8,0.8530587733854432,16
4263.0,0.024839743589743585,0.01789529914529914,,8,0.8530587733854432,16
4264.0,0.024839743589743585,0.01789529914529914,,8,0.8530587733854432,16
4265.0,0.024839743589743585,0.01789529914529914,,8,0.8530587733854432,16
4266.0,0.024839743589743585,0.01789529914529914,,8,0.8530587733854432,16
4267.0,0.024839743589743585,0.01789529914529914,,8,0.8530587733854432,16
4268.0,0.024839743589743585,0.01789529914529914,,8,0.8530587733854432,16
4269.0,0.024839743589743585,0.01789529914529914,,8,0.8530587733854432,16
4270.0,0.024839743589743585,0.01789529914529914,,8,0.8530587733854432,16
4271.0,0.024839743589743585,0.01789529914529914,,8,0.8530587733854432,16
4272.0,0.024839743589743585,0.01789529914529914,,8,0.8530587733854432,16
4273.0,0.024839743589743585,0.01789529914529914,,8,0.8530587733854432,16
4274.0,0.024839743589743585,0.01789529914529914,,8,0.8530587733854432,16
4275.0,0.024839743589743585,0.01789529914529914,,8,0.8530587733854432,16
4276.0,0.024839743589743585,0.01789529914529914,,8,0.8530587733854432,16
4277.0,0.024839743589743585,0.01789529914529914,,8,0.8530587733854432,16
4278.0,0.024839743589743585,0.01789529914529914,,8,0.8530587733854432,16
4279.0,0.024839743589743585,0.01789529914529914,,8,0.8530587733854432,16
4280.0,0.024839743589743585,0.01789529914529914,,8,0.8530587733854432,16
4281.0,0.024839743589743585,0.01789529914529914,,8,0.8530587733854432,16
4282.0,0.024839743589743585,0.01789529914529914,,8,0.8530587733854432,16
4283.0,0.024839743589743585,0.01789529914529914,,8,0.8530587733854432,16
4284.0,0.024839743589743585,0.01789529914529914,,8,0.8530587733854432,16
4285.0,0.024839743589743585,0.01789529914529914,,8,0.8530587733854432,16
4286.0,0.024839743589743585,0.01789529914529914,,8,0.8530587733854432,16
4287.0,0.024839743589743585,0.01789529914529914,,8,0.8530587733854432,16
4288.0,0.024839743589743585,0.01789529914529914,,8,0.8530587733854432,16
4289.0,0.024839743589743585,0.01789529914529914,,8,0.8530587733854432,16
4290.0,0.024839743589743585,0.01789529914529914,,8,0.8530587733854432,16
4291.0,0.024839743589743585,0.01789529914529914,,8,0.8530587733854432,16
4292.0,0.024839743589743585,0.01789529914529914,,8,0.8530587733854432,16
4293.0,0.024839743589743585,0.01789529914529914,,8,0.8530587733854432,16
4294.0,0.024839743589743585,0.01789529914529914,,8,0.8530587733854432,16
4295.0,0.024839743589743585,0.01789529914529914,,8,0.8530587733854432,16
4296.0,0.024839743589743585,0.01789529914529914,,8,0.8530587733854432,16
4297.0,0.024839743589743585,0.01789529914529914,,8,0.8530587733854432,16
4298.0,0.024839743589743585,0.01789529914529914,,8,0.8530587733854432,16
4299.0,0.024839743589743585,0.01789529914529914,,8,0.8530587733854432,16
4300.0,0.024839743589743585,0.01789529914529914,,8,0.8530587733854432,16
4301.0,0.024839743589743585,0.01789529914529914,,8,0.8530587733854432,16
4302.0,0.024839743589743585,0.01789529914529914,,8,0.8530587733854432,16
4303.0,0.024839743589743585,0.01789529914529914,,8,0.8530587733854432,16
4304.0,0.024839743589743585,0.01789529914529914,,8,0.8530587733854432,16
4305.0,0.024839743589743585,0.01789529914529914,,8,0.8530587733854432,16
4306.0,0.024839743589743585,0.01789529914529914,,8,0.8530587733854432,16
4307.0,0.024839743589743585,0.01789529914529914,,8,0.8530587733854432,16
4308.0,0.024839743589743585,0.01789529914529914,,8,0.8530587733854432,16
4309.0,0.024839743589743585,0.01789529914529914,,8,0.8530587733854432,16
4310.0,0.024839743589743585,0.01789529914529914,,8,0.8530587733854432,16
4311.0,0.024839743589743585,0.01789529914529914,,8,0.8530587733854432,16
4312.0,0.024839743589743585,0.01789529914529914,,8,0.8530587733854432,16
4313.0,0.024839743589743585,0.01789529914529914,,8,0.8530587733854432,16
4314.0,0.024839743589743585,0.01789529914529914,,8,0.8530587733854432,16
4315.0,0.024839743589743585,0.01789529914529914,,8,0.8530587733854432,16
4316.0,0.024839743589743585,0.01789529914529914,,8,0.8530587733854432,16
4317.0,0.024839743589743585,0.01789529914529914,,8,0.8530587733854432,16
4318.0,0.024839743589743585,0.01789529914529914,,8,0.8530587733854432,16
4319.0,0.024839743589743585,0.01789529914529914,,8,0.8530587733854432,16
4320.0,0.024839743589743585,0.01789529914529914,,8,0.8530587733854432,16
4321.0,0.024839743589743585,0.01789529914529914,,8,0.8530587733854432,16
4322.0,0.024839743589743585,0.01789529914529914,,8,0.8530587733854432,16
4323.0,0.024839743589743585,0.01789529914529914,,8,0.8530587733854432,16
4324.0,0.024839743589743585,0.01789529914529914,,8,0.8530587733854432,16
4325.0,0.024839743589743585,0.01789529914529914,,8,0.8530587733854432,16
4326.0,0.024839743589743585,0.01789529914529914,,8,0.8530587733854432,16
4327.0,0.024839743589743585,0.01789529914529914,,8,0.8530587733854432,16
4328.0,0.024839743589743585,0.01789529914529914,,8,0.8530587733854432,16
4329.0,0.024839743589743585,0.01789529914529914,,8,0.8530587733854432,16
4330.0,0.024839743589743585,0.01789529914529914,,8,0.8530587733854432,16
4331.0,0.024839743589743585,0.01789529914529914,,8,0.8530587733854432,16
4332.0,0.024839743589743585,0.01789529914529914,,8,0.8530587733854432,16
4333.0,0.024839743589743585,0.01789529914529914,,8,0.8530587733854432,16
4334.0,0.024839743589743585,0.01789529914529914,,8,0.8530587733854432,16
4335.0,0.024839743589743585,0.01789529914529914,,8,0.8530587733854432,16
4336.0,0.024839743589743585,0.01789529914529914,,8,0.8530587733854432,16
4337.0,0.024839743589743585,0.01789529914529914,,8,0.8530587733854432,16
4338.0,0.024839743589743585,0.01789529914529914,,8,0.8530587733854432,16
4339.0,0.024839743589743585,0.01789529914529914,,8,0.8530587733854432,16
4340.0,0.024839743589743585,0.01789529914529914,,8,0.8530587733854432,16
4341.0,0.024839743589743585,0.01789529914529914,,8,0.8530587733854432,16
4342.0,0.024839743589743585,0.01789529914529914,,8,0.8530587733854432,16
4343.0,0.024839743589743585,0.01789529914529914,,8,0.8530587733854432,16
4344.0,0.024839743589743585,0.01789529914529914,,8,0.8530587733854432,16
4345.0,0.024839743589743585,0.01789529914529914,,8,0.8530587733854432,16
4346.0,0.024839743589743585,0.01789529914529914,,8,0.8530587733854432,16
4347.0,0.024839743589743585,0.01789529914529914,,8,0.8530587733854432,16
4348.0,0.024839743589743585,0.01789529914529914,,8,0.8530587733854432,16
4349.0,0.024839743589743585,0.01789529914529914,,8,0.8530587733854432,16
4350.0,0.024839743589743585,0.01789529914529914,,8,0.8530587733854432,16
4351.0,0.024839743589743585,0.01789529914529914,,8,0.8530587733854432,16
4352.0,0.024839743589743585,0.01789529914529914,,8,0.8530587733854432,16
4353.0,0.024839743589743585,0.01789529914529914,,8,0.8530587733854432,16
4354.0,0.024839743589743585,0.01789529914529914,,8,0.8530587733854432,16
4355.0,0.024839743589743585,0.01789529914529914,,8,0.8530587733854432,16
4356.0,0.024839743589743585,0.01789529914529914,,8,0.8530587733854432,16
4357.0,0.024839743589743585,0.01789529914529914,,8,0.8530587733854432,16
4358.0,0.024839743589743585,0.01789529914529914,,8,0.8530587733854432,16
4359.0,0.024839743589743585,0.01789529914529914,,8,0.8530587733854432,16
4360.0,0.024839743589743585,0.01789529914529914,,8,0.8530587733854432,16
4361.0,0.024839743589743585,0.01789529914529914,,8,0.8530587733854432,16
4362.0,0.024839743589743585,0.01789529914529914,,8,0.8530587733854432,16
4363.0,0.024839743589743585,0.01789529914529914,,8,0.8530587733854432,16
4364.0,0.024839743589743585,0.01789529914529914,,8,0.8530587733854432,16
4365.0,0.024839743589743585,0.01789529914529914,,8,0.8530587733854432,16
4366.0,0.024839743589743585,0.01789529914529914,,8,0.8530587733854432,16
4367.0,0.024839743589743585,0.01789529914529914,,8,0.8530587733854432,16
4368.0,0.024839743589743585,0.01789529914529914,,8,0.8530587733854432,16
4369.0,0.024839743589743585,0.01789529914529914,,8,0.8530587733854432,16
4370.0,0.024839743589743585,0.01789529914529914,,8,0.8530587733854432,16
4371.0,0.024839743589743585,0.01789529914529914,,8,0.8530587733854432,16
4372.0,0.024839743589743585,0.01789529914529914,,8,0.8530587733854432,16
4373.0,0.024839743589743585,0.01789529914529914,,8,0.8530587733854432,16
4374.0,0.024839743589743585,0.01789529914529914,,8,0.8530587733854432,16
4375.0,0.024839743589743585,0.01789529914529914,,8,0.8530587733854432,16
4376.0,0.024839743589743585,0.01789529914529914,,8,0.8530587733854432,16
4377.0,0.024839743589743585,0.01789529914529914,,8,0.8530587733854432,16
4378.0,0.024839743589743585,0.01789529914529914,,8,0.8530587733854432,16
4379.0,0.024839743589743585,0.01789529914529914,,8,0.8530587733854432,16
4380.0,0.024839743589743585,0.01789529914529914,,8,0.8530587733854432,16
4381.0,0.024839743589743585,0.01789529914529914,,8,0.8530587733854432,16
4382.0,0.024839743589743585,0.01789529914529914,,8,0.8530587733854432,16
4383.0,0.024839743589743585,0.01789529914529914,,8,0.8530587733854432,16
4384.0,0.024839743589743585,0.01789529914529914,,8,0.8530587733854432,16
4385.0,0.024839743589743585,0.01789529914529914,,8,0.8530587733854432,16
4386.0,0.024839743589743585,0.01789529914529914,,8,0.8530587733854432,16
4387.0,0.024839743589743585,0.01789529914529914,,8,0.8530587733854432,16
4388.0,0.024839743589743585,0.01789529914529914,,8,0.8530587733854432,16
4389.0,0.024839743589743585,0.01789529914529914,,8,0.8530587733854432,16
4390.0,0.024839743589743585,0.01789529914529914,,8,0.8530587733854432,16
4391.0,0.024839743589743585,0.01789529914529914,,8,0.8530587733854432,16
4392.0,0.024839743589743585,0.01789529914529914,,8,0.8530587733854432,16
4393.0,0.024839743589743585,0.01789529914529914,,8,0.8530587733854432,16
4394.0,0.024839743589743585,0.01789529914529914,,8,0.8530587733854432,16
4395.0,0.024839743589743585,0.01789529914529914,,8,0.8530587733854432,16
4396.0,0.024839743589743585,0.01789529914529914,,8,0.8530587733854432,16
4397.0,0.024839743589743585,0.01789529914529914,,8,0.8530587733854432,16
4398.0,0.024839743589743585,0.01789529914529914,,8,0.8530587733854432,16
4399.0,0.024839743589743585,0.01789529914529914,,8,0.8530587733854432,16
4400.0,0.024839743589743585,0.01789529914529914,,8,0.8530587733854432,16
4401.0,0.024839743589743585,0.01789529914529914,,8,0.8530587733854432,16
4402.0,0.024839743589743585,0.01789529914529914,,8,0.8530587733854432,16
4403.0,0.024839743589743585,0.01789529914529914,,8,0.8530587733854432,16
4404.0,0.024839743589743585,0.01789529914529914,,8,0.8530587733854432,16
4405.0,0.024839743589743585,0.01789529914529914,,8,0.8530587733854432,16
4406.0,0.024839743589743585,0.01789529914529914,,8,0.8530587733854432,16
4407.0,0.024839743589743585,0.01789529914529914,,8,0.8530587733854432,16
4408.0,0.024839743589743585,0.01789529914529914,,8,0.8530587733854432,16
4409.0,0.024839743589743585,0.01789529914529914,,8,0.8530587733854432,16
4410.0,0.024839743589743585,0.01789529914529914,,8,0.8530587733854432,16
4411.0,0.024839743589743585,0.01789529914529914,,8,0.8530587733854432,16
4412.0,0.024839743589743585,0.01789529914529914,,8,0.8530587733854432,16
4413.0,0.024839743589743585,0.01789529914529914,,8,0.8530587733854432,16
4414.0,0.024839743589743585,0.01789529914529914,,8,0.8530587733854432,16
4415.0,0.024839743589743585,0.01789529914529914,,8,0.8530587733854432,16
4416.0,0.024839743589743585,0.01789529914529914,,8,0.8530587733854432,16
4417.0,0.024839743589743585,0.01789529914529914,,8,0.8530587733854432,16
4418.0,0.024839743589743585,0.01789529914529914,,8,0.8530587733854432,16
4419.0,0.024839743589743585,0.01789529914529914,,8,0.8530587733854432,16
4420.0,0.024839743589743585,0.01789529914529914,,8,0.8530587733854432,16
4421.0,0.024839743589743585,0.01789529914529914,,8,0.8530587733854432,16
4422.0,0.024839743589743585,0.01789529914529914,,8,0.8530587733854432,16
4423.0,0.024839743589743585,0.01789529914529914,,8,0.8530587733854432,16
4424.0,0.024839743589743585,0.01789529914529914,,8,0.8530587733854432,16
4425.0,0.024839743589743585,0.01789529914529914,,8,0.8530587733854432,16
4426.0,0.024839743589743585,0.01789529914529914,,8,0.8530587733854432,16
4427.0,0.024839743589743585,0.01789529914529914,,8,0.8530587733854432,16
4428.0,0.024839743589743585,0.01789529914529914,,8,0.8530587733854432,16
4429.0,0.024839743589743585,0.01789529914529914,,8,0.8530587733854432,16
4430.0,0.024839743589743585,0.01789529914529914,,8,0.8530587733854432,16
4431.0,0.024839743589743585,0.01789529914529914,,8,0.8530587733854432,16
4432.0,0.024839743589743585,0.01789529914529914,,8,0.8530587733854432,16
4433.0,0.024839743589743585,0.01789529914529914,,8,0.8530587733854432,16
4434.0,0.024839743589743585,0.01789529914529914,,8,0.8530587733854432,16
4435.0,0.024839743589743585,0.01789529914529914,,8,0.8530587733854432,16
4436.0,0.024839743589743585,0.01789529914529914,,8,0.8530587733854432,16
4437.0,0.024839743589743585,0.01789529914529914,,8,0.8530587733854432,16
4438.0,0.024839743589743585,0.01789529914529914,,8,0.8530587733854432,16
4439.0,0.024839743589743585,0.01789529914529914,,8,0.8530587733854432,16
4440.0,0.024839743589743585,0.01789529914529914,,8,0.8530587733854432,16
4441.0,0.024839743589743585,0.01789529914529914,,8,0.8530587733854432,16
4442.0,0.024839743589743585,0.01789529914529914,,8,0.8530587733854432,16
4443.0,0.024839743589743585,0.01789529914529914,,8,0.8530587733854432,16
4444.0,0.024839743589743585,0.01789529914529914,,8,0.8530587733854432,16
4445.0,0.024839743589743585,0.01789529914529914,,8,0.8530587733854432,16
4446.0,0.024839743589743585,0.01789529914529914,,8,0.8530587733854432,16
4447.0,0.024839743589743585,0.01789529914529914,,8,0.8530587733854432,16
4448.0,0.024839743589743585,0.01789529914529914,,8,0.8530587733854432,16
4449.0,0.024839743589743585,0.01789529914529914,,8,0.8530587733854432,16
4450.0,0.024839743589743585,0.01789529914529914,,8,0.8530587733854432,16
4451.0,0.024839743589743585,0.01789529914529914,,8,0.8530587733854432,16
4452.0,0.024839743589743585,0.01789529914529914,,8,0.8530587733854432,16
4453.0,0.024839743589743585,0.01789529914529914,,8,0.8530587733854432,16
4454.0,0.024839743589743585,0.01789529914529914,,8,0.8530587733854432,16
4455.0,0.024839743589743585,0.01789529914529914,,8,0.8530587733854432,16
4456.0,0.024839743589743585,0.01789529914529914,,8,0.8530587733854432,16
4457.0,0.024839743589743585,0.01789529914529914,,8,0.8530587733854432,16
4458.0,0.024839743589743585,0.01789529914529914,,8,0.8530587733854432,16
4459.0,0.024839743589743585,0.01789529914529914,,8,0.8530587733854432,16
4460.0,0.024839743589743585,0.01789529914529914,,8,0.8530587733854432,16
4461.0,0.024839743589743585,0.01789529914529914,,8,0.8530587733854432,16
4462.0,0.024839743589743585,0.01789529914529914,,8,0.8530587733854432,16
4463.0,0.024839743589743585,0.01789529914529914,,8,0.8530587733854432,16
4464.0,0.024839743589743585,0.01789529914529914,,8,0.8530587733854432,16
4465.0,0.024839743589743585,0.01789529914529914,,8,0.8530587733854432,16
4466.0,0.024839743589743585,0.01789529914529914,,8,0.8530587733854432,16
4467.0,0.024839743589743585,0.01789529914529914,,8,0.8530587733854432,16
4468.0,0.024839743589743585,0.01789529914529914,,8,0.8530587733854432,16
4469.0,0.024839743589743585,0.01789529914529914,,8,0.8530587733854432,16
4470.0,0.024839743589743585,0.01789529914529914,,8,0.8530587733854432,16
4471.0,0.024839743589743585,0.01789529914529914,,8,0.8530587733854432,16
4472.0,0.024839743589743585,0.01789529914529914,,8,0.8530587733854432,16
4473.0,0.024839743589743585,0.01789529914529914,,8,0.8530587733854432,16
4474.0,0.024839743589743585,0.01789529914529914,,8,0.8530587733854432,16
4475.0,0.024839743589743585,0.01789529914529914,,8,0.8530587733854432,16
4476.0,0.024839743589743585,0.01789529914529914,,8,0.8530587733854432,16
4477.0,0.024839743589743585,0.01789529914529914,,8,0.8530587733854432,16
4478.0,0.024839743589743585,0.01789529914529914,,8,0.8530587733854432,16
4479.0,0.024839743589743585,0.01789529914529914,,8,0.8530587733854432,16
4480.0,0.024839743589743585,0.01789529914529914,,8,0.8530587733854432,16
4481.0,0.024839743589743585,0.01789529914529914,,8,0.8530587733854432,16
4482.0,0.024839743589743585,0.01789529914529914,,8,0.8530587733854432,16
4483.0,0.024839743589743585,0.01789529914529914,,8,0.8530587733854432,16
4484.0,0.024839743589743585,0.01789529914529914,,8,0.8530587733854432,16
4485.0,0.024839743589743585,0.01789529914529914,,8,0.8530587733854432,16
4486.0,0.024839743589743585,0.01789529914529914,,8,0.8530587733854432,16
4487.0,0.024839743589743585,0.01789529914529914,,8,0.8530587733854432,16
4488.0,0.024839743589743585,0.01789529914529914,,8,0.8530587733854432,16
4489.0,0.024839743589743585,0.01789529914529914,,8,0.8530587733854432,16
4490.0,0.024839743589743585,0.01789529914529914,,8,0.8530587733854432,16
4491.0,0.024839743589743585,0.01789529914529914,,8,0.8530587733854432,16
4492.0,0.024839743589743585,0.01789529914529914,,8,0.8530587733854432,16
4493.0,0.024839743589743585,0.01789529914529914,,8,0.8530587733854432,16
4494.0,0.024839743589743585,0.01789529914529914,,8,0.8530587733854432,16
4495.0,0.024839743589743585,0.01789529914529914,,8,0.8530587733854432,16
4496.0,0.024839743589743585,0.01789529914529914,,8,0.8530587733854432,16
4497.0,0.024839743589743585,0.01789529914529914,,8,0.8530587733854432,16
4498.0,0.024839743589743585,0.01789529914529914,,8,0.8530587733854432,16
4499.0,0.024839743589743585,0.01789529914529914,,8,0.8530587733854432,16
4500.0,0.024839743589743585,0.01789529914529914,,8,0.8530587733854432,16
4501.0,0.024839743589743585,0.01789529914529914,,8,0.8530587733854432,16
4502.0,0.024839743589743585,0.01789529914529914,,8,0.8530587733854432,16
4503.0,0.024839743589743585,0.01789529914529914,,8,0.8530587733854432,16
4504.0,0.024839743589743585,0.01789529914529914,,8,0.8530587733854432,16
4505.0,0.024839743589743585,0.01789529914529914,,8,0.8530587733854432,16
4506.0,0.024839743589743585,0.01789529914529914,,8,0.8530587733854432,16
4507.0,0.024839743589743585,0.01789529914529914,,8,0.8530587733854432,16
4508.0,0.024839743589743585,0.01789529914529914,,8,0.8530587733854432,16
4509.0,0.024839743589743585,0.01789529914529914,,8,0.8530587733854432,16
4510.0,0.024839743589743585,0.01789529914529914,,8,0.8530587733854432,16
4511.0,0.024839743589743585,0.01789529914529914,,8,0.8530587733854432,16
4512.0,0.024839743589743585,0.01789529914529914,,8,0.8530587733854432,16
4513.0,0.024839743589743585,0.01789529914529914,,8,0.8530587733854432,16
4514.0,0.024839743589743585,0.01789529914529914,,8,0.8530587733854432,16
4515.0,0.024839743589743585,0.01789529914529914,,8,0.8530587733854432,16
4516.0,0.024839743589743585,0.01789529914529914,,8,0.8530587733854432,16
4517.0,0.024839743589743585,0.01789529914529914,,8,0.8530587733854432,16
4518.0,0.024839743589743585,0.01789529914529914,,8,0.8530587733854432,16
4519.0,0.024839743589743585,0.01789529914529914,,8,0.8530587733854432,16
4520.0,0.024839743589743585,0.01789529914529914,,8,0.8530587733854432,16
4521.0,0.024839743589743585,0.01789529914529914,,8,0.8530587733854432,16
4522.0,0.024839743589743585,0.01789529914529914,,8,0.8530587733854432,16
4523.0,0.024839743589743585,0.01789529914529914,,8,0.8530587733854432,16
4524.0,0.024839743589743585,0.01789529914529914,,8,0.8530587733854432,16
4525.0,0.024839743589743585,0.01789529914529914,,8,0.8530587733854432,16
4526.0,0.024839743589743585,0.01789529914529914,,8,0.8530587733854432,16
4527.0,0.024839743589743585,0.01789529914529914,,8,0.8530587733854432,16
4528.0,0.024839743589743585,0.01789529914529914,,8,0.8530587733854432,16
4529.0,0.024839743589743585,0.01789529914529914,,8,0.8530587733854432,16
4530.0,0.024839743589743585,0.01789529914529914,,8,0.8530587733854432,16
4531.0,0.024839743589743585,0.01789529914529914,,8,0.8530587733854432,16
4532.0,0.024839743589743585,0.01789529914529914,,8,0.8530587733854432,16
4533.0,0.024839743589743585,0.01789529914529914,,8,0.8530587733854432,16
4534.0,0.024839743589743585,0.01789529914529914,,8,0.8530587733854432,16
4535.0,0.024839743589743585,0.01789529914529914,,8,0.8530587733854432,16
4536.0,0.024839743589743585,0.01789529914529914,,8,0.8530587733854432,16
4537.0,0.024839743589743585,0.01789529914529914,,8,0.8530587733854432,16
4538.0,0.024839743589743585,0.01789529914529914,,8,0.8530587733854432,16
4539.0,0.024839743589743585,0.01789529914529914,,8,0.8530587733854432,16
4540.0,0.024839743589743585,0.01789529914529914,,8,0.8530587733854432,16
4541.0,0.024839743589743585,0.01789529914529914,,8,0.8530587733854432,16
4542.0,0.024839743589743585,0.01789529914529914,,8,0.8530587733854432,16
4543.0,0.024839743589743585,0.01789529914529914,,8,0.8530587733854432,16
4544.0,0.024839743589743585,0.01789529914529914,,8,0.8530587733854432,16
4545.0,0.024839743589743585,0.01789529914529914,,8,0.8530587733854432,16
4546.0,0.024839743589743585,0.01789529914529914,,8,0.8530587733854432,16
4547.0,0.024839743589743585,0.01789529914529914,,8,0.8530587733854432,16
4548.0,0.024839743589743585,0.01789529914529914,,8,0.8530587733854432,16
4549.0,0.024839743589743585,0.01789529914529914,,8,0.8530587733854432,16
4550.0,0.024839743589743585,0.01789529914529914,,8,0.8530587733854432,16
4551.0,0.024839743589743585,0.01789529914529914,,8,0.8530587733854432,16
4552.0,0.024839743589743585,0.01789529914529914,,8,0.8530587733854432,16
4553.0,0.024839743589743585,0.01789529914529914,,8,0.8530587733854432,16
4554.0,0.024839743589743585,0.01789529914529914,,8,0.8530587733854432,16
4555.0,0.024839743589743585,0.01789529914529914,,8,0.8530587733854432,16
4556.0,0.024839743589743585,0.01789529914529914,,8,0.8530587733854432,16
4557.0,0.024839743589743585,0.01789529914529914,,8,0.8530587733854432,16
4558.0,0.024839743589743585,0.01789529914529914,,8,0.8530587733854432,16
4559.0,0.024839743589743585,0.01789529914529914,,8,0.8530587733854432,16
4560.0,0.024839743589743585,0.01789529914529914,,8,0.8530587733854432,16
4561.0,0.024839743589743585,0.01789529914529914,,8,0.8530587733854432,16
4562.0,0.024839743589743585,0.01789529914529914,,8,0.8530587733854432,16
4563.0,0.024839743589743585,0.01789529914529914,,8,0.8530587733854432,16
4564.0,0.024839743589743585,0.01789529914529914,,8,0.8530587733854432,16
4565.0,0.024839743589743585,0.01789529914529914,,8,0.8530587733854432,16
4566.0,0.024839743589743585,0.01789529914529914,,8,0.8530587733854432,16
4567.0,0.024839743589743585,0.01789529914529914,,8,0.8530587733854432,16
4568.0,0.024839743589743585,0.01789529914529914,,8,0.8530587733854432,16
4569.0,0.024839743589743585,0.01789529914529914,,8,0.8530587733854432,16
4570.0,0.024839743589743585,0.01789529914529914,,8,0.8530587733854432,16
4571.0,0.024839743589743585,0.01789529914529914,,8,0.8530587733854432,16
4572.0,0.024839743589743585,0.01789529914529914,,8,0.8530587733854432,16
4573.0,0.024839743589743585,0.01789529914529914,,8,0.8530587733854432,16
4574.0,0.024839743589743585,0.01789529914529914,,8,0.8530587733854432,16
4575.0,0.024839743589743585,0.01789529914529914,,8,0.8530587733854432,16
4576.0,0.024839743589743585,0.01789529914529914,,8,0.8530587733854432,16
4577.0,0.024839743589743585,0.01789529914529914,,8,0.8530587733854432,16
4578.0,0.024839743589743585,0.01789529914529914,,8,0.8530587733854432,16
4579.0,0.024839743589743585,0.01789529914529914,,8,0.8530587733854432,16
4580.0,0.024839743589743585,0.01789529914529914,,8,0.8530587733854432,16
4581.0,0.024839743589743585,0.01789529914529914,,8,0.8530587733854432,16
4582.0,0.024839743589743585,0.01789529914529914,,8,0.8530587733854432,16
4583.0,0.024839743589743585,0.01789529914529914,,8,0.8530587733854432,16
4584.0,0.024839743589743585,0.01789529914529914,,8,0.8530587733854432,16
4585.0,0.024839743589743585,0.01789529914529914,,8,0.8530587733854432,16
4586.0,0.024839743589743585,0.01789529914529914,,8,0.8530587733854432,16
4587.0,0.024839743589743585,0.01789529914529914,,8,0.8530587733854432,16
4588.0,0.024839743589743585,0.01789529914529914,,8,0.8530587733854432,16
4589.0,0.024839743589743585,0.01789529914529914,,8,0.8530587733854432,16
4590.0,0.024839743589743585,0.01789529914529914,,8,0.8530587733854432,16
4591.0,0.024839743589743585,0.01789529914529914,,8,0.8530587733854432,16
4592.0,0.024839743589743585,0.01789529914529914,,8,0.8530587733854432,16
4593.0,0.024839743589743585,0.01789529914529914,,8,0.8530587733854432,16
4594.0,0.024839743589743585,0.01789529914529914,,8,0.8530587733854432,16
4595.0,0.024839743589743585,0.01789529914529914,,8,0.8530587733854432,16
4596.0,0.024839743589743585,0.01789529914529914,,8,0.8530587733854432,16
4597.0,0.024839743589743585,0.01789529914529914,,8,0.8530587733854432,16
4598.0,0.024839743589743585,0.01789529914529914,,8,0.8530587733854432,16
4599.0,0.024839743589743585,0.01789529914529914,,8,0.8530587733854432,16
4600.0,0.024839743589743585,0.01789529914529914,,8,0.8530587733854432,16
4601.0,0.024839743589743585,0.01789529914529914,,8,0.8530587733854432,16
4602.0,0.024839743589743585,0.01789529914529914,,8,0.8530587733854432,16
4603.0,0.024839743589743585,0.01789529914529914,,8,0.8530587733854432,16
4604.0,0.024839743589743585,0.01789529914529914,,8,0.8530587733854432,16
4605.0,0.024839743589743585,0.01789529914529914,,8,0.8530587733854432,16
4606.0,0.024839743589743585,0.01789529914529914,,8,0.8530587733854432,16
4607.0,0.024839743589743585,0.01789529914529914,,8,0.8530587733854432,16
4608.0,0.024839743589743585,0.01789529914529914,,8,0.8530587733854432,16
4609.0,0.024839743589743585,0.01789529914529914,,8,0.8530587733854432,16
4610.0,0.024839743589743585,0.01789529914529914,,8,0.8530587733854432,16
4611.0,0.024839743589743585,0.01789529914529914,,8,0.8530587733854432,16
4612.0,0.024839743589743585,0.01789529914529914,,8,0.8530587733854432,16
4613.0,0.024839743589743585,0.01789529914529914,,8,0.8530587733854432,16
4614.0,0.024839743589743585,0.01789529914529914,,8,0.8530587733854432,16
4615.0,0.024839743589743585,0.01789529914529914,,8,0.8530587733854432,16
4616.0,0.024839743589743585,0.01789529914529914,,8,0.8530587733854432,16
4617.0,0.024839743589743585,0.01789529914529914,,8,0.8530587733854432,16
4618.0,0.024839743589743585,0.01789529914529914,,8,0.8530587733854432,16
4619.0,0.024839743589743585,0.01789529914529914,,8,0.8530587733854432,16
4620.0,0.024839743589743585,0.01789529914529914,,8,0.8530587733854432,16
4621.0,0.024839743589743585,0.01789529914529914,,8,0.8530587733854432,16
4622.0,0.024839743589743585,0.01789529914529914,,8,0.8530587733854432,16
4623.0,0.024839743589743585,0.01789529914529914,,8,0.8530587733854432,16
4624.0,0.024839743589743585,0.01789529914529914,,8,0.8530587733854432,16
4625.0,0.024839743589743585,0.01789529914529914,,8,0.8530587733854432,16
4626.0,0.024839743589743585,0.01789529914529914,,8,0.8530587733854432,16
4627.0,0.024839743589743585,0.01789529914529914,,8,0.8530587733854432,16
4628.0,0.024839743589743585,0.01789529914529914,,8,0.8530587733854432,16
4629.0,0.024839743589743585,0.01789529914529914,,8,0.8530587733854432,16
4630.0,0.024839743589743585,0.01789529914529914,,8,0.8530587733854432,16
4631.0,0.024839743589743585,0.01789529914529914,,8,0.8530587733854432,16
4632.0,0.024839743589743585,0.01789529914529914,,8,0.8530587733854432,16
4633.0,0.024839743589743585,0.01789529914529914,,8,0.8530587733854432,16
4634.0,0.024839743589743585,0.01789529914529914,,8,0.8530587733854432,16
4635.0,0.024839743589743585,0.01789529914529914,,8,0.8530587733854432,16
4636.0,0.024839743589743585,0.01789529914529914,,8,0.8530587733854432,16
4637.0,0.024839743589743585,0.01789529914529914,,8,0.8530587733854432,16
4638.0,0.024839743589743585,0.01789529914529914,,8,0.8530587733854432,16
4639.0,0.024839743589743585,0.01789529914529914,,8,0.8530587733854432,16
4640.0,0.024839743589743585,0.01789529914529914,,8,0.8530587733854432,16
4641.0,0.024839743589743585,0.01789529914529914,,8,0.8530587733854432,16
4642.0,0.024839743589743585,0.01789529914529914,,8,0.8530587733854432,16
4643.0,0.024839743589743585,0.01789529914529914,,8,0.8530587733854432,16
4644.0,0.024839743589743585,0.01789529914529914,,8,0.8530587733854432,16
4645.0,0.024839743589743585,0.01789529914529914,,8,0.8530587733854432,16
4646.0,0.024839743589743585,0.01789529914529914,,8,0.8530587733854432,16
4647.0,0.024839743589743585,0.01789529914529914,,8,0.8530587733854432,16
4648.0,0.024839743589743585,0.01789529914529914,,8,0.8530587733854432,16
4649.0,0.024839743589743585,0.01789529914529914,,8,0.8530587733854432,16
4650.0,0.024839743589743585,0.01789529914529914,,8,0.8530587733854432,16
4651.0,0.024839743589743585,0.01789529914529914,,8,0.8530587733854432,16
4652.0,0.024839743589743585,0.01789529914529914,,8,0.8530587733854432,16
4653.0,0.024839743589743585,0.01789529914529914,,8,0.8530587733854432,16
4654.0,0.024839743589743585,0.01789529914529914,,8,0.8530587733854432,16
4655.0,0.024839743589743585,0.01789529914529914,,8,0.8530587733854432,16
4656.0,0.024839743589743585,0.01789529914529914,,8,0.8530587733854432,16
4657.0,0.024839743589743585,0.01789529914529914,,8,0.8530587733854432,16
4658.0,0.024839743589743585,0.01789529914529914,,8,0.8530587733854432,16
4659.0,0.024839743589743585,0.01789529914529914,,8,0.8530587733854432,16
4660.0,0.024839743589743585,0.01789529914529914,,8,0.8530587733854432,16
4661.0,0.024839743589743585,0.01789529914529914,,8,0.8530587733854432,16
4662.0,0.024839743589743585,0.01789529914529914,,8,0.8530587733854432,16
4663.0,0.024839743589743585,0.01789529914529914,,8,0.8530587733854432,16
4664.0,0.024839743589743585,0.01789529914529914,,8,0.8530587733854432,16
4665.0,0.024839743589743585,0.01789529914529914,,8,0.8530587733854432,16
4666.0,0.024839743589743585,0.01789529914529914,,8,0.8530587733854432,16
4667.0,0.024839743589743585,0.01789529914529914,,8,0.8530587733854432,16
4668.0,0.024839743589743585,0.01789529914529914,,8,0.8530587733854432,16
4669.0,0.024839743589743585,0.01789529914529914,,8,0.8530587733854432,16
4670.0,0.024839743589743585,0.01789529914529914,,8,0.8530587733854432,16
4671.0,0.024839743589743585,0.01789529914529914,,8,0.8530587733854432,16
4672.0,0.024839743589743585,0.01789529914529914,,8,0.8530587733854432,16
4673.0,0.024839743589743585,0.01789529914529914,,8,0.8530587733854432,16
4674.0,0.024839743589743585,0.01789529914529914,,8,0.8530587733854432,16
4675.0,0.024839743589743585,0.01789529914529914,,8,0.8530587733854432,16
4676.0,0.024839743589743585,0.01789529914529914,,8,0.8530587733854432,16
4677.0,0.024839743589743585,0.01789529914529914,,8,0.8530587733854432,16
4678.0,0.024839743589743585,0.01789529914529914,,8,0.8530587733854432,16
4679.0,0.024839743589743585,0.01789529914529914,,8,0.8530587733854432,16
4680.0,0.024839743589743585,0.01789529914529914,,8,0.8530587733854432,16
4681.0,0.024839743589743585,0.01789529914529914,,8,0.8530587733854432,16
4682.0,0.024839743589743585,0.01789529914529914,,8,0.8530587733854432,16
4683.0,0.024839743589743585,0.01789529914529914,,8,0.8530587733854432,16
4684.0,0.024839743589743585,0.01789529914529914,,8,0.8530587733854432,16
4685.0,0.024839743589743585,0.01789529914529914,,8,0.8530587733854432,16
4686.0,0.024839743589743585,0.01789529914529914,,8,0.8530587733854432,16
4687.0,0.024839743589743585,0.01789529914529914,,8,0.8530587733854432,16
4688.0,0.024839743589743585,0.01789529914529914,,8,0.8530587733854432,16
4689.0,0.024839743589743585,0.01789529914529914,,8,0.8530587733854432,16
4690.0,0.024839743589743585,0.01789529914529914,,8,0.8530587733854432,16
4691.0,0.024839743589743585,0.01789529914529914,,8,0.8530587733854432,16
4692.0,0.024839743589743585,0.01789529914529914,,8,0.8530587733854432,16
4693.0,0.024839743589743585,0.01789529914529914,,8,0.8530587733854432,16
4694.0,0.024839743589743585,0.01789529914529914,,8,0.8530587733854432,16
4695.0,0.024839743589743585,0.01789529914529914,,8,0.8530587733854432,16
4696.0,0.024839743589743585,0.01789529914529914,,8,0.8530587733854432,16
4697.0,0.024839743589743585,0.01789529914529914,,8,0.8530587733854432,16
4698.0,0.024839743589743585,0.01789529914529914,,8,0.8530587733854432,16
4699.0,0.024839743589743585,0.01789529914529914,,8,0.8530587733854432,16
4700.0,0.024839743589743585,0.01789529914529914,,8,0.8530587733854432,16
4701.0,0.024839743589743585,0.01789529914529914,,8,0.8530587733854432,16
4702.0,0.024839743589743585,0.01789529914529914,,8,0.8530587733854432,16
4703.0,0.024839743589743585,0.01789529914529914,,8,0.8530587733854432,16
4704.0,0.024839743589743585,0.01789529914529914,,8,0.8530587733854432,16
4705.0,0.024839743589743585,0.01789529914529914,,8,0.8530587733854432,16
4706.0,0.024839743589743585,0.01789529914529914,,8,0.8530587733854432,16
4707.0,0.024839743589743585,0.01789529914529914,,8,0.8530587733854432,16
4708.0,0.024839743589743585,0.01789529914529914,,8,0.8530587733854432,16
4709.0,0.024839743589743585,0.01789529914529914,,8,0.8530587733854432,16
4710.0,0.024839743589743585,0.01789529914529914,,8,0.8530587733854432,16
4711.0,0.024839743589743585,0.01789529914529914,,8,0.8530587733854432,16
4712.0,0.024839743589743585,0.01789529914529914,,8,0.8530587733854432,16
4713.0,0.024839743589743585,0.01789529914529914,,8,0.8530587733854432,16
4714.0,0.024839743589743585,0.01789529914529914,,8,0.8530587733854432,16
4715.0,0.024839743589743585,0.01789529914529914,,8,0.8530587733854432,16
4716.0,0.024839743589743585,0.01789529914529914,,8,0.8530587733854432,16
4717.0,0.024839743589743585,0.01789529914529914,,8,0.8530587733854432,16
4718.0,0.024839743589743585,0.01789529914529914,,8,0.8530587733854432,16
4719.0,0.024839743589743585,0.01789529914529914,,8,0.8530587733854432,16
4720.0,0.024839743589743585,0.01789529914529914,,8,0.8530587733854432,16
4721.0,0.024839743589743585,0.01789529914529914,,8,0.8530587733854432,16
4722.0,0.024839743589743585,0.01789529914529914,,8,0.8530587733854432,16
4723.0,0.024839743589743585,0.01789529914529914,,8,0.8530587733854432,16
4724.0,0.024839743589743585,0.01789529914529914,,8,0.8530587733854432,16
4725.0,0.024839743589743585,0.01789529914529914,,8,0.8530587733854432,16
4726.0,0.024839743589743585,0.01789529914529914,,8,0.8530587733854432,16
4727.0,0.024839743589743585,0.01789529914529914,,8,0.8530587733854432,16
4728.0,0.024839743589743585,0.01789529914529914,,8,0.8530587733854432,16
4729.0,0.024839743589743585,0.01789529914529914,,8,0.8530587733854432,16
4730.0,0.024839743589743585,0.01789529914529914,,8,0.8530587733854432,16
4731.0,0.024839743589743585,0.01789529914529914,,8,0.8530587733854432,16
4732.0,0.024839743589743585,0.01789529914529914,,8,0.8530587733854432,16
4733.0,0.024839743589743585,0.01789529914529914,,8,0.8530587733854432,16
4734.0,0.024839743589743585,0.01789529914529914,,8,0.8530587733854432,16
4735.0,0.024839743589743585,0.01789529914529914,,8,0.8530587733854432,16
4736.0,0.024839743589743585,0.01789529914529914,,8,0.8530587733854432,16
4737.0,0.024839743589743585,0.01789529914529914,,8,0.8530587733854432,16
4738.0,0.024839743589743585,0.01789529914529914,,8,0.8530587733854432,16
4739.0,0.024839743589743585,0.01789529914529914,,8,0.8530587733854432,16
4740.0,0.024839743589743585,0.01789529914529914,,8,0.8530587733854432,16
4741.0,0.024839743589743585,0.01789529914529914,,8,0.8530587733854432,16
4742.0,0.024839743589743585,0.01789529914529914,,8,0.8530587733854432,16
4743.0,0.024839743589743585,0.01789529914529914,,8,0.8530587733854432,16
4744.0,0.024839743589743585,0.01789529914529914,,8,0.8530587733854432,16
4745.0,0.024839743589743585,0.01789529914529914,,8,0.8530587733854432,16
4746.0,0.024839743589743585,0.01789529914529914,,8,0.8530587733854432,16
4747.0,0.024839743589743585,0.01789529914529914,,8,0.8530587733854432,16
4748.0,0.024839743589743585,0.01789529914529914,,8,0.8530587733854432,16
4749.0,0.024839743589743585,0.01789529914529914,,8,0.8530587733854432,16
4750.0,0.024839743589743585,0.01789529914529914,,8,0.8530587733854432,16
4751.0,0.024839743589743585,0.01789529914529914,,8,0.8530587733854432,16
4752.0,0.024839743589743585,0.01789529914529914,,8,0.8530587733854432,16
4753.0,0.024839743589743585,0.01789529914529914,,8,0.8530587733854432,16
4754.0,0.024839743589743585,0.01789529914529914,,8,0.8530587733854432,16
4755.0,0.024839743589743585,0.01789529914529914,,8,0.8530587733854432,16
4756.0,0.024839743589743585,0.01789529914529914,,8,0.8530587733854432,16
4757.0,0.024839743589743585,0.01789529914529914,,8,0.8530587733854432,16
4758.0,0.024839743589743585,0.01789529914529914,,8,0.8530587733854432,16
4759.0,0.024839743589743585,0.01789529914529914,,8,0.8530587733854432,16
4760.0,0.024839743589743585,0.01789529914529914,,8,0.8530587733854432,16
4761.0,0.024839743589743585,0.01789529914529914,,8,0.8530587733854432,16
4762.0,0.024839743589743585,0.01789529914529914,,8,0.8530587733854432,16
4763.0,0.024839743589743585,0.01789529914529914,,8,0.8530587733854432,16
4764.0,0.024839743589743585,0.01789529914529914,,8,0.8530587733854432,16
4765.0,0.024839743589743585,0.01789529914529914,,8,0.8530587733854432,16
4766.0,0.024839743589743585,0.01789529914529914,,8,0.8530587733854432,16
4767.0,0.024839743589743585,0.01789529914529914,,8,0.8530587733854432,16
4768.0,0.024839743589743585,0.01789529914529914,,8,0.8530587733854432,16
4769.0,0.024839743589743585,0.01789529914529914,,8,0.8530587733854432,16
4770.0,0.024839743589743585,0.01789529914529914,,8,0.8530587733854432,16
4771.0,0.024839743589743585,0.01789529914529914,,8,0.8530587733854432,16
4772.0,0.024839743589743585,0.01789529914529914,,8,0.8530587733854432,16
4773.0,0.024839743589743585,0.01789529914529914,,8,0.8530587733854432,16
4774.0,0.024839743589743585,0.01789529914529914,,8,0.8530587733854432,16
4775.0,0.024839743589743585,0.01789529914529914,,8,0.8530587733854432,16
4776.0,0.024839743589743585,0.01789529914529914,,8,0.8530587733854432,16
4777.0,0.024839743589743585,0.01789529914529914,,8,0.8530587733854432,16
4778.0,0.024839743589743585,0.01789529914529914,,8,0.8530587733854432,16
4779.0,0.024839743589743585,0.01789529914529914,,8,0.8530587733854432,16
4780.0,0.024839743589743585,0.01789529914529914,,8,0.8530587733854432,16
4781.0,0.024839743589743585,0.01789529914529914,,8,0.8530587733854432,16
4782.0,0.024839743589743585,0.01789529914529914,,8,0.8530587733854432,16
4783.0,0.024839743589743585,0.01789529914529914,,8,0.8530587733854432,16
4784.0,0.024839743589743585,0.01789529914529914,,8,0.8530587733854432,16
4785.0,0.024839743589743585,0.01789529914529914,,8,0.8530587733854432,16
4786.0,0.024839743589743585,0.01789529914529914,,8,0.8530587733854432,16
4787.0,0.024839743589743585,0.01789529914529914,,8,0.8530587733854432,16
4788.0,0.024839743589743585,0.01789529914529914,,8,0.8530587733854432,16
4789.0,0.024839743589743585,0.01789529914529914,,8,0.8530587733854432,16
4790.0,0.024839743589743585,0.01789529914529914,,8,0.8530587733854432,16
4791.0,0.024839743589743585,0.01789529914529914,,8,0.8530587733854432,16
4792.0,0.024839743589743585,0.01789529914529914,,8,0.8530587733854432,16
4793.0,0.024839743589743585,0.01789529914529914,,8,0.8530587733854432,16
4794.0,0.024839743589743585,0.01789529914529914,,8,0.8530587733854432,16
4795.0,0.024839743589743585,0.01789529914529914,,8,0.8530587733854432,16
4796.0,0.024839743589743585,0.01789529914529914,,8,0.8530587733854432,16
4797.0,0.024839743589743585,0.01789529914529914,,8,0.8530587733854432,16
4798.0,0.024839743589743585,0.01789529914529914,,8,0.8530587733854432,16
4799.0,0.024839743589743585,0.01789529914529914,,8,0.8530587733854432,16
4800.0,0.024839743589743585,0.01789529914529914,,8,0.8530587733854432,16
4801.0,0.024839743589743585,0.01789529914529914,,8,0.8530587733854432,16
4802.0,0.024839743589743585,0.01789529914529914,,8,0.8530587733854432,16
4803.0,0.024839743589743585,0.01789529914529914,,8,0.8530587733854432,16
4804.0,0.024839743589743585,0.01789529914529914,,8,0.8530587733854432,16
4805.0,0.024839743589743585,0.01789529914529914,,8,0.8530587733854432,16
4806.0,0.024839743589743585,0.01789529914529914,,8,0.8530587733854432,16
4807.0,0.024839743589743585,0.01789529914529914,,8,0.8530587733854432,16
4808.0,0.024839743589743585,0.01789529914529914,,8,0.8530587733854432,16
4809.0,0.024839743589743585,0.01789529914529914,,8,0.8530587733854432,16
4810.0,0.024839743589743585,0.01789529914529914,,8,0.8530587733854432,16
4811.0,0.024839743589743585,0.01789529914529914,,8,0.8530587733854432,16
4812.0,0.024839743589743585,0.01789529914529914,,8,0.8530587733854432,16
4813.0,0.024839743589743585,0.01789529914529914,,8,0.8530587733854432,16
4814.0,0.024839743589743585,0.01789529914529914,,8,0.8530587733854432,16
4815.0,0.024839743589743585,0.01789529914529914,,8,0.8530587733854432,16
4816.0,0.024839743589743585,0.01789529914529914,,8,0.8530587733854432,16
4817.0,0.024839743589743585,0.01789529914529914,,8,0.8530587733854432,16
4818.0,0.024839743589743585,0.01789529914529914,,8,0.8530587733854432,16
4819.0,0.024839743589743585,0.01789529914529914,,8,0.8530587733854432,16
4820.0,0.024839743589743585,0.01789529914529914,,8,0.8530587733854432,16
4821.0,0.024839743589743585,0.01789529914529914,,8,0.8530587733854432,16
4822.0,0.024839743589743585,0.01789529914529914,,8,0.8530587733854432,16
4823.0,0.024839743589743585,0.01789529914529914,,8,0.8530587733854432,16
4824.0,0.024839743589743585,0.01789529914529914,,8,0.8530587733854432,16
4825.0,0.024839743589743585,0.01789529914529914,,8,0.8530587733854432,16
4826.0,0.024839743589743585,0.01789529914529914,,8,0.8530587733854432,16
4827.0,0.024839743589743585,0.01789529914529914,,8,0.8530587733854432,16
4828.0,0.024839743589743585,0.01789529914529914,,8,0.8530587733854432,16
4829.0,0.024839743589743585,0.01789529914529914,,8,0.8530587733854432,16
4830.0,0.024839743589743585,0.01789529914529914,,8,0.8530587733854432,16
4831.0,0.024839743589743585,0.01789529914529914,,8,0.8530587733854432,16
4832.0,0.024839743589743585,0.01789529914529914,,8,0.8530587733854432,16
4833.0,0.024839743589743585,0.01789529914529914,,8,0.8530587733854432,16
4834.0,0.024839743589743585,0.01789529914529914,,8,0.8530587733854432,16
4835.0,0.024839743589743585,0.01789529914529914,,8,0.8530587733854432,16
4836.0,0.024839743589743585,0.01789529914529914,,8,0.8530587733854432,16
4837.0,0.024839743589743585,0.01789529914529914,,8,0.8530587733854432,16
4838.0,0.024839743589743585,0.01789529914529914,,8,0.8530587733854432,16
4839.0,0.024839743589743585,0.01789529914529914,,8,0.8530587733854432,16
4840.0,0.024839743589743585,0.01789529914529914,,8,0.8530587733854432,16
4841.0,0.024839743589743585,0.01789529914529914,,8,0.8530587733854432,16
4842.0,0.024839743589743585,0.01789529914529914,,8,0.8530587733854432,16
4843.0,0.024839743589743585,0.01789529914529914,,8,0.8530587733854432,16
4844.0,0.024839743589743585,0.01789529914529914,,8,0.8530587733854432,16
4845.0,0.024839743589743585,0.01789529914529914,,8,0.8530587733854432,16
4846.0,0.024839743589743585,0.01789529914529914,,8,0.8530587733854432,16
4847.0,0.024839743589743585,0.01789529914529914,,8,0.8530587733854432,16
4848.0,0.024839743589743585,0.01789529914529914,,8,0.8530587733854432,16
4849.0,0.024839743589743585,0.01789529914529914,,8,0.8530587733854432,16
4850.0,0.024839743589743585,0.01789529914529914,,8,0.8530587733854432,16
4851.0,0.024839743589743585,0.01789529914529914,,8,0.8530587733854432,16
4852.0,0.024839743589743585,0.01789529914529914,,8,0.8530587733854432,16
4853.0,0.024839743589743585,0.01789529914529914,,8,0.8530587733854432,16
4854.0,0.024839743589743585,0.01789529914529914,,8,0.8530587733854432,16
4855.0,0.024839743589743585,0.01789529914529914,,8,0.8530587733854432,16
4856.0,0.024839743589743585,0.01789529914529914,,8,0.8530587733854432,16
4857.0,0.024839743589743585,0.01789529914529914,,8,0.8530587733854432,16
4858.0,0.024839743589743585,0.01789529914529914,,8,0.8530587733854432,16
4859.0,0.024839743589743585,0.01789529914529914,,8,0.8530587733854432,16
4860.0,0.024839743589743585,0.01789529914529914,,8,0.8530587733854432,16
4861.0,0.024839743589743585,0.01789529914529914,,8,0.8530587733854432,16
4862.0,0.024839743589743585,0.01789529914529914,,8,0.8530587733854432,16
4863.0,0.024839743589743585,0.01789529914529914,,8,0.8530587733854432,16
4864.0,0.024839743589743585,0.01789529914529914,,8,0.8530587733854432,16
4865.0,0.024839743589743585,0.01789529914529914,,8,0.8530587733854432,16
4866.0,0.024839743589743585,0.01789529914529914,,8,0.8530587733854432,16
4867.0,0.024839743589743585,0.01789529914529914,,8,0.8530587733854432,16
4868.0,0.024839743589743585,0.01789529914529914,,8,0.8530587733854432,16
4869.0,0.024839743589743585,0.01789529914529914,,8,0.8530587733854432,16
4870.0,0.024839743589743585,0.01789529914529914,,8,0.8530587733854432,16
4871.0,0.024839743589743585,0.01789529914529914,,8,0.8530587733854432,16
4872.0,0.024839743589743585,0.01789529914529914,,8,0.8530587733854432,16
4873.0,0.024839743589743585,0.01789529914529914,,8,0.8530587733854432,16
4874.0,0.024839743589743585,0.01789529914529914,,8,0.8530587733854432,16
4875.0,0.024839743589743585,0.01789529914529914,,8,0.8530587733854432,16
4876.0,0.024839743589743585,0.01789529914529914,,8,0.8530587733854432,16
4877.0,0.024839743589743585,0.01789529914529914,,8,0.8530587733854432,16
4878.0,0.024839743589743585,0.01789529914529914,,8,0.8530587733854432,16
4879.0,0.024839743589743585,0.01789529914529914,,8,0.8530587733854432,16
4880.0,0.024839743589743585,0.01789529914529914,,8,0.8530587733854432,16
4881.0,0.024839743589743585,0.01789529914529914,,8,0.8530587733854432,16
4882.0,0.024839743589743585,0.01789529914529914,,8,0.8530587733854432,16
4883.0,0.024839743589743585,0.01789529914529914,,8,0.8530587733854432,16
4884.0,0.024839743589743585,0.01789529914529914,,8,0.8530587733854432,16
4885.0,0.024839743589743585,0.01789529914529914,,8,0.8530587733854432,16
4886.0,0.024839743589743585,0.01789529914529914,,8,0.8530587733854432,16
4887.0,0.024839743589743585,0.01789529914529914,,8,0.8530587733854432,16
4888.0,0.024839743589743585,0.01789529914529914,,8,0.8530587733854432,16
4889.0,0.024839743589743585,0.01789529914529914,,8,0.8530587733854432,16
4890.0,0.024839743589743585,0.01789529914529914,,8,0.8530587733854432,16
4891.0,0.024839743589743585,0.01789529914529914,,8,0.8530587733854432,16
4892.0,0.024839743589743585,0.01789529914529914,,8,0.8530587733854432,16
4893.0,0.024839743589743585,0.01789529914529914,,8,0.8530587733854432,16
4894.0,0.024839743589743585,0.01789529914529914,,8,0.8530587733854432,16
4895.0,0.024839743589743585,0.01789529914529914,,8,0.8530587733854432,16
4896.0,0.024839743589743585,0.01789529914529914,,8,0.8530587733854432,16
4897.0,0.024839743589743585,0.01789529914529914,,8,0.8530587733854432,16
4898.0,0.024839743589743585,0.01789529914529914,,8,0.8530587733854432,16
4899.0,0.024839743589743585,0.01789529914529914,,8,0.8530587733854432,16
4900.0,0.024839743589743585,0.01789529914529914,,8,0.8530587733854432,16
4901.0,0.024839743589743585,0.01789529914529914,,8,0.8530587733854432,16
4902.0,0.024839743589743585,0.01789529914529914,,8,0.8530587733854432,16
4903.0,0.024839743589743585,0.01789529914529914,,8,0.8530587733854432,16
4904.0,0.024839743589743585,0.01789529914529914,,8,0.8530587733854432,16
4905.0,0.024839743589743585,0.01789529914529914,,8,0.8530587733854432,16
4906.0,0.024839743589743585,0.01789529914529914,,8,0.8530587733854432,16
4907.0,0.024839743589743585,0.01789529914529914,,8,0.8530587733854432,16
4908.0,0.024839743589743585,0.01789529914529914,,8,0.8530587733854432,16
4909.0,0.024839743589743585,0.01789529914529914,,8,0.8530587733854432,16
4910.0,0.024839743589743585,0.01789529914529914,,8,0.8530587733854432,16
4911.0,0.024839743589743585,0.01789529914529914,,8,0.8530587733854432,16
4912.0,0.024839743589743585,0.01789529914529914,,8,0.8530587733854432,16
4913.0,0.024839743589743585,0.01789529914529914,,8,0.8530587733854432,16
4914.0,0.024839743589743585,0.01789529914529914,,8,0.8530587733854432,16
4915.0,0.024839743589743585,0.01789529914529914,,8,0.8530587733854432,16
4916.0,0.024839743589743585,0.01789529914529914,,8,0.8530587733854432,16
4917.0,0.024839743589743585,0.01789529914529914,,8,0.8530587733854432,16
4918.0,0.024839743589743585,0.01789529914529914,,8,0.8530587733854432,16
4919.0,0.024839743589743585,0.01789529914529914,,8,0.8530587733854432,16
4920.0,0.024839743589743585,0.01789529914529914,,8,0.8530587733854432,16
4921.0,0.024839743589743585,0.01789529914529914,,8,0.8530587733854432,16
4922.0,0.024839743589743585,0.01789529914529914,,8,0.8530587733854432,16
4923.0,0.024839743589743585,0.01789529914529914,,8,0.8530587733854432,16
4924.0,0.024839743589743585,0.01789529914529914,,8,0.8530587733854432,16
4925.0,0.024839743589743585,0.01789529914529914,,8,0.8530587733854432,16
4926.0,0.024839743589743585,0.01789529914529914,,8,0.8530587733854432,16
4927.0,0.024839743589743585,0.01789529914529914,,8,0.8530587733854432,16
4928.0,0.024839743589743585,0.01789529914529914,,8,0.8530587733854432,16
4929.0,0.024839743589743585,0.01789529914529914,,8,0.8530587733854432,16
4930.0,0.024839743589743585,0.01789529914529914,,8,0.8530587733854432,16
4931.0,0.024839743589743585,0.01789529914529914,,8,0.8530587733854432,16
4932.0,0.024839743589743585,0.01789529914529914,,8,0.8530587733854432,16
4933.0,0.024839743589743585,0.01789529914529914,,8,0.8530587733854432,16
4934.0,0.024839743589743585,0.01789529914529914,,8,0.8530587733854432,16
4935.0,0.024839743589743585,0.01789529914529914,,8,0.8530587733854432,16
4936.0,0.024839743589743585,0.01789529914529914,,8,0.8530587733854432,16
4937.0,0.024839743589743585,0.01789529914529914,,8,0.8530587733854432,16
4938.0,0.024839743589743585,0.01789529914529914,,8,0.8530587733854432,16
4939.0,0.024839743589743585,0.01789529914529914,,8,0.8530587733854432,16
4940.0,0.024839743589743585,0.01789529914529914,,8,0.8530587733854432,16
4941.0,0.024839743589743585,0.01789529914529914,,8,0.8530587733854432,16
4942.0,0.024839743589743585,0.01789529914529914,,8,0.8530587733854432,16
4943.0,0.024839743589743585,0.01789529914529914,,8,0.8530587733854432,16
4944.0,0.024839743589743585,0.01789529914529914,,8,0.8530587733854432,16
4945.0,0.024839743589743585,0.01789529914529914,,8,0.8530587733854432,16
4946.0,0.024839743589743585,0.01789529914529914,,8,0.8530587733854432,16
4947.0,0.024839743589743585,0.01789529914529914,,8,0.8530587733854432,16
4948.0,0.024839743589743585,0.01789529914529914,,8,0.8530587733854432,16
4949.0,0.024839743589743585,0.01789529914529914,,8,0.8530587733854432,16
4950.0,0.024839743589743585,0.01789529914529914,,8,0.8530587733854432,16
4951.0,0.024839743589743585,0.01789529914529914,,8,0.8530587733854432,16
4952.0,0.024839743589743585,0.01789529914529914,,8,0.8530587733854432,16
4953.0,0.024839743589743585,0.01789529914529914,,8,0.8530587733854432,16
4954.0,0.024839743589743585,0.01789529914529914,,8,0.8530587733854432,16
4955.0,0.024839743589743585,0.01789529914529914,,8,0.8530587733854432,16
4956.0,0.024839743589743585,0.01789529914529914,,8,0.8530587733854432,16
4957.0,0.024839743589743585,0.01789529914529914,,8,0.8530587733854432,16
4958.0,0.024839743589743585,0.01789529914529914,,8,0.8530587733854432,16
4959.0,0.024839743589743585,0.01789529914529914,,8,0.8530587733854432,16
4960.0,0.024839743589743585,0.01789529914529914,,8,0.8530587733854432,16
4961.0,0.024839743589743585,0.01789529914529914,,8,0.8530587733854432,16
4962.0,0.024839743589743585,0.01789529914529914,,8,0.8530587733854432,16
4963.0,0.024839743589743585,0.01789529914529914,,8,0.8530587733854432,16
4964.0,0.024839743589743585,0.01789529914529914,,8,0.8530587733854432,16
4965.0,0.024839743589743585,0.01789529914529914,,8,0.8530587733854432,16
4966.0,0.024839743589743585,0.01789529914529914,,8,0.8530587733854432,16
4967.0,0.024839743589743585,0.01789529914529914,,8,0.8530587733854432,16
4968.0,0.024839743589743585,0.01789529914529914,,8,0.8530587733854432,16
4969.0,0.024839743589743585,0.01789529914529914,,8,0.8530587733854432,16
4970.0,0.024839743589743585,0.01789529914529914,,8,0.8530587733854432,16
4971.0,0.024839743589743585,0.01789529914529914,,8,0.8530587733854432,16
4972.0,0.024839743589743585,0.01789529914529914,,8,0.8530587733854432,16
4973.0,0.024839743589743585,0.01789529914529914,,8,0.8530587733854432,16
4974.0,0.024839743589743585,0.01789529914529914,,8,0.8530587733854432,16
4975.0,0.024839743589743585,0.01789529914529914,,8,0.8530587733854432,16
4976.0,0.024839743589743585,0.01789529914529914,,8,0.8530587733854432,16
4977.0,0.024839743589743585,0.01789529914529914,,8,0.8530587733854432,16
4978.0,0.024839743589743585,0.01789529914529914,,8,0.8530587733854432,16
4979.0,0.024839743589743585,0.01789529914529914,,8,0.8530587733854432,16
4980.0,0.024839743589743585,0.01789529914529914,,8,0.8530587733854432,16
4981.0,0.024839743589743585,0.01789529914529914,,8,0.8530587733854432,16
4982.0,0.024839743589743585,0.01789529914529914,,8,0.8530587733854432,16
4983.0,0.024839743589743585,0.01789529914529914,,8,0.8530587733854432,16
4984.0,0.024839743589743585,0.01789529914529914,,8,0.8530587733854432,16
4985.0,0.024839743589743585,0.01789529914529914,,8,0.8530587733854432,16
4986.0,0.024839743589743585,0.01789529914529914,,8,0.8530587733854432,16
4987.0,0.024839743589743585,0.01789529914529914,,8,0.8530587733854432,16
4988.0,0.024839743589743585,0.01789529914529914,,8,0.8530587733854432,16
4989.0,0.024839743589743585,0.01789529914529914,,8,0.8530587733854432,16
4990.0,0.024839743589743585,0.01789529914529914,,8,0.8530587733854432,16
4991.0,0.024839743589743585,0.01789529914529914,,8,0.8530587733854432,16
4992.0,0.024839743589743585,0.01789529914529914,,8,0.8530587733854432,16
4993.0,0.024839743589743585,0.01789529914529914,,8,0.8530587733854432,16
4994.0,0.024839743589743585,0.01789529914529914,,8,0.8530587733854432,16
4995.0,0.024839743589743585,0.01789529914529914,,8,0.8530587733854432,16
4996.0,0.024839743589743585,0.01789529914529914,,8,0.8530587733854432,16
4997.0,0.024839743589743585,0.01789529914529914,,8,0.8530587733854432,16
4998.0,0.024839743589743585,0.01789529914529914,,8,0.8530587733854432,16
4999.0,0.024839743589743585,0.01789529914529914,,8,0.8530587733854432,16
5000.0,0.024839743589743585,0.01789529914529914,,8,0.8530587733854432,16
5001.0,0.024839743589743585,0.01789529914529914,,8,0.8530587733854432,16
5002.0,0.024839743589743585,0.01789529914529914,,8,0.8530587733854432,16
5003.0,0.024839743589743585,0.01789529914529914,,8,0.8530587733854432,16
5004.0,0.024839743589743585,0.01789529914529914,,8,0.8530587733854432,16
5005.0,0.024839743589743585,0.01789529914529914,,8,0.8530587733854432,16
5006.0,0.024839743589743585,0.01789529914529914,,8,0.8530587733854432,16
5007.0,0.024839743589743585,0.01789529914529914,,8,0.8530587733854432,16
5008.0,0.024839743589743585,0.01789529914529914,,8,0.8530587733854432,16
5009.0,0.024839743589743585,0.01789529914529914,,8,0.8530587733854432,16
5010.0,0.024839743589743585,0.01789529914529914,,8,0.8530587733854432,16
5011.0,0.024839743589743585,0.01789529914529914,,8,0.8530587733854432,16
5012.0,0.024839743589743585,0.01789529914529914,,8,0.8530587733854432,16
5013.0,0.024839743589743585,0.01789529914529914,,8,0.8530587733854432,16
5014.0,0.024839743589743585,0.01789529914529914,,8,0.8530587733854432,16
5015.0,0.024839743589743585,0.01789529914529914,,8,0.8530587733854432,16
5016.0,0.024839743589743585,0.01789529914529914,,8,0.8530587733854432,16
5017.0,0.024839743589743585,0.01789529914529914,,8,0.8530587733854432,16
5018.0,0.024839743589743585,0.01789529914529914,,8,0.8530587733854432,16
5019.0,0.024839743589743585,0.01789529914529914,,8,0.8530587733854432,16
5020.0,0.024839743589743585,0.01789529914529914,,8,0.8530587733854432,16
5021.0,0.024839743589743585,0.01789529914529914,,8,0.8530587733854432,16
5022.0,0.024839743589743585,0.01789529914529914,,8,0.8530587733854432,16
5023.0,0.024839743589743585,0.01789529914529914,,8,0.8530587733854432,16
5024.0,0.024839743589743585,0.01789529914529914,,8,0.8530587733854432,16
5025.0,0.024839743589743585,0.01789529914529914,,8,0.8530587733854432,16
5026.0,0.024839743589743585,0.01789529914529914,,8,0.8530587733854432,16
5027.0,0.024839743589743585,0.01789529914529914,,8,0.8530587733854432,16
5028.0,0.024839743589743585,0.01789529914529914,,8,0.8530587733854432,16
5029.0,0.024839743589743585,0.01789529914529914,,8,0.8530587733854432,16
5030.0,0.024839743589743585,0.01789529914529914,,8,0.8530587733854432,16
5031.0,0.024839743589743585,0.01789529914529914,,8,0.8530587733854432,16
5032.0,0.024839743589743585,0.01789529914529914,,8,0.8530587733854432,16
5033.0,0.024839743589743585,0.01789529914529914,,8,0.8530587733854432,16
5034.0,0.024839743589743585,0.01789529914529914,,8,0.8530587733854432,16
5035.0,0.024839743589743585,0.01789529914529914,,8,0.8530587733854432,16
5036.0,0.024839743589743585,0.01789529914529914,,8,0.8530587733854432,16
5037.0,0.024839743589743585,0.01789529914529914,,8,0.8530587733854432,16
5038.0,0.024839743589743585,0.01789529914529914,,8,0.8530587733854432,16
5039.0,0.024839743589743585,0.01789529914529914,,8,0.8530587733854432,16
5040.0,0.024839743589743585,0.01789529914529914,,8,0.8530587733854432,16
5041.0,0.024839743589743585,0.01789529914529914,,8,0.8530587733854432,16
5042.0,0.024839743589743585,0.01789529914529914,,8,0.8530587733854432,16
5043.0,0.024839743589743585,0.01789529914529914,,8,0.8530587733854432,16
5044.0,0.024839743589743585,0.01789529914529914,,8,0.8530587733854432,16
5045.0,0.024839743589743585,0.01789529914529914,,8,0.8530587733854432,16
5046.0,0.024839743589743585,0.01789529914529914,,8,0.8530587733854432,16
5047.0,0.024839743589743585,0.01789529914529914,,8,0.8530587733854432,16
5048.0,0.024839743589743585,0.01789529914529914,,8,0.8530587733854432,16
5049.0,0.024839743589743585,0.01789529914529914,,8,0.8530587733854432,16
5050.0,0.024839743589743585,0.01789529914529914,,8,0.8530587733854432,16
5051.0,0.024839743589743585,0.01789529914529914,,8,0.8530587733854432,16
5052.0,0.024839743589743585,0.01789529914529914,,8,0.8530587733854432,16
5053.0,0.024839743589743585,0.01789529914529914,,8,0.8530587733854432,16
5054.0,0.024839743589743585,0.01789529914529914,,8,0.8530587733854432,16
5055.0,0.024839743589743585,0.01789529914529914,,8,0.8530587733854432,16
5056.0,0.024839743589743585,0.01789529914529914,,8,0.8530587733854432,16
5057.0,0.024839743589743585,0.01789529914529914,,8,0.8530587733854432,16
5058.0,0.024839743589743585,0.01789529914529914,,8,0.8530587733854432,16
5059.0,0.024839743589743585,0.01789529914529914,,8,0.8530587733854432,16
5060.0,0.024839743589743585,0.01789529914529914,,8,0.8530587733854432,16
5061.0,0.024839743589743585,0.01789529914529914,,8,0.8530587733854432,16
5062.0,0.024839743589743585,0.01789529914529914,,8,0.8530587733854432,16
5063.0,0.024839743589743585,0.01789529914529914,,8,0.8530587733854432,16
5064.0,0.024839743589743585,0.01789529914529914,,8,0.8530587733854432,16
5065.0,0.024839743589743585,0.01789529914529914,,8,0.8530587733854432,16
5066.0,0.024839743589743585,0.01789529914529914,,8,0.8530587733854432,16
5067.0,0.024839743589743585,0.01789529914529914,,8,0.8530587733854432,16
5068.0,0.024839743589743585,0.01789529914529914,,8,0.8530587733854432,16
5069.0,0.024839743589743585,0.01789529914529914,,8,0.8530587733854432,16
5070.0,0.024839743589743585,0.01789529914529914,,8,0.8530587733854432,16
5071.0,0.024839743589743585,0.01789529914529914,,8,0.8530587733854432,16
5072.0,0.024839743589743585,0.01789529914529914,,8,0.8530587733854432,16
5073.0,0.024839743589743585,0.01789529914529914,,8,0.8530587733854432,16
5074.0,0.024839743589743585,0.01789529914529914,,8,0.8530587733854432,16
5075.0,0.024839743589743585,0.01789529914529914,,8,0.8530587733854432,16
5076.0,0.024839743589743585,0.01789529914529914,,8,0.8530587733854432,16
5077.0,0.024839743589743585,0.01789529914529914,,8,0.8530587733854432,16
5078.0,0.024839743589743585,0.01789529914529914,,8,0.8530587733854432,16
5079.0,0.024839743589743585,0.01789529914529914,,8,0.8530587733854432,16
5080.0,0.024839743589743585,0.01789529914529914,,8,0.8530587733854432,16
5081.0,0.024839743589743585,0.01789529914529914,,8,0.8530587733854432,16
5082.0,0.024839743589743585,0.01789529914529914,,8,0.8530587733854432,16
5083.0,0.024839743589743585,0.01789529914529914,,8,0.8530587733854432,16
5084.0,0.024839743589743585,0.01789529914529914,,8,0.8530587733854432,16
5085.0,0.024839743589743585,0.01789529914529914,,8,0.8530587733854432,16
5086.0,0.024839743589743585,0.01789529914529914,,8,0.8530587733854432,16
5087.0,0.024839743589743585,0.01789529914529914,,8,0.8530587733854432,16
5088.0,0.024839743589743585,0.01789529914529914,,8,0.8530587733854432,16
5089.0,0.024839743589743585,0.01789529914529914,,8,0.8530587733854432,16
5090.0,0.024839743589743585,0.01789529914529914,,8,0.8530587733854432,16
5091.0,0.024839743589743585,0.01789529914529914,,8,0.8530587733854432,16
5092.0,0.024839743589743585,0.01789529914529914,,8,0.8530587733854432,16
5093.0,0.024839743589743585,0.01789529914529914,,8,0.8530587733854432,16
5094.0,0.024839743589743585,0.01789529914529914,,8,0.8530587733854432,16
5095.0,0.024839743589743585,0.01789529914529914,,8,0.8530587733854432,16
5096.0,0.024839743589743585,0.01789529914529914,,8,0.8530587733854432,16
5097.0,0.024839743589743585,0.01789529914529914,,8,0.8530587733854432,16
5098.0,0.024839743589743585,0.01789529914529914,,8,0.8530587733854432,16
5099.0,0.024839743589743585,0.01789529914529914,,8,0.8530587733854432,16
5100.0,0.024839743589743585,0.01789529914529914,,8,0.8530587733854432,16
5101.0,0.024839743589743585,0.01789529914529914,,8,0.8530587733854432,16
5102.0,0.024839743589743585,0.01789529914529914,,8,0.8530587733854432,16
5103.0,0.024839743589743585,0.01789529914529914,,8,0.8530587733854432,16
5104.0,0.024839743589743585,0.01789529914529914,,8,0.8530587733854432,16
5105.0,0.024839743589743585,0.01789529914529914,,8,0.8530587733854432,16
5106.0,0.024839743589743585,0.01789529914529914,,8,0.8530587733854432,16
5107.0,0.024839743589743585,0.01789529914529914,,8,0.8530587733854432,16
5108.0,0.024839743589743585,0.01789529914529914,,8,0.8530587733854432,16
5109.0,0.024839743589743585,0.01789529914529914,,8,0.8530587733854432,16
5110.0,0.024839743589743585,0.01789529914529914,,8,0.8530587733854432,16
5111.0,0.024839743589743585,0.01789529914529914,,8,0.8530587733854432,16
5112.0,0.024839743589743585,0.01789529914529914,,8,0.8530587733854432,16
5113.0,0.024839743589743585,0.01789529914529914,,8,0.8530587733854432,16
5114.0,0.024839743589743585,0.01789529914529914,,8,0.8530587733854432,16
5115.0,0.024839743589743585,0.01789529914529914,,8,0.8530587733854432,16
5116.0,0.024839743589743585,0.01789529914529914,,8,0.8530587733854432,16
5117.0,0.024839743589743585,0.01789529914529914,,8,0.8530587733854432,16
5118.0,0.024839743589743585,0.01789529914529914,,8,0.8530587733854432,16
5119.0,0.024839743589743585,0.01789529914529914,,8,0.8530587733854432,16
5120.0,0.024839743589743585,0.01789529914529914,,8,0.8530587733854432,16
5121.0,0.024839743589743585,0.01789529914529914,,8,0.8530587733854432,16
5122.0,0.024839743589743585,0.01789529914529914,,8,0.8530587733854432,16
5123.0,0.024839743589743585,0.01789529914529914,,8,0.8530587733854432,16
5124.0,0.024839743589743585,0.01789529914529914,,8,0.8530587733854432,16
5125.0,0.024839743589743585,0.01789529914529914,,8,0.8530587733854432,16
5126.0,0.024839743589743585,0.01789529914529914,,8,0.8530587733854432,16
5127.0,0.024839743589743585,0.01789529914529914,,8,0.8530587733854432,16
5128.0,0.024839743589743585,0.01789529914529914,,8,0.8530587733854432,16
5129.0,0.024839743589743585,0.01789529914529914,,8,0.8530587733854432,16
5130.0,0.024839743589743585,0.01789529914529914,,8,0.8530587733854432,16
5131.0,0.024839743589743585,0.01789529914529914,,8,0.8530587733854432,16
5132.0,0.024839743589743585,0.01789529914529914,,8,0.8530587733854432,16
5133.0,0.024839743589743585,0.01789529914529914,,8,0.8530587733854432,16
5134.0,0.024839743589743585,0.01789529914529914,,8,0.8530587733854432,16
5135.0,0.024839743589743585,0.01789529914529914,,8,0.8530587733854432,16
5136.0,0.024839743589743585,0.01789529914529914,,8,0.8530587733854432,16
5137.0,0.024839743589743585,0.01789529914529914,,8,0.8530587733854432,16
5138.0,0.024839743589743585,0.01789529914529914,,8,0.8530587733854432,16
5139.0,0.024839743589743585,0.01789529914529914,,8,0.8530587733854432,16
5140.0,0.024839743589743585,0.01789529914529914,,8,0.8530587733854432,16
5141.0,0.024839743589743585,0.01789529914529914,,8,0.8530587733854432,16
5142.0,0.024839743589743585,0.01789529914529914,,8,0.8530587733854432,16
5143.0,0.024839743589743585,0.01789529914529914,,8,0.8530587733854432,16
5144.0,0.024839743589743585,0.01789529914529914,,8,0.8530587733854432,16
5145.0,0.024839743589743585,0.01789529914529914,,8,0.8530587733854432,16
5146.0,0.024839743589743585,0.01789529914529914,,8,0.8530587733854432,16
5147.0,0.024839743589743585,0.01789529914529914,,8,0.8530587733854432,16
5148.0,0.024839743589743585,0.01789529914529914,,8,0.8530587733854432,16
5149.0,0.024839743589743585,0.01789529914529914,,8,0.8530587733854432,16
5150.0,0.024839743589743585,0.01789529914529914,,8,0.8530587733854432,16
5151.0,0.024839743589743585,0.01789529914529914,,8,0.8530587733854432,16
5152.0,0.024839743589743585,0.01789529914529914,,8,0.8530587733854432,16
5153.0,0.024839743589743585,0.01789529914529914,,8,0.8530587733854432,16
5154.0,0.024839743589743585,0.01789529914529914,,8,0.8530587733854432,16
5155.0,0.024839743589743585,0.01789529914529914,,8,0.8530587733854432,16
5156.0,0.024839743589743585,0.01789529914529914,,8,0.8530587733854432,16
5157.0,0.024839743589743585,0.01789529914529914,,8,0.8530587733854432,16
5158.0,0.024839743589743585,0.01789529914529914,,8,0.8530587733854432,16
5159.0,0.024839743589743585,0.01789529914529914,,8,0.8530587733854432,16
5160.0,0.024839743589743585,0.01789529914529914,,8,0.8530587733854432,16
5161.0,0.024839743589743585,0.01789529914529914,,8,0.8530587733854432,16
5162.0,0.024839743589743585,0.01789529914529914,,8,0.8530587733854432,16
5163.0,0.024839743589743585,0.01789529914529914,,8,0.8530587733854432,16
5164.0,0.024839743589743585,0.01789529914529914,,8,0.8530587733854432,16
5165.0,0.024839743589743585,0.01789529914529914,,8,0.8530587733854432,16
5166.0,0.024839743589743585,0.01789529914529914,,8,0.8530587733854432,16
5167.0,0.024839743589743585,0.01789529914529914,,8,0.8530587733854432,16
5168.0,0.024839743589743585,0.01789529914529914,,8,0.8530587733854432,16
5169.0,0.024839743589743585,0.01789529914529914,,8,0.8530587733854432,16
5170.0,0.024839743589743585,0.01789529914529914,,8,0.8530587733854432,16
5171.0,0.024839743589743585,0.01789529914529914,,8,0.8530587733854432,16
5172.0,0.024839743589743585,0.01789529914529914,,8,0.8530587733854432,16
5173.0,0.024839743589743585,0.01789529914529914,,8,0.8530587733854432,16
5174.0,0.024839743589743585,0.01789529914529914,,8,0.8530587733854432,16
5175.0,0.024839743589743585,0.01789529914529914,,8,0.8530587733854432,16
5176.0,0.024839743589743585,0.01789529914529914,,8,0.8530587733854432,16
5177.0,0.024839743589743585,0.01789529914529914,,8,0.8530587733854432,16
5178.0,0.024839743589743585,0.01789529914529914,,8,0.8530587733854432,16
5179.0,0.024839743589743585,0.01789529914529914,,8,0.8530587733854432,16
5180.0,0.024839743589743585,0.01789529914529914,,8,0.8530587733854432,16
5181.0,0.024839743589743585,0.01789529914529914,,8,0.8530587733854432,16
5182.0,0.024839743589743585,0.01789529914529914,,8,0.8530587733854432,16
5183.0,0.024839743589743585,0.01789529914529914,,8,0.8530587733854432,16
5184.0,0.024839743589743585,0.01789529914529914,,8,0.8530587733854432,16
5185.0,0.024839743589743585,0.01789529914529914,,8,0.8530587733854432,16
5186.0,0.024839743589743585,0.01789529914529914,,8,0.8530587733854432,16
5187.0,0.024839743589743585,0.01789529914529914,,8,0.8530587733854432,16
5188.0,0.024839743589743585,0.01789529914529914,,8,0.8530587733854432,16
5189.0,0.024839743589743585,0.01789529914529914,,8,0.8530587733854432,16
5190.0,0.024839743589743585,0.01789529914529914,,8,0.8530587733854432,16
5191.0,0.024839743589743585,0.01789529914529914,,8,0.8530587733854432,16
5192.0,0.024839743589743585,0.01789529914529914,,8,0.8530587733854432,16
5193.0,0.024839743589743585,0.01789529914529914,,8,0.8530587733854432,16
5194.0,0.024839743589743585,0.01789529914529914,,8,0.8530587733854432,16
5195.0,0.024839743589743585,0.01789529914529914,,8,0.8530587733854432,16
5196.0,0.024839743589743585,0.01789529914529914,,8,0.8530587733854432,16
5197.0,0.024839743589743585,0.01789529914529914,,8,0.8530587733854432,16
5198.0,0.024839743589743585,0.01789529914529914,,8,0.8530587733854432,16
5199.0,0.024839743589743585,0.01789529914529914,,8,0.8530587733854432,16
5200.0,0.024839743589743585,0.01789529914529914,,8,0.8530587733854432,16
5201.0,0.024839743589743585,0.01789529914529914,,8,0.8530587733854432,16
5202.0,0.024839743589743585,0.01789529914529914,,8,0.8530587733854432,16
5203.0,0.024839743589743585,0.01789529914529914,,8,0.8530587733854432,16
5204.0,0.024839743589743585,0.01789529914529914,,8,0.8530587733854432,16
5205.0,0.024839743589743585,0.01789529914529914,,8,0.8530587733854432,16
5206.0,0.024839743589743585,0.01789529914529914,,8,0.8530587733854432,16
5207.0,0.024839743589743585,0.01789529914529914,,8,0.8530587733854432,16
5208.0,0.024839743589743585,0.01789529914529914,,8,0.8530587733854432,16
5209.0,0.024839743589743585,0.01789529914529914,,8,0.8530587733854432,16
5210.0,0.024839743589743585,0.01789529914529914,,8,0.8530587733854432,16
5211.0,0.024839743589743585,0.01789529914529914,,8,0.8530587733854432,16
5212.0,0.024839743589743585,0.01789529914529914,,8,0.8530587733854432,16
5213.0,0.024839743589743585,0.01789529914529914,,8,0.8530587733854432,16
5214.0,0.024839743589743585,0.01789529914529914,,8,0.8530587733854432,16
5215.0,0.024839743589743585,0.01789529914529914,,8,0.8530587733854432,16
5216.0,0.024839743589743585,0.01789529914529914,,8,0.8530587733854432,16
5217.0,0.024839743589743585,0.01789529914529914,,8,0.8530587733854432,16
5218.0,0.024839743589743585,0.01789529914529914,,8,0.8530587733854432,16
5219.0,0.024839743589743585,0.01789529914529914,,8,0.8530587733854432,16
5220.0,0.024839743589743585,0.01789529914529914,,8,0.8530587733854432,16
5221.0,0.024839743589743585,0.01789529914529914,,8,0.8530587733854432,16
5222.0,0.024839743589743585,0.01789529914529914,,8,0.8530587733854432,16
5223.0,0.024839743589743585,0.01789529914529914,,8,0.8530587733854432,16
5224.0,0.024839743589743585,0.01789529914529914,,8,0.8530587733854432,16
5225.0,0.024839743589743585,0.01789529914529914,,8,0.8530587733854432,16
5226.0,0.024839743589743585,0.01789529914529914,,8,0.8530587733854432,16
5227.0,0.024839743589743585,0.01789529914529914,,8,0.8530587733854432,16
5228.0,0.024839743589743585,0.01789529914529914,,8,0.8530587733854432,16
5229.0,0.024839743589743585,0.01789529914529914,,8,0.8530587733854432,16
5230.0,0.024839743589743585,0.01789529914529914,,8,0.8530587733854432,16
5231.0,0.024839743589743585,0.01789529914529914,,8,0.8530587733854432,16
5232.0,0.024839743589743585,0.01789529914529914,,8,0.8530587733854432,16
5233.0,0.024839743589743585,0.01789529914529914,,8,0.8530587733854432,16
5234.0,0.024839743589743585,0.01789529914529914,,8,0.8530587733854432,16
5235.0,0.024839743589743585,0.01789529914529914,,8,0.8530587733854432,16
5236.0,0.024839743589743585,0.01789529914529914,,8,0.8530587733854432,16
5237.0,0.024839743589743585,0.01789529914529914,,8,0.8530587733854432,16
5238.0,0.024839743589743585,0.01789529914529914,,8,0.8530587733854432,16
5239.0,0.024839743589743585,0.01789529914529914,,8,0.8530587733854432,16
5240.0,0.024839743589743585,0.01789529914529914,,8,0.8530587733854432,16
5241.0,0.024839743589743585,0.01789529914529914,,8,0.8530587733854432,16
5242.0,0.024839743589743585,0.01789529914529914,,8,0.8530587733854432,16
5243.0,0.024839743589743585,0.01789529914529914,,8,0.8530587733854432,16
5244.0,0.024839743589743585,0.01789529914529914,,8,0.8530587733854432,16
5245.0,0.024839743589743585,0.01789529914529914,,8,0.8530587733854432,16
5246.0,0.024839743589743585,0.01789529914529914,,8,0.8530587733854432,16
5247.0,0.024839743589743585,0.01789529914529914,,8,0.8530587733854432,16
5248.0,0.024839743589743585,0.01789529914529914,,8,0.8530587733854432,16
5249.0,0.024839743589743585,0.01789529914529914,,8,0.8530587733854432,16
5250.0,0.024839743589743585,0.01789529914529914,,8,0.8530587733854432,16
5251.0,0.024839743589743585,0.01789529914529914,,8,0.8530587733854432,16
5252.0,0.024839743589743585,0.01789529914529914,,8,0.8530587733854432,16
5253.0,0.024839743589743585,0.01789529914529914,,8,0.8530587733854432,16
5254.0,0.024839743589743585,0.01789529914529914,,8,0.8530587733854432,16
5255.0,0.024839743589743585,0.01789529914529914,,8,0.8530587733854432,16
5256.0,0.024839743589743585,0.01789529914529914,,8,0.8530587733854432,16
5257.0,0.024839743589743585,0.01789529914529914,,8,0.8530587733854432,16
5258.0,0.024839743589743585,0.01789529914529914,,8,0.8530587733854432,16
5259.0,0.024839743589743585,0.01789529914529914,,8,0.8530587733854432,16
5260.0,0.024839743589743585,0.01789529914529914,,8,0.8530587733854432,16
5261.0,0.024839743589743585,0.01789529914529914,,8,0.8530587733854432,16
5262.0,0.024839743589743585,0.01789529914529914,,8,0.8530587733854432,16
5263.0,0.024839743589743585,0.01789529914529914,,8,0.8530587733854432,16
5264.0,0.024839743589743585,0.01789529914529914,,8,0.8530587733854432,16
5265.0,0.024839743589743585,0.01789529914529914,,8,0.8530587733854432,16
5266.0,0.024839743589743585,0.01789529914529914,,8,0.8530587733854432,16
5267.0,0.024839743589743585,0.01789529914529914,,8,0.8530587733854432,16
5268.0,0.024839743589743585,0.01789529914529914,,8,0.8530587733854432,16
5269.0,0.024839743589743585,0.01789529914529914,,8,0.8530587733854432,16
5270.0,0.024839743589743585,0.01789529914529914,,8,0.8530587733854432,16
5271.0,0.024839743589743585,0.01789529914529914,,8,0.8530587733854432,16
5272.0,0.024839743589743585,0.01789529914529914,,8,0.8530587733854432,16
5273.0,0.024839743589743585,0.01789529914529914,,8,0.8530587733854432,16
5274.0,0.024839743589743585,0.01789529914529914,,8,0.8530587733854432,16
5275.0,0.024839743589743585,0.01789529914529914,,8,0.8530587733854432,16
5276.0,0.024839743589743585,0.01789529914529914,,8,0.8530587733854432,16
5277.0,0.024839743589743585,0.01789529914529914,,8,0.8530587733854432,16
5278.0,0.024839743589743585,0.01789529914529914,,8,0.8530587733854432,16
5279.0,0.024839743589743585,0.01789529914529914,,8,0.8530587733854432,16
5280.0,0.024839743589743585,0.01789529914529914,,8,0.8530587733854432,16
5281.0,0.024839743589743585,0.01789529914529914,,8,0.8530587733854432,16
5282.0,0.024839743589743585,0.01789529914529914,,8,0.8530587733854432,16
5283.0,0.024839743589743585,0.01789529914529914,,8,0.8530587733854432,16
5284.0,0.024839743589743585,0.01789529914529914,,8,0.8530587733854432,16
5285.0,0.024839743589743585,0.01789529914529914,,8,0.8530587733854432,16
5286.0,0.024839743589743585,0.01789529914529914,,8,0.8530587733854432,16
5287.0,0.024839743589743585,0.01789529914529914,,8,0.8530587733854432,16
5288.0,0.024839743589743585,0.01789529914529914,,8,0.8530587733854432,16
5289.0,0.024839743589743585,0.01789529914529914,,8,0.8530587733854432,16
5290.0,0.024839743589743585,0.01789529914529914,,8,0.8530587733854432,16
5291.0,0.024839743589743585,0.01789529914529914,,8,0.8530587733854432,16
5292.0,0.024839743589743585,0.01789529914529914,,8,0.8530587733854432,16
5293.0,0.024839743589743585,0.01789529914529914,,8,0.8530587733854432,16
5294.0,0.024839743589743585,0.01789529914529914,,8,0.8530587733854432,16
5295.0,0.024839743589743585,0.01789529914529914,,8,0.8530587733854432,16
5296.0,0.024839743589743585,0.01789529914529914,,8,0.8530587733854432,16
5297.0,0.024839743589743585,0.01789529914529914,,8,0.8530587733854432,16
5298.0,0.024839743589743585,0.01789529914529914,,8,0.8530587733854432,16
5299.0,0.024839743589743585,0.01789529914529914,,8,0.8530587733854432,16
5300.0,0.024839743589743585,0.01789529914529914,,8,0.8530587733854432,16
5301.0,0.024839743589743585,0.01789529914529914,,8,0.8530587733854432,16
5302.0,0.024839743589743585,0.01789529914529914,,8,0.8530587733854432,16
5303.0,0.024839743589743585,0.01789529914529914,,8,0.8530587733854432,16
5304.0,0.024839743589743585,0.01789529914529914,,8,0.8530587733854432,16
5305.0,0.024839743589743585,0.01789529914529914,,8,0.8530587733854432,16
5306.0,0.024839743589743585,0.01789529914529914,,8,0.8530587733854432,16
5307.0,0.024839743589743585,0.01789529914529914,,8,0.8530587733854432,16
5308.0,0.024839743589743585,0.01789529914529914,,8,0.8530587733854432,16
5309.0,0.024839743589743585,0.01789529914529914,,8,0.8530587733854432,16
5310.0,0.024839743589743585,0.01789529914529914,,8,0.8530587733854432,16
5311.0,0.024839743589743585,0.01789529914529914,,8,0.8530587733854432,16
5312.0,0.024839743589743585,0.01789529914529914,,8,0.8530587733854432,16
5313.0,0.024839743589743585,0.01789529914529914,,8,0.8530587733854432,16
5314.0,0.024839743589743585,0.01789529914529914,,8,0.8530587733854432,16
5315.0,0.024839743589743585,0.01789529914529914,,8,0.8530587733854432,16
5316.0,0.024839743589743585,0.01789529914529914,,8,0.8530587733854432,16
5317.0,0.024839743589743585,0.01789529914529914,,8,0.8530587733854432,16
5318.0,0.024839743589743585,0.01789529914529914,,8,0.8530587733854432,16
5319.0,0.024839743589743585,0.01789529914529914,,8,0.8530587733854432,16
5320.0,0.024839743589743585,0.01789529914529914,,8,0.8530587733854432,16
5321.0,0.024839743589743585,0.01789529914529914,,8,0.8530587733854432,16
5322.0,0.024839743589743585,0.01789529914529914,,8,0.8530587733854432,16
5323.0,0.024839743589743585,0.01789529914529914,,8,0.8530587733854432,16
5324.0,0.024839743589743585,0.01789529914529914,,8,0.8530587733854432,16
5325.0,0.024839743589743585,0.01789529914529914,,8,0.8530587733854432,16
5326.0,0.024839743589743585,0.01789529914529914,,8,0.8530587733854432,16
5327.0,0.024839743589743585,0.01789529914529914,,8,0.8530587733854432,16
5328.0,0.024839743589743585,0.01789529914529914,,8,0.8530587733854432,16
5329.0,0.024839743589743585,0.01789529914529914,,8,0.8530587733854432,16
5330.0,0.024839743589743585,0.01789529914529914,,8,0.8530587733854432,16
5331.0,0.024839743589743585,0.01789529914529914,,8,0.8530587733854432,16
5332.0,0.024839743589743585,0.01789529914529914,,8,0.8530587733854432,16
5333.0,0.024839743589743585,0.01789529914529914,,8,0.8530587733854432,16
5334.0,0.024839743589743585,0.01789529914529914,,8,0.8530587733854432,16
5335.0,0.024839743589743585,0.01789529914529914,,8,0.8530587733854432,16
5336.0,0.024839743589743585,0.01789529914529914,,8,0.8530587733854432,16
5337.0,0.024839743589743585,0.01789529914529914,,8,0.8530587733854432,16
5338.0,0.024839743589743585,0.01789529914529914,,8,0.8530587733854432,16
5339.0,0.024839743589743585,0.01789529914529914,,8,0.8530587733854432,16
5340.0,0.024839743589743585,0.01789529914529914,,8,0.8530587733854432,16
5341.0,0.024839743589743585,0.01789529914529914,,8,0.8530587733854432,16
5342.0,0.024839743589743585,0.01789529914529914,,8,0.8530587733854432,16
5343.0,0.024839743589743585,0.01789529914529914,,8,0.8530587733854432,16
5344.0,0.024839743589743585,0.01789529914529914,,8,0.8530587733854432,16
5345.0,0.024839743589743585,0.01789529914529914,,8,0.8530587733854432,16
5346.0,0.024839743589743585,0.01789529914529914,,8,0.8530587733854432,16
5347.0,0.024839743589743585,0.01789529914529914,,8,0.8530587733854432,16
5348.0,0.024839743589743585,0.01789529914529914,,8,0.8530587733854432,16
5349.0,0.024839743589743585,0.01789529914529914,,8,0.8530587733854432,16
5350.0,0.024839743589743585,0.01789529914529914,,8,0.8530587733854432,16
5351.0,0.024839743589743585,0.01789529914529914,,8,0.8530587733854432,16
5352.0,0.024839743589743585,0.01789529914529914,,8,0.8530587733854432,16
5353.0,0.024839743589743585,0.01789529914529914,,8,0.8530587733854432,16
5354.0,0.024839743589743585,0.01789529914529914,,8,0.8530587733854432,16
5355.0,0.024839743589743585,0.01789529914529914,,8,0.8530587733854432,16
5356.0,0.024839743589743585,0.01789529914529914,,8,0.8530587733854432,16
5357.0,0.024839743589743585,0.01789529914529914,,8,0.8530587733854432,16
5358.0,0.024839743589743585,0.01789529914529914,,8,0.8530587733854432,16
5359.0,0.024839743589743585,0.01789529914529914,,8,0.8530587733854432,16
5360.0,0.024839743589743585,0.01789529914529914,,8,0.8530587733854432,16
5361.0,0.024839743589743585,0.01789529914529914,,8,0.8530587733854432,16
5362.0,0.024839743589743585,0.01789529914529914,,8,0.8530587733854432,16
5363.0,0.024839743589743585,0.01789529914529914,,8,0.8530587733854432,16
5364.0,0.024839743589743585,0.01789529914529914,,8,0.8530587733854432,16
5365.0,0.024839743589743585,0.01789529914529914,,8,0.8530587733854432,16
5366.0,0.024839743589743585,0.01789529914529914,,8,0.8530587733854432,16
5367.0,0.024839743589743585,0.01789529914529914,,8,0.8530587733854432,16
5368.0,0.024839743589743585,0.01789529914529914,,8,0.8530587733854432,16
5369.0,0.024839743589743585,0.01789529914529914,,8,0.8530587733854432,16
5370.0,0.024839743589743585,0.01789529914529914,,8,0.8530587733854432,16
5371.0,0.024839743589743585,0.01789529914529914,,8,0.8530587733854432,16
5372.0,0.024839743589743585,0.01789529914529914,,8,0.8530587733854432,16
5373.0,0.024839743589743585,0.01789529914529914,,8,0.8530587733854432,16
5374.0,0.024839743589743585,0.01789529914529914,,8,0.8530587733854432,16
5375.0,0.024839743589743585,0.01789529914529914,,8,0.8530587733854432,16
5376.0,0.024839743589743585,0.01789529914529914,,8,0.8530587733854432,16
5377.0,0.024839743589743585,0.01789529914529914,,8,0.8530587733854432,16
5378.0,0.024839743589743585,0.01789529914529914,,8,0.8530587733854432,16
5379.0,0.024839743589743585,0.01789529914529914,,8,0.8530587733854432,16
5380.0,0.024839743589743585,0.01789529914529914,,8,0.8530587733854432,16
5381.0,0.024839743589743585,0.01789529914529914,,8,0.8530587733854432,16
5382.0,0.024839743589743585,0.01789529914529914,,8,0.8530587733854432,16
5383.0,0.024839743589743585,0.01789529914529914,,8,0.8530587733854432,16
5384.0,0.024839743589743585,0.01789529914529914,,8,0.8530587733854432,16
5385.0,0.024839743589743585,0.01789529914529914,,8,0.8530587733854432,16
5386.0,0.024839743589743585,0.01789529914529914,,8,0.8530587733854432,16
5387.0,0.024839743589743585,0.01789529914529914,,8,0.8530587733854432,16
5388.0,0.024839743589743585,0.01789529914529914,,8,0.8530587733854432,16
5389.0,0.024839743589743585,0.01789529914529914,,8,0.8530587733854432,16
5390.0,0.024839743589743585,0.01789529914529914,,8,0.8530587733854432,16
5391.0,0.024839743589743585,0.01789529914529914,,8,0.8530587733854432,16
5392.0,0.024839743589743585,0.01789529914529914,,8,0.8530587733854432,16
5393.0,0.024839743589743585,0.01789529914529914,,8,0.8530587733854432,16
5394.0,0.024839743589743585,0.01789529914529914,,8,0.8530587733854432,16
5395.0,0.024839743589743585,0.01789529914529914,,8,0.8530587733854432,16
5396.0,0.024839743589743585,0.01789529914529914,,8,0.8530587733854432,16
5397.0,0.024839743589743585,0.01789529914529914,,8,0.8530587733854432,16
5398.0,0.024839743589743585,0.01789529914529914,,8,0.8530587733854432,16
5399.0,0.024839743589743585,0.01789529914529914,,8,0.8530587733854432,16
5400.0,0.024839743589743585,0.01789529914529914,,8,0.8530587733854432,16
5401.0,0.024839743589743585,0.01789529914529914,,8,0.8530587733854432,16
5402.0,0.024839743589743585,0.01789529914529914,,8,0.8530587733854432,16
5403.0,0.024839743589743585,0.01789529914529914,,8,0.8530587733854432,16
5404.0,0.024839743589743585,0.01789529914529914,,8,0.8530587733854432,16
5405.0,0.024839743589743585,0.01789529914529914,,8,0.8530587733854432,16
5406.0,0.024839743589743585,0.01789529914529914,,8,0.8530587733854432,16
5407.0,0.024839743589743585,0.01789529914529914,,8,0.8530587733854432,16
5408.0,0.024839743589743585,0.01789529914529914,,8,0.8530587733854432,16
5409.0,0.024839743589743585,0.01789529914529914,,8,0.8530587733854432,16
5410.0,0.024839743589743585,0.01789529914529914,,8,0.8530587733854432,16
5411.0,0.024839743589743585,0.01789529914529914,,8,0.8530587733854432,16
5412.0,0.024839743589743585,0.01789529914529914,,8,0.8530587733854432,16
5413.0,0.024839743589743585,0.01789529914529914,,8,0.8530587733854432,16
5414.0,0.024839743589743585,0.01789529914529914,,8,0.8530587733854432,16
5415.0,0.024839743589743585,0.01789529914529914,,8,0.8530587733854432,16
5416.0,0.024839743589743585,0.01789529914529914,,8,0.8530587733854432,16
5417.0,0.024839743589743585,0.01789529914529914,,8,0.8530587733854432,16
5418.0,0.024839743589743585,0.01789529914529914,,8,0.8530587733854432,16
5419.0,0.024839743589743585,0.01789529914529914,,8,0.8530587733854432,16
5420.0,0.024839743589743585,0.01789529914529914,,8,0.8530587733854432,16
5421.0,0.024839743589743585,0.01789529914529914,,8,0.8530587733854432,16
5422.0,0.024839743589743585,0.01789529914529914,,8,0.8530587733854432,16
5423.0,0.024839743589743585,0.01789529914529914,,8,0.8530587733854432,16
5424.0,0.024839743589743585,0.01789529914529914,,8,0.8530587733854432,16
5425.0,0.024839743589743585,0.01789529914529914,,8,0.8530587733854432,16
5426.0,0.024839743589743585,0.01789529914529914,,8,0.8530587733854432,16
5427.0,0.024839743589743585,0.01789529914529914,,8,0.8530587733854432,16
5428.0,0.024839743589743585,0.01789529914529914,,8,0.8530587733854432,16
5429.0,0.024839743589743585,0.01789529914529914,,8,0.8530587733854432,16
5430.0,0.024839743589743585,0.01789529914529914,,8,0.8530587733854432,16
5431.0,0.024839743589743585,0.01789529914529914,,8,0.8530587733854432,16
5432.0,0.024839743589743585,0.01789529914529914,,8,0.8530587733854432,16
5433.0,0.024839743589743585,0.01789529914529914,,8,0.8530587733854432,16
5434.0,0.024839743589743585,0.01789529914529914,,8,0.8530587733854432,16
5435.0,0.024839743589743585,0.01789529914529914,,8,0.8530587733854432,16
5436.0,0.024839743589743585,0.01789529914529914,,8,0.8530587733854432,16
5437.0,0.024839743589743585,0.01789529914529914,,8,0.8530587733854432,16
5438.0,0.024839743589743585,0.01789529914529914,,8,0.8530587733854432,16
5439.0,0.024839743589743585,0.01789529914529914,,8,0.8530587733854432,16
5440.0,0.024839743589743585,0.01789529914529914,,8,0.8530587733854432,16
5441.0,0.024839743589743585,0.01789529914529914,,8,0.8530587733854432,16
5442.0,0.024839743589743585,0.01789529914529914,,8,0.8530587733854432,16
5443.0,0.024839743589743585,0.01789529914529914,,8,0.8530587733854432,16
5444.0,0.024839743589743585,0.01789529914529914,,8,0.8530587733854432,16
5445.0,0.024839743589743585,0.01789529914529914,,8,0.8530587733854432,16
5446.0,0.024839743589743585,0.01789529914529914,,8,0.8530587733854432,16
5447.0,0.024839743589743585,0.01789529914529914,,8,0.8530587733854432,16
5448.0,0.024839743589743585,0.01789529914529914,,8,0.8530587733854432,16
5449.0,0.024839743589743585,0.01789529914529914,,8,0.8530587733854432,16
5450.0,0.024839743589743585,0.01789529914529914,,8,0.8530587733854432,16
5451.0,0.024839743589743585,0.01789529914529914,,8,0.8530587733854432,16
5452.0,0.024839743589743585,0.01789529914529914,,8,0.8530587733854432,16
5453.0,0.024839743589743585,0.01789529914529914,,8,0.8530587733854432,16
5454.0,0.024839743589743585,0.01789529914529914,,8,0.8530587733854432,16
5455.0,0.024839743589743585,0.01789529914529914,,8,0.8530587733854432,16
5456.0,0.024839743589743585,0.01789529914529914,,8,0.8530587733854432,16
5457.0,0.024839743589743585,0.01789529914529914,,8,0.8530587733854432,16
5458.0,0.024839743589743585,0.01789529914529914,,8,0.8530587733854432,16
5459.0,0.024839743589743585,0.01789529914529914,,8,0.8530587733854432,16
5460.0,0.024839743589743585,0.01789529914529914,,8,0.8530587733854432,16
5461.0,0.024839743589743585,0.01789529914529914,,8,0.8530587733854432,16
5462.0,0.024839743589743585,0.01789529914529914,,8,0.8530587733854432,16
5463.0,0.024839743589743585,0.01789529914529914,,8,0.8530587733854432,16
5464.0,0.024839743589743585,0.01789529914529914,,8,0.8530587733854432,16
5465.0,0.024839743589743585,0.01789529914529914,,8,0.8530587733854432,16
5466.0,0.024839743589743585,0.01789529914529914,,8,0.8530587733854432,16
5467.0,0.024839743589743585,0.01789529914529914,,8,0.8530587733854432,16
5468.0,0.024839743589743585,0.01789529914529914,,8,0.8530587733854432,16
5469.0,0.024839743589743585,0.01789529914529914,,8,0.8530587733854432,16
5470.0,0.024839743589743585,0.01789529914529914,,8,0.8530587733854432,16
5471.0,0.024839743589743585,0.01789529914529914,,8,0.8530587733854432,16
5472.0,0.024839743589743585,0.01789529914529914,,8,0.8530587733854432,16
5473.0,0.024839743589743585,0.01789529914529914,,8,0.8530587733854432,16
5474.0,0.024839743589743585,0.01789529914529914,,8,0.8530587733854432,16
5475.0,0.024839743589743585,0.01789529914529914,,8,0.8530587733854432,16
5476.0,0.024839743589743585,0.01789529914529914,,8,0.8530587733854432,16
5477.0,0.024839743589743585,0.01789529914529914,,8,0.8530587733854432,16
5478.0,0.024839743589743585,0.01789529914529914,,8,0.8530587733854432,16
5479.0,0.024839743589743585,0.01789529914529914,,8,0.8530587733854432,16
5480.0,0.024839743589743585,0.01789529914529914,,8,0.8530587733854432,16
5481.0,0.024839743589743585,0.01789529914529914,,8,0.8530587733854432,16
5482.0,0.024839743589743585,0.01789529914529914,,8,0.8530587733854432,16
5483.0,0.024839743589743585,0.01789529914529914,,8,0.8530587733854432,16
5484.0,0.024839743589743585,0.01789529914529914,,8,0.8530587733854432,16
5485.0,0.024839743589743585,0.01789529914529914,,8,0.8530587733854432,16
5486.0,0.024839743589743585,0.01789529914529914,,8,0.8530587733854432,16
5487.0,0.024839743589743585,0.01789529914529914,,8,0.8530587733854432,16
5488.0,0.024839743589743585,0.01789529914529914,,8,0.8530587733854432,16
5489.0,0.024839743589743585,0.01789529914529914,,8,0.8530587733854432,16
5490.0,0.024839743589743585,0.01789529914529914,,8,0.8530587733854432,16
5491.0,0.024839743589743585,0.01789529914529914,,8,0.8530587733854432,16
5492.0,0.024839743589743585,0.01789529914529914,,8,0.8530587733854432,16
5493.0,0.024839743589743585,0.01789529914529914,,8,0.8530587733854432,16
5494.0,0.024839743589743585,0.01789529914529914,,8,0.8530587733854432,16
5495.0,0.024839743589743585,0.01789529914529914,,8,0.8530587733854432,16
5496.0,0.024839743589743585,0.01789529914529914,,8,0.8530587733854432,16
5497.0,0.024839743589743585,0.01789529914529914,,8,0.8530587733854432,16
5498.0,0.024839743589743585,0.01789529914529914,,8,0.8530587733854432,16
5499.0,0.024839743589743585,0.01789529914529914,,8,0.8530587733854432,16
5500.0,0.024839743589743585,0.01789529914529914,,8,0.8530587733854432,16
5501.0,0.024839743589743585,0.01789529914529914,,8,0.8530587733854432,16
5502.0,0.024839743589743585,0.01789529914529914,,8,0.8530587733854432,16
5503.0,0.024839743589743585,0.01789529914529914,,8,0.8530587733854432,16
5504.0,0.024839743589743585,0.01789529914529914,,8,0.8530587733854432,16
5505.0,0.024839743589743585,0.01789529914529914,,8,0.8530587733854432,16
5506.0,0.024839743589743585,0.01789529914529914,,8,0.8530587733854432,16
5507.0,0.024839743589743585,0.01789529914529914,,8,0.8530587733854432,16
5508.0,0.024839743589743585,0.01789529914529914,,8,0.8530587733854432,16
5509.0,0.024839743589743585,0.01789529914529914,,8,0.8530587733854432,16
5510.0,0.024839743589743585,0.01789529914529914,,8,0.8530587733854432,16
5511.0,0.024839743589743585,0.01789529914529914,,8,0.8530587733854432,16
5512.0,0.024839743589743585,0.01789529914529914,,8,0.8530587733854432,16
5513.0,0.024839743589743585,0.01789529914529914,,8,0.8530587733854432,16
5514.0,0.024839743589743585,0.01789529914529914,,8,0.8530587733854432,16
5515.0,0.024839743589743585,0.01789529914529914,,8,0.8530587733854432,16
5516.0,0.024839743589743585,0.01789529914529914,,8,0.8530587733854432,16
5517.0,0.024839743589743585,0.01789529914529914,,8,0.8530587733854432,16
5518.0,0.024839743589743585,0.01789529914529914,,8,0.8530587733854432,16
5519.0,0.024839743589743585,0.01789529914529914,,8,0.8530587733854432,16
5520.0,0.024839743589743585,0.01789529914529914,,8,0.8530587733854432,16
5521.0,0.024839743589743585,0.01789529914529914,,8,0.8530587733854432,16
5522.0,0.024839743589743585,0.01789529914529914,,8,0.8530587733854432,16
5523.0,0.024839743589743585,0.01789529914529914,,8,0.8530587733854432,16
5524.0,0.024839743589743585,0.01789529914529914,,8,0.8530587733854432,16
5525.0,0.024839743589743585,0.01789529914529914,,8,0.8530587733854432,16
5526.0,0.024839743589743585,0.01789529914529914,,8,0.8530587733854432,16
5527.0,0.024839743589743585,0.01789529914529914,,8,0.8530587733854432,16
5528.0,0.024839743589743585,0.01789529914529914,,8,0.8530587733854432,16
5529.0,0.024839743589743585,0.01789529914529914,,8,0.8530587733854432,16
5530.0,0.024839743589743585,0.01789529914529914,,8,0.8530587733854432,16
5531.0,0.024839743589743585,0.01789529914529914,,8,0.8530587733854432,16
5532.0,0.024839743589743585,0.01789529914529914,,8,0.8530587733854432,16
5533.0,0.024839743589743585,0.01789529914529914,,8,0.8530587733854432,16
5534.0,0.024839743589743585,0.01789529914529914,,8,0.8530587733854432,16
5535.0,0.024839743589743585,0.01789529914529914,,8,0.8530587733854432,16
5536.0,0.024839743589743585,0.01789529914529914,,8,0.8530587733854432,16
5537.0,0.024839743589743585,0.01789529914529914,,8,0.8530587733854432,16
5538.0,0.024839743589743585,0.01789529914529914,,8,0.8530587733854432,16
5539.0,0.024839743589743585,0.01789529914529914,,8,0.8530587733854432,16
5540.0,0.024839743589743585,0.01789529914529914,,8,0.8530587733854432,16
5541.0,0.024839743589743585,0.01789529914529914,,8,0.8530587733854432,16
5542.0,0.024839743589743585,0.01789529914529914,,8,0.8530587733854432,16
5543.0,0.024839743589743585,0.01789529914529914,,8,0.8530587733854432,16
5544.0,0.024839743589743585,0.01789529914529914,,8,0.8530587733854432,16
5545.0,0.024839743589743585,0.01789529914529914,,8,0.8530587733854432,16
5546.0,0.024839743589743585,0.01789529914529914,,8,0.8530587733854432,16
5547.0,0.024839743589743585,0.01789529914529914,,8,0.8530587733854432,16
5548.0,0.024839743589743585,0.01789529914529914,,8,0.8530587733854432,16
5549.0,0.024839743589743585,0.01789529914529914,,8,0.8530587733854432,16
5550.0,0.024839743589743585,0.01789529914529914,,8,0.8530587733854432,16
5551.0,0.024839743589743585,0.01789529914529914,,8,0.8530587733854432,16
5552.0,0.024839743589743585,0.01789529914529914,,8,0.8530587733854432,16
5553.0,0.024839743589743585,0.01789529914529914,,8,0.8530587733854432,16
5554.0,0.024839743589743585,0.01789529914529914,,8,0.8530587733854432,16
5555.0,0.024839743589743585,0.01789529914529914,,8,0.8530587733854432,16
5556.0,0.024839743589743585,0.01789529914529914,,8,0.8530587733854432,16
5557.0,0.024839743589743585,0.01789529914529914,,8,0.8530587733854432,16
5558.0,0.024839743589743585,0.01789529914529914,,8,0.8530587733854432,16
5559.0,0.024839743589743585,0.01789529914529914,,8,0.8530587733854432,16
5560.0,0.024839743589743585,0.01789529914529914,,8,0.8530587733854432,16
5561.0,0.024839743589743585,0.01789529914529914,,8,0.8530587733854432,16
5562.0,0.024839743589743585,0.01789529914529914,,8,0.8530587733854432,16
5563.0,0.024839743589743585,0.01789529914529914,,8,0.8530587733854432,16
5564.0,0.024839743589743585,0.01789529914529914,,8,0.8530587733854432,16
5565.0,0.024839743589743585,0.01789529914529914,,8,0.8530587733854432,16
5566.0,0.024839743589743585,0.01789529914529914,,8,0.8530587733854432,16
5567.0,0.024839743589743585,0.01789529914529914,,8,0.8530587733854432,16
5568.0,0.024839743589743585,0.01789529914529914,,8,0.8530587733854432,16
5569.0,0.024839743589743585,0.01789529914529914,,8,0.8530587733854432,16
5570.0,0.024839743589743585,0.01789529914529914,,8,0.8530587733854432,16
5571.0,0.024839743589743585,0.01789529914529914,,8,0.8530587733854432,16
5572.0,0.024839743589743585,0.01789529914529914,,8,0.8530587733854432,16
5573.0,0.024839743589743585,0.01789529914529914,,8,0.8530587733854432,16
5574.0,0.024839743589743585,0.01789529914529914,,8,0.8530587733854432,16
5575.0,0.024839743589743585,0.01789529914529914,,8,0.8530587733854432,16
5576.0,0.024839743589743585,0.01789529914529914,,8,0.8530587733854432,16
5577.0,0.024839743589743585,0.01789529914529914,,8,0.8530587733854432,16
5578.0,0.024839743589743585,0.01789529914529914,,8,0.8530587733854432,16
5579.0,0.024839743589743585,0.01789529914529914,,8,0.8530587733854432,16
5580.0,0.024839743589743585,0.01789529914529914,,8,0.8530587733854432,16
5581.0,0.024839743589743585,0.01789529914529914,,8,0.8530587733854432,16
5582.0,0.024839743589743585,0.01789529914529914,,8,0.8530587733854432,16
5583.0,0.024839743589743585,0.01789529914529914,,8,0.8530587733854432,16
5584.0,0.024839743589743585,0.01789529914529914,,8,0.8530587733854432,16
5585.0,0.024839743589743585,0.01789529914529914,,8,0.8530587733854432,16
5586.0,0.024839743589743585,0.01789529914529914,,8,0.8530587733854432,16
5587.0,0.024839743589743585,0.01789529914529914,,8,0.8530587733854432,16
5588.0,0.024839743589743585,0.01789529914529914,,8,0.8530587733854432,16
5589.0,0.024839743589743585,0.01789529914529914,,8,0.8530587733854432,16
5590.0,0.024839743589743585,0.01789529914529914,,8,0.8530587733854432,16
5591.0,0.024839743589743585,0.01789529914529914,,8,0.8530587733854432,16
5592.0,0.024839743589743585,0.01789529914529914,,8,0.8530587733854432,16
5593.0,0.024839743589743585,0.01789529914529914,,8,0.8530587733854432,16
5594.0,0.024839743589743585,0.01789529914529914,,8,0.8530587733854432,16
5595.0,0.024839743589743585,0.01789529914529914,,8,0.8530587733854432,16
5596.0,0.024839743589743585,0.01789529914529914,,8,0.8530587733854432,16
5597.0,0.024839743589743585,0.01789529914529914,,8,0.8530587733854432,16
5598.0,0.024839743589743585,0.01789529914529914,,8,0.8530587733854432,16
5599.0,0.024839743589743585,0.01789529914529914,,8,0.8530587733854432,16
5600.0,0.024839743589743585,0.01789529914529914,,8,0.8530587733854432,16
5601.0,0.024839743589743585,0.01789529914529914,,8,0.8530587733854432,16
5602.0,0.024839743589743585,0.01789529914529914,,8,0.8530587733854432,16
5603.0,0.024839743589743585,0.01789529914529914,,8,0.8530587733854432,16
5604.0,0.024839743589743585,0.01789529914529914,,8,0.8530587733854432,16
5605.0,0.024839743589743585,0.01789529914529914,,8,0.8530587733854432,16
5606.0,0.024839743589743585,0.01789529914529914,,8,0.8530587733854432,16
5607.0,0.024839743589743585,0.01789529914529914,,8,0.8530587733854432,16
5608.0,0.024839743589743585,0.01789529914529914,,8,0.8530587733854432,16
5609.0,0.024839743589743585,0.01789529914529914,,8,0.8530587733854432,16
5610.0,0.024839743589743585,0.01789529914529914,,8,0.8530587733854432,16
5611.0,0.024839743589743585,0.01789529914529914,,8,0.8530587733854432,16
5612.0,0.024839743589743585,0.01789529914529914,,8,0.8530587733854432,16
5613.0,0.024839743589743585,0.01789529914529914,,8,0.8530587733854432,16
5614.0,0.024839743589743585,0.01789529914529914,,8,0.8530587733854432,16
5615.0,0.024839743589743585,0.01789529914529914,,8,0.8530587733854432,16
5616.0,0.024839743589743585,0.01789529914529914,,8,0.8530587733854432,16
5617.0,0.024839743589743585,0.01789529914529914,,8,0.8530587733854432,16
5618.0,0.024839743589743585,0.01789529914529914,,8,0.8530587733854432,16
5619.0,0.024839743589743585,0.01789529914529914,,8,0.8530587733854432,16
5620.0,0.024839743589743585,0.01789529914529914,,8,0.8530587733854432,16
5621.0,0.024839743589743585,0.01789529914529914,,8,0.8530587733854432,16
5622.0,0.024839743589743585,0.01789529914529914,,8,0.8530587733854432,16
5623.0,0.024839743589743585,0.01789529914529914,,8,0.8530587733854432,16
5624.0,0.024839743589743585,0.01789529914529914,,8,0.8530587733854432,16
5625.0,0.024839743589743585,0.01789529914529914,,8,0.8530587733854432,16
5626.0,0.024839743589743585,0.01789529914529914,,8,0.8530587733854432,16
5627.0,0.024839743589743585,0.01789529914529914,,8,0.8530587733854432,16
5628.0,0.024839743589743585,0.01789529914529914,,8,0.8530587733854432,16
5629.0,0.024839743589743585,0.01789529914529914,,8,0.8530587733854432,16
5630.0,0.024839743589743585,0.01789529914529914,,8,0.8530587733854432,16
5631.0,0.024839743589743585,0.01789529914529914,,8,0.8530587733854432,16
5632.0,0.024839743589743585,0.01789529914529914,,8,0.8530587733854432,16
5633.0,0.024839743589743585,0.01789529914529914,,8,0.8530587733854432,16
5634.0,0.024839743589743585,0.01789529914529914,,8,0.8530587733854432,16
5635.0,0.024839743589743585,0.01789529914529914,,8,0.8530587733854432,16
5636.0,0.024839743589743585,0.01789529914529914,,8,0.8530587733854432,16
5637.0,0.024839743589743585,0.01789529914529914,,8,0.8530587733854432,16
5638.0,0.024839743589743585,0.01789529914529914,,8,0.8530587733854432,16
5639.0,0.024839743589743585,0.01789529914529914,,8,0.8530587733854432,16
5640.0,0.024839743589743585,0.01789529914529914,,8,0.8530587733854432,16
5641.0,0.024839743589743585,0.01789529914529914,,8,0.8530587733854432,16
5642.0,0.024839743589743585,0.01789529914529914,,8,0.8530587733854432,16
5643.0,0.024839743589743585,0.01789529914529914,,8,0.8530587733854432,16
5644.0,0.024839743589743585,0.01789529914529914,,8,0.8530587733854432,16
5645.0,0.024839743589743585,0.01789529914529914,,8,0.8530587733854432,16
5646.0,0.024839743589743585,0.01789529914529914,,8,0.8530587733854432,16
5647.0,0.024839743589743585,0.01789529914529914,,8,0.8530587733854432,16
5648.0,0.024839743589743585,0.01789529914529914,,8,0.8530587733854432,16
5649.0,0.024839743589743585,0.01789529914529914,,8,0.8530587733854432,16
5650.0,0.024839743589743585,0.01789529914529914,,8,0.8530587733854432,16
5651.0,0.024839743589743585,0.01789529914529914,,8,0.8530587733854432,16
5652.0,0.024839743589743585,0.01789529914529914,,8,0.8530587733854432,16
5653.0,0.024839743589743585,0.01789529914529914,,8,0.8530587733854432,16
5654.0,0.024839743589743585,0.01789529914529914,,8,0.8530587733854432,16
5655.0,0.024839743589743585,0.01789529914529914,,8,0.8530587733854432,16
5656.0,0.024839743589743585,0.01789529914529914,,8,0.8530587733854432,16
5657.0,0.024839743589743585,0.01789529914529914,,8,0.8530587733854432,16
5658.0,0.024839743589743585,0.01789529914529914,,8,0.8530587733854432,16
5659.0,0.024839743589743585,0.01789529914529914,,8,0.8530587733854432,16
5660.0,0.024839743589743585,0.01789529914529914,,8,0.8530587733854432,16
5661.0,0.024839743589743585,0.01789529914529914,,8,0.8530587733854432,16
5662.0,0.024839743589743585,0.01789529914529914,,8,0.8530587733854432,16
5663.0,0.024839743589743585,0.01789529914529914,,8,0.8530587733854432,16
5664.0,0.024839743589743585,0.01789529914529914,,8,0.8530587733854432,16
5665.0,0.024839743589743585,0.01789529914529914,,8,0.8530587733854432,16
5666.0,0.024839743589743585,0.01789529914529914,,8,0.8530587733854432,16
5667.0,0.024839743589743585,0.01789529914529914,,8,0.8530587733854432,16
5668.0,0.024839743589743585,0.01789529914529914,,8,0.8530587733854432,16
5669.0,0.024839743589743585,0.01789529914529914,,8,0.8530587733854432,16
5670.0,0.024839743589743585,0.01789529914529914,,8,0.8530587733854432,16
5671.0,0.024839743589743585,0.01789529914529914,,8,0.8530587733854432,16
5672.0,0.024839743589743585,0.01789529914529914,,8,0.8530587733854432,16
5673.0,0.024839743589743585,0.01789529914529914,,8,0.8530587733854432,16
5674.0,0.024839743589743585,0.01789529914529914,,8,0.8530587733854432,16
5675.0,0.024839743589743585,0.01789529914529914,,8,0.8530587733854432,16
5676.0,0.024839743589743585,0.01789529914529914,,8,0.8530587733854432,16
5677.0,0.024839743589743585,0.01789529914529914,,8,0.8530587733854432,16
5678.0,0.024839743589743585,0.01789529914529914,,8,0.8530587733854432,16
5679.0,0.024839743589743585,0.01789529914529914,,8,0.8530587733854432,16
5680.0,0.024839743589743585,0.01789529914529914,,8,0.8530587733854432,16
5681.0,0.024839743589743585,0.01789529914529914,,8,0.8530587733854432,16
5682.0,0.024839743589743585,0.01789529914529914,,8,0.8530587733854432,16
5683.0,0.024839743589743585,0.01789529914529914,,8,0.8530587733854432,16
5684.0,0.024839743589743585,0.01789529914529914,,8,0.8530587733854432,16
5685.0,0.024839743589743585,0.01789529914529914,,8,0.8530587733854432,16
5686.0,0.024839743589743585,0.01789529914529914,,8,0.8530587733854432,16
5687.0,0.024839743589743585,0.01789529914529914,,8,0.8530587733854432,16
5688.0,0.024839743589743585,0.01789529914529914,,8,0.8530587733854432,16
5689.0,0.024839743589743585,0.01789529914529914,,8,0.8530587733854432,16
5690.0,0.024839743589743585,0.01789529914529914,,8,0.8530587733854432,16
5691.0,0.024839743589743585,0.01789529914529914,,8,0.8530587733854432,16
5692.0,0.024839743589743585,0.01789529914529914,,8,0.8530587733854432,16
5693.0,0.024839743589743585,0.01789529914529914,,8,0.8530587733854432,16
5694.0,0.024839743589743585,0.01789529914529914,,8,0.8530587733854432,16
5695.0,0.024839743589743585,0.01789529914529914,,8,0.8530587733854432,16
5696.0,0.024839743589743585,0.01789529914529914,,8,0.8530587733854432,16
5697.0,0.024839743589743585,0.01789529914529914,,8,0.8530587733854432,16
5698.0,0.024839743589743585,0.01789529914529914,,8,0.8530587733854432,16
5699.0,0.024839743589743585,0.01789529914529914,,8,0.8530587733854432,16
5700.0,0.024839743589743585,0.01789529914529914,,8,0.8530587733854432,16
5701.0,0.024839743589743585,0.01789529914529914,,8,0.8530587733854432,16
5702.0,0.024839743589743585,0.01789529914529914,,8,0.8530587733854432,16
5703.0,0.024839743589743585,0.01789529914529914,,8,0.8530587733854432,16
5704.0,0.024839743589743585,0.01789529914529914,,8,0.8530587733854432,16
5705.0,0.024839743589743585,0.01789529914529914,,8,0.8530587733854432,16
5706.0,0.024839743589743585,0.01789529914529914,,8,0.8530587733854432,16
5707.0,0.024839743589743585,0.01789529914529914,,8,0.8530587733854432,16
5708.0,0.024839743589743585,0.01789529914529914,,8,0.8530587733854432,16
5709.0,0.024839743589743585,0.01789529914529914,,8,0.8530587733854432,16
5710.0,0.024839743589743585,0.01789529914529914,,8,0.8530587733854432,16
5711.0,0.024839743589743585,0.01789529914529914,,8,0.8530587733854432,16
5712.0,0.024839743589743585,0.01789529914529914,,8,0.8530587733854432,16
5713.0,0.024839743589743585,0.01789529914529914,,8,0.8530587733854432,16
5714.0,0.024839743589743585,0.01789529914529914,,8,0.8530587733854432,16
5715.0,0.024839743589743585,0.01789529914529914,,8,0.8530587733854432,16
5716.0,0.024839743589743585,0.01789529914529914,,8,0.8530587733854432,16
5717.0,0.024839743589743585,0.01789529914529914,,8,0.8530587733854432,16
5718.0,0.024839743589743585,0.01789529914529914,,8,0.8530587733854432,16
5719.0,0.024839743589743585,0.01789529914529914,,8,0.8530587733854432,16
5720.0,0.024839743589743585,0.01789529914529914,,8,0.8530587733854432,16
5721.0,0.024839743589743585,0.01789529914529914,,8,0.8530587733854432,16
5722.0,0.024839743589743585,0.01789529914529914,,8,0.8530587733854432,16
5723.0,0.024839743589743585,0.01789529914529914,,8,0.8530587733854432,16
5724.0,0.024839743589743585,0.01789529914529914,,8,0.8530587733854432,16
5725.0,0.024839743589743585,0.01789529914529914,,8,0.8530587733854432,16
5726.0,0.024839743589743585,0.01789529914529914,,8,0.8530587733854432,16
5727.0,0.024839743589743585,0.01789529914529914,,8,0.8530587733854432,16
5728.0,0.024839743589743585,0.01789529914529914,,8,0.8530587733854432,16
5729.0,0.024839743589743585,0.01789529914529914,,8,0.8530587733854432,16
5730.0,0.024839743589743585,0.01789529914529914,,8,0.8530587733854432,16
5731.0,0.024839743589743585,0.01789529914529914,,8,0.8530587733854432,16
5732.0,0.024839743589743585,0.01789529914529914,,8,0.8530587733854432,16
5733.0,0.024839743589743585,0.01789529914529914,,8,0.8530587733854432,16
5734.0,0.024839743589743585,0.01789529914529914,,8,0.8530587733854432,16
5735.0,0.024839743589743585,0.01789529914529914,,8,0.8530587733854432,16
5736.0,0.024839743589743585,0.01789529914529914,,8,0.8530587733854432,16
5737.0,0.024839743589743585,0.01789529914529914,,8,0.8530587733854432,16
5738.0,0.024839743589743585,0.01789529914529914,,8,0.8530587733854432,16
5739.0,0.024839743589743585,0.01789529914529914,,8,0.8530587733854432,16
5740.0,0.024839743589743585,0.01789529914529914,,8,0.8530587733854432,16
5741.0,0.024839743589743585,0.01789529914529914,,8,0.8530587733854432,16
5742.0,0.024839743589743585,0.01789529914529914,,8,0.8530587733854432,16
5743.0,0.024839743589743585,0.01789529914529914,,8,0.8530587733854432,16
5744.0,0.024839743589743585,0.01789529914529914,,8,0.8530587733854432,16
5745.0,0.024839743589743585,0.01789529914529914,,8,0.8530587733854432,16
5746.0,0.024839743589743585,0.01789529914529914,,8,0.8530587733854432,16
5747.0,0.024839743589743585,0.01789529914529914,,8,0.8530587733854432,16
5748.0,0.024839743589743585,0.01789529914529914,,8,0.8530587733854432,16
5749.0,0.024839743589743585,0.01789529914529914,,8,0.8530587733854432,16
5750.0,0.024839743589743585,0.01789529914529914,,8,0.8530587733854432,16
5751.0,0.024839743589743585,0.01789529914529914,,8,0.8530587733854432,16
5752.0,0.024839743589743585,0.01789529914529914,,8,0.8530587733854432,16
5753.0,0.024839743589743585,0.01789529914529914,,8,0.8530587733854432,16
5754.0,0.024839743589743585,0.01789529914529914,,8,0.8530587733854432,16
5755.0,0.024839743589743585,0.01789529914529914,,8,0.8530587733854432,16
5756.0,0.024839743589743585,0.01789529914529914,,8,0.8530587733854432,16
5757.0,0.024839743589743585,0.01789529914529914,,8,0.8530587733854432,16
5758.0,0.024839743589743585,0.01789529914529914,,8,0.8530587733854432,16
5759.0,0.024839743589743585,0.01789529914529914,,8,0.8530587733854432,16
5760.0,0.024839743589743585,0.01789529914529914,,8,0.8530587733854432,16
5761.0,0.024839743589743585,0.01789529914529914,,8,0.8530587733854432,16
5762.0,0.024839743589743585,0.01789529914529914,,8,0.8530587733854432,16
5763.0,0.024839743589743585,0.01789529914529914,,8,0.8530587733854432,16
5764.0,0.024839743589743585,0.01789529914529914,,8,0.8530587733854432,16
5765.0,0.024839743589743585,0.01789529914529914,,8,0.8530587733854432,16
5766.0,0.024839743589743585,0.01789529914529914,,8,0.8530587733854432,16
5767.0,0.024839743589743585,0.01789529914529914,,8,0.8530587733854432,16
5768.0,0.024839743589743585,0.01789529914529914,,8,0.8530587733854432,16
5769.0,0.024839743589743585,0.01789529914529914,,8,0.8530587733854432,16
5770.0,0.024839743589743585,0.01789529914529914,,8,0.8530587733854432,16
5771.0,0.024839743589743585,0.01789529914529914,,8,0.8530587733854432,16
5772.0,0.024839743589743585,0.01789529914529914,,8,0.8530587733854432,16
5773.0,0.024839743589743585,0.01789529914529914,,8,0.8530587733854432,16
5774.0,0.024839743589743585,0.01789529914529914,,8,0.8530587733854432,16
5775.0,0.024839743589743585,0.01789529914529914,,8,0.8530587733854432,16
5776.0,0.024839743589743585,0.01789529914529914,,8,0.8530587733854432,16
5777.0,0.024839743589743585,0.01789529914529914,,8,0.8530587733854432,16
5778.0,0.024839743589743585,0.01789529914529914,,8,0.8530587733854432,16
5779.0,0.024839743589743585,0.01789529914529914,,8,0.8530587733854432,16
5780.0,0.024839743589743585,0.01789529914529914,,8,0.8530587733854432,16
5781.0,0.024839743589743585,0.01789529914529914,,8,0.8530587733854432,16
5782.0,0.024839743589743585,0.01789529914529914,,8,0.8530587733854432,16
5783.0,0.024839743589743585,0.01789529914529914,,8,0.8530587733854432,16
5784.0,0.024839743589743585,0.01789529914529914,,8,0.8530587733854432,16
5785.0,0.024839743589743585,0.01789529914529914,,8,0.8530587733854432,16
5786.0,0.024839743589743585,0.01789529914529914,,8,0.8530587733854432,16
5787.0,0.024839743589743585,0.01789529914529914,,8,0.8530587733854432,16
5788.0,0.024839743589743585,0.01789529914529914,,8,0.8530587733854432,16
5789.0,0.024839743589743585,0.01789529914529914,,8,0.8530587733854432,16
5790.0,0.024839743589743585,0.01789529914529914,,8,0.8530587733854432,16
5791.0,0.024839743589743585,0.01789529914529914,,8,0.8530587733854432,16
5792.0,0.024839743589743585,0.01789529914529914,,8,0.8530587733854432,16
5793.0,0.024839743589743585,0.01789529914529914,,8,0.8530587733854432,16
5794.0,0.024839743589743585,0.01789529914529914,,8,0.8530587733854432,16
5795.0,0.024839743589743585,0.01789529914529914,,8,0.8530587733854432,16
5796.0,0.024839743589743585,0.01789529914529914,,8,0.8530587733854432,16
5797.0,0.024839743589743585,0.01789529914529914,,8,0.8530587733854432,16
5798.0,0.024839743589743585,0.01789529914529914,,8,0.8530587733854432,16
5799.0,0.024839743589743585,0.01789529914529914,,8,0.8530587733854432,16
5800.0,0.024839743589743585,0.01789529914529914,,8,0.8530587733854432,16
5801.0,0.024839743589743585,0.01789529914529914,,8,0.8530587733854432,16
5802.0,0.024839743589743585,0.01789529914529914,,8,0.8530587733854432,16
5803.0,0.024839743589743585,0.01789529914529914,,8,0.8530587733854432,16
5804.0,0.024839743589743585,0.01789529914529914,,8,0.8530587733854432,16
5805.0,0.024839743589743585,0.01789529914529914,,8,0.8530587733854432,16
5806.0,0.024839743589743585,0.01789529914529914,,8,0.8530587733854432,16
5807.0,0.024839743589743585,0.01789529914529914,,8,0.8530587733854432,16
5808.0,0.024839743589743585,0.01789529914529914,,8,0.8530587733854432,16
5809.0,0.024839743589743585,0.01789529914529914,,8,0.8530587733854432,16
5810.0,0.024839743589743585,0.01789529914529914,,8,0.8530587733854432,16
5811.0,0.024839743589743585,0.01789529914529914,,8,0.8530587733854432,16
5812.0,0.024839743589743585,0.01789529914529914,,8,0.8530587733854432,16
5813.0,0.024839743589743585,0.01789529914529914,,8,0.8530587733854432,16
5814.0,0.024839743589743585,0.01789529914529914,,8,0.8530587733854432,16
5815.0,0.024839743589743585,0.01789529914529914,,8,0.8530587733854432,16
5816.0,0.024839743589743585,0.01789529914529914,,8,0.8530587733854432,16
5817.0,0.024839743589743585,0.01789529914529914,,8,0.8530587733854432,16
5818.0,0.024839743589743585,0.01789529914529914,,8,0.8530587733854432,16
5819.0,0.024839743589743585,0.01789529914529914,,8,0.8530587733854432,16
5820.0,0.024839743589743585,0.01789529914529914,,8,0.8530587733854432,16
5821.0,0.024839743589743585,0.01789529914529914,,8,0.8530587733854432,16
5822.0,0.024839743589743585,0.01789529914529914,,8,0.8530587733854432,16
5823.0,0.024839743589743585,0.01789529914529914,,8,0.8530587733854432,16
5824.0,0.024839743589743585,0.01789529914529914,,8,0.8530587733854432,16
5825.0,0.024839743589743585,0.01789529914529914,,8,0.8530587733854432,16
5826.0,0.024839743589743585,0.01789529914529914,,8,0.8530587733854432,16
5827.0,0.024839743589743585,0.01789529914529914,,8,0.8530587733854432,16
5828.0,0.024839743589743585,0.01789529914529914,,8,0.8530587733854432,16
5829.0,0.024839743589743585,0.01789529914529914,,8,0.8530587733854432,16
5830.0,0.024839743589743585,0.01789529914529914,,8,0.8530587733854432,16
5831.0,0.024839743589743585,0.01789529914529914,,8,0.8530587733854432,16
5832.0,0.024839743589743585,0.01789529914529914,,8,0.8530587733854432,16
5833.0,0.024839743589743585,0.01789529914529914,,8,0.8530587733854432,16
5834.0,0.024839743589743585,0.01789529914529914,,8,0.8530587733854432,16
5835.0,0.024839743589743585,0.01789529914529914,,8,0.8530587733854432,16
5836.0,0.024839743589743585,0.01789529914529914,,8,0.8530587733854432,16
5837.0,0.024839743589743585,0.01789529914529914,,8,0.8530587733854432,16
5838.0,0.024839743589743585,0.01789529914529914,,8,0.8530587733854432,16
5839.0,0.024839743589743585,0.01789529914529914,,8,0.8530587733854432,16
5840.0,0.024839743589743585,0.01789529914529914,,8,0.8530587733854432,16
5841.0,0.024839743589743585,0.01789529914529914,,8,0.8530587733854432,16
5842.0,0.024839743589743585,0.01789529914529914,,8,0.8530587733854432,16
5843.0,0.024839743589743585,0.01789529914529914,,8,0.8530587733854432,16
5844.0,0.024839743589743585,0.01789529914529914,,8,0.8530587733854432,16
5845.0,0.024839743589743585,0.01789529914529914,,8,0.8530587733854432,16
5846.0,0.024839743589743585,0.01789529914529914,,8,0.8530587733854432,16
5847.0,0.024839743589743585,0.01789529914529914,,8,0.8530587733854432,16
5848.0,0.024839743589743585,0.01789529914529914,,8,0.8530587733854432,16
5849.0,0.024839743589743585,0.01789529914529914,,8,0.8530587733854432,16
5850.0,0.024839743589743585,0.01789529914529914,,8,0.8530587733854432,16
5851.0,0.024839743589743585,0.01789529914529914,,8,0.8530587733854432,16
5852.0,0.024839743589743585,0.01789529914529914,,8,0.8530587733854432,16
5853.0,0.024839743589743585,0.01789529914529914,,8,0.8530587733854432,16
5854.0,0.024839743589743585,0.01789529914529914,,8,0.8530587733854432,16
5855.0,0.024839743589743585,0.01789529914529914,,8,0.8530587733854432,16
5856.0,0.024839743589743585,0.01789529914529914,,8,0.8530587733854432,16
5857.0,0.024839743589743585,0.01789529914529914,,8,0.8530587733854432,16
5858.0,0.024839743589743585,0.01789529914529914,,8,0.8530587733854432,16
5859.0,0.024839743589743585,0.01789529914529914,,8,0.8530587733854432,16
5860.0,0.024839743589743585,0.01789529914529914,,8,0.8530587733854432,16
5861.0,0.024839743589743585,0.01789529914529914,,8,0.8530587733854432,16
5862.0,0.024839743589743585,0.01789529914529914,,8,0.8530587733854432,16
5863.0,0.024839743589743585,0.01789529914529914,,8,0.8530587733854432,16
5864.0,0.024839743589743585,0.01789529914529914,,8,0.8530587733854432,16
5865.0,0.024839743589743585,0.01789529914529914,,8,0.8530587733854432,16
5866.0,0.024839743589743585,0.01789529914529914,,8,0.8530587733854432,16
5867.0,0.024839743589743585,0.01789529914529914,,8,0.8530587733854432,16
5868.0,0.024839743589743585,0.01789529914529914,,8,0.8530587733854432,16
5869.0,0.024839743589743585,0.01789529914529914,,8,0.8530587733854432,16
5870.0,0.024839743589743585,0.01789529914529914,,8,0.8530587733854432,16
5871.0,0.024839743589743585,0.01789529914529914,,8,0.8530587733854432,16
5872.0,0.024839743589743585,0.01789529914529914,,8,0.8530587733854432,16
5873.0,0.024839743589743585,0.01789529914529914,,8,0.8530587733854432,16
5874.0,0.024839743589743585,0.01789529914529914,,8,0.8530587733854432,16
5875.0,0.024839743589743585,0.01789529914529914,,8,0.8530587733854432,16
5876.0,0.024839743589743585,0.01789529914529914,,8,0.8530587733854432,16
5877.0,0.024839743589743585,0.01789529914529914,,8,0.8530587733854432,16
5878.0,0.024839743589743585,0.01789529914529914,,8,0.8530587733854432,16
5879.0,0.024839743589743585,0.01789529914529914,,8,0.8530587733854432,16
5880.0,0.024839743589743585,0.01789529914529914,,8,0.8530587733854432,16
5881.0,0.024839743589743585,0.01789529914529914,,8,0.8530587733854432,16
5882.0,0.024839743589743585,0.01789529914529914,,8,0.8530587733854432,16
5883.0,0.024839743589743585,0.01789529914529914,,8,0.8530587733854432,16
5884.0,0.024839743589743585,0.01789529914529914,,8,0.8530587733854432,16
5885.0,0.024839743589743585,0.01789529914529914,,8,0.8530587733854432,16
5886.0,0.024839743589743585,0.01789529914529914,,8,0.8530587733854432,16
5887.0,0.024839743589743585,0.01789529914529914,,8,0.8530587733854432,16
5888.0,0.024839743589743585,0.01789529914529914,,8,0.8530587733854432,16
5889.0,0.024839743589743585,0.01789529914529914,,8,0.8530587733854432,16
5890.0,0.024839743589743585,0.01789529914529914,,8,0.8530587733854432,16
5891.0,0.024839743589743585,0.01789529914529914,,8,0.8530587733854432,16
5892.0,0.024839743589743585,0.01789529914529914,,8,0.8530587733854432,16
5893.0,0.024839743589743585,0.01789529914529914,,8,0.8530587733854432,16
5894.0,0.024839743589743585,0.01789529914529914,,8,0.8530587733854432,16
5895.0,0.024839743589743585,0.01789529914529914,,8,0.8530587733854432,16
5896.0,0.024839743589743585,0.01789529914529914,,8,0.8530587733854432,16
5897.0,0.024839743589743585,0.01789529914529914,,8,0.8530587733854432,16
5898.0,0.024839743589743585,0.01789529914529914,,8,0.8530587733854432,16
5899.0,0.024839743589743585,0.01789529914529914,,8,0.8530587733854432,16
5900.0,0.024839743589743585,0.01789529914529914,,8,0.8530587733854432,16
5901.0,0.024839743589743585,0.01789529914529914,,8,0.8530587733854432,16
5902.0,0.024839743589743585,0.01789529914529914,,8,0.8530587733854432,16
5903.0,0.024839743589743585,0.01789529914529914,,8,0.8530587733854432,16
5904.0,0.024839743589743585,0.01789529914529914,,8,0.8530587733854432,16
5905.0,0.024839743589743585,0.01789529914529914,,8,0.8530587733854432,16
5906.0,0.024839743589743585,0.01789529914529914,,8,0.8530587733854432,16
5907.0,0.024839743589743585,0.01789529914529914,,8,0.8530587733854432,16
5908.0,0.024839743589743585,0.01789529914529914,,8,0.8530587733854432,16
5909.0,0.024839743589743585,0.01789529914529914,,8,0.8530587733854432,16
5910.0,0.024839743589743585,0.01789529914529914,,8,0.8530587733854432,16
5911.0,0.024839743589743585,0.01789529914529914,,8,0.8530587733854432,16
5912.0,0.024839743589743585,0.01789529914529914,,8,0.8530587733854432,16
5913.0,0.024839743589743585,0.01789529914529914,,8,0.8530587733854432,16
5914.0,0.024839743589743585,0.01789529914529914,,8,0.8530587733854432,16
5915.0,0.024839743589743585,0.01789529914529914,,8,0.8530587733854432,16
5916.0,0.024839743589743585,0.01789529914529914,,8,0.8530587733854432,16
5917.0,0.024839743589743585,0.01789529914529914,,8,0.8530587733854432,16
5918.0,0.024839743589743585,0.01789529914529914,,8,0.8530587733854432,16
5919.0,0.024839743589743585,0.01789529914529914,,8,0.8530587733854432,16
5920.0,0.024839743589743585,0.01789529914529914,,8,0.8530587733854432,16
5921.0,0.024839743589743585,0.01789529914529914,,8,0.8530587733854432,16
5922.0,0.024839743589743585,0.01789529914529914,,8,0.8530587733854432,16
5923.0,0.024839743589743585,0.01789529914529914,,8,0.8530587733854432,16
5924.0,0.024839743589743585,0.01789529914529914,,8,0.8530587733854432,16
5925.0,0.024839743589743585,0.01789529914529914,,8,0.8530587733854432,16
5926.0,0.024839743589743585,0.01789529914529914,,8,0.8530587733854432,16
5927.0,0.024839743589743585,0.01789529914529914,,8,0.8530587733854432,16
5928.0,0.024839743589743585,0.01789529914529914,,8,0.8530587733854432,16
5929.0,0.024839743589743585,0.01789529914529914,,8,0.8530587733854432,16
5930.0,0.024839743589743585,0.01789529914529914,,8,0.8530587733854432,16
5931.0,0.024839743589743585,0.01789529914529914,,8,0.8530587733854432,16
5932.0,0.024839743589743585,0.01789529914529914,,8,0.8530587733854432,16
5933.0,0.024839743589743585,0.01789529914529914,,8,0.8530587733854432,16
5934.0,0.024839743589743585,0.01789529914529914,,8,0.8530587733854432,16
5935.0,0.024839743589743585,0.01789529914529914,,8,0.8530587733854432,16
5936.0,0.024839743589743585,0.01789529914529914,,8,0.8530587733854432,16
5937.0,0.024839743589743585,0.01789529914529914,,8,0.8530587733854432,16
5938.0,0.024839743589743585,0.01789529914529914,,8,0.8530587733854432,16
5939.0,0.024839743589743585,0.01789529914529914,,8,0.8530587733854432,16
5940.0,0.024839743589743585,0.01789529914529914,,8,0.8530587733854432,16
5941.0,0.024839743589743585,0.01789529914529914,,8,0.8530587733854432,16
5942.0,0.024839743589743585,0.01789529914529914,,8,0.8530587733854432,16
5943.0,0.024839743589743585,0.01789529914529914,,8,0.8530587733854432,16
5944.0,0.024839743589743585,0.01789529914529914,,8,0.8530587733854432,16
5945.0,0.024839743589743585,0.01789529914529914,,8,0.8530587733854432,16
5946.0,0.024839743589743585,0.01789529914529914,,8,0.8530587733854432,16
5947.0,0.024839743589743585,0.01789529914529914,,8,0.8530587733854432,16
5948.0,0.024839743589743585,0.01789529914529914,,8,0.8530587733854432,16
5949.0,0.024839743589743585,0.01789529914529914,,8,0.8530587733854432,16
5950.0,0.024839743589743585,0.01789529914529914,,8,0.8530587733854432,16
5951.0,0.024839743589743585,0.01789529914529914,,8,0.8530587733854432,16
5952.0,0.024839743589743585,0.01789529914529914,,8,0.8530587733854432,16
5953.0,0.024839743589743585,0.01789529914529914,,8,0.8530587733854432,16
5954.0,0.024839743589743585,0.01789529914529914,,8,0.8530587733854432,16
5955.0,0.024839743589743585,0.01789529914529914,,8,0.8530587733854432,16
5956.0,0.024839743589743585,0.01789529914529914,,8,0.8530587733854432,16
5957.0,0.024839743589743585,0.01789529914529914,,8,0.8530587733854432,16
5958.0,0.024839743589743585,0.01789529914529914,,8,0.8530587733854432,16
5959.0,0.024839743589743585,0.01789529914529914,,8,0.8530587733854432,16
5960.0,0.024839743589743585,0.01789529914529914,,8,0.8530587733854432,16
5961.0,0.024839743589743585,0.01789529914529914,,8,0.8530587733854432,16
5962.0,0.024839743589743585,0.01789529914529914,,8,0.8530587733854432,16
5963.0,0.024839743589743585,0.01789529914529914,,8,0.8530587733854432,16
5964.0,0.024839743589743585,0.01789529914529914,,8,0.8530587733854432,16
5965.0,0.024839743589743585,0.01789529914529914,,8,0.8530587733854432,16
5966.0,0.024839743589743585,0.01789529914529914,,8,0.8530587733854432,16
5967.0,0.024839743589743585,0.01789529914529914,,8,0.8530587733854432,16
5968.0,0.024839743589743585,0.01789529914529914,,8,0.8530587733854432,16
5969.0,0.024839743589743585,0.01789529914529914,,8,0.8530587733854432,16
5970.0,0.024839743589743585,0.01789529914529914,,8,0.8530587733854432,16
5971.0,0.024839743589743585,0.01789529914529914,,8,0.8530587733854432,16
5972.0,0.024839743589743585,0.01789529914529914,,8,0.8530587733854432,16
5973.0,0.024839743589743585,0.01789529914529914,,8,0.8530587733854432,16
5974.0,0.024839743589743585,0.01789529914529914,,8,0.8530587733854432,16
5975.0,0.024839743589743585,0.01789529914529914,,8,0.8530587733854432,16
5976.0,0.024839743589743585,0.01789529914529914,,8,0.8530587733854432,16
5977.0,0.024839743589743585,0.01789529914529914,,8,0.8530587733854432,16
5978.0,0.024839743589743585,0.01789529914529914,,8,0.8530587733854432,16
5979.0,0.024839743589743585,0.01789529914529914,,8,0.8530587733854432,16
5980.0,0.024839743589743585,0.01789529914529914,,8,0.8530587733854432,16
5981.0,0.024839743589743585,0.01789529914529914,,8,0.8530587733854432,16
5982.0,0.024839743589743585,0.01789529914529914,,8,0.8530587733854432,16
5983.0,0.024839743589743585,0.01789529914529914,,8,0.8530587733854432,16
5984.0,0.024839743589743585,0.01789529914529914,,8,0.8530587733854432,16
5985.0,0.024839743589743585,0.01789529914529914,,8,0.8530587733854432,16
5986.0,0.024839743589743585,0.01789529914529914,,8,0.8530587733854432,16
5987.0,0.024839743589743585,0.01789529914529914,,8,0.8530587733854432,16
5988.0,0.024839743589743585,0.01789529914529914,,8,0.8530587733854432,16
5989.0,0.024839743589743585,0.01789529914529914,,8,0.8530587733854432,16
5990.0,0.024839743589743585,0.01789529914529914,,8,0.8530587733854432,16
5991.0,0.024839743589743585,0.01789529914529914,,8,0.8530587733854432,16
5992.0,0.024839743589743585,0.01789529914529914,,8,0.8530587733854432,16
5993.0,0.024839743589743585,0.01789529914529914,,8,0.8530587733854432,16
5994.0,0.024839743589743585,0.01789529914529914,,8,0.8530587733854432,16
5995.0,0.024839743589743585,0.01789529914529914,,8,0.8530587733854432,16
5996.0,0.024839743589743585,0.01789529914529914,,8,0.8530587733854432,16
5997.0,0.024839743589743585,0.01789529914529914,,8,0.8530587733854432,16
5998.0,0.024839743589743585,0.01789529914529914,,8,0.8530587733854432,16
5999.0,0.024839743589743585,0.01789529914529914,,8,0.8530587733854432,16
6000.0,0.024839743589743585,0.01789529914529914,,8,0.8530587733854432,16
6001.0,0.024839743589743585,0.01789529914529914,,8,0.8530587733854432,16
6002.0,0.024839743589743585,0.01789529914529914,,8,0.8530587733854432,16
6003.0,0.024839743589743585,0.01789529914529914,,8,0.8530587733854432,16
6004.0,0.024839743589743585,0.01789529914529914,,8,0.8530587733854432,16
6005.0,0.024839743589743585,0.01789529914529914,,8,0.8530587733854432,16
6006.0,0.024839743589743585,0.01789529914529914,,8,0.8530587733854432,16
6007.0,0.024839743589743585,0.01789529914529914,,8,0.8530587733854432,16
6008.0,0.024839743589743585,0.01789529914529914,,8,0.8530587733854432,16
6009.0,0.024839743589743585,0.01789529914529914,,8,0.8530587733854432,16
6010.0,0.024839743589743585,0.01789529914529914,,8,0.8530587733854432,16
6011.0,0.024839743589743585,0.01789529914529914,,8,0.8530587733854432,16
6012.0,0.024839743589743585,0.01789529914529914,,8,0.8530587733854432,16
6013.0,0.024839743589743585,0.01789529914529914,,8,0.8530587733854432,16
6014.0,0.024839743589743585,0.01789529914529914,,8,0.8530587733854432,16
6015.0,0.024839743589743585,0.01789529914529914,,8,0.8530587733854432,16
6016.0,0.024839743589743585,0.01789529914529914,,8,0.8530587733854432,16
6017.0,0.024839743589743585,0.01789529914529914,,8,0.8530587733854432,16
6018.0,0.024839743589743585,0.01789529914529914,,8,0.8530587733854432,16
6019.0,0.024839743589743585,0.01789529914529914,,8,0.8530587733854432,16
6020.0,0.024839743589743585,0.01789529914529914,,8,0.8530587733854432,16
6021.0,0.024839743589743585,0.01789529914529914,,8,0.8530587733854432,16
6022.0,0.024839743589743585,0.01789529914529914,,8,0.8530587733854432,16
6023.0,0.024839743589743585,0.01789529914529914,,8,0.8530587733854432,16
6024.0,0.024839743589743585,0.01789529914529914,,8,0.8530587733854432,16
6025.0,0.024839743589743585,0.01789529914529914,,8,0.8530587733854432,16
6026.0,0.024839743589743585,0.01789529914529914,,8,0.8530587733854432,16
6027.0,0.024839743589743585,0.01789529914529914,,8,0.8530587733854432,16
6028.0,0.024839743589743585,0.01789529914529914,,8,0.8530587733854432,16
6029.0,0.024839743589743585,0.01789529914529914,,8,0.8530587733854432,16
6030.0,0.024839743589743585,0.01789529914529914,,8,0.8530587733854432,16
6031.0,0.024839743589743585,0.01789529914529914,,8,0.8530587733854432,16
6032.0,0.024839743589743585,0.01789529914529914,,8,0.8530587733854432,16
6033.0,0.024839743589743585,0.01789529914529914,,8,0.8530587733854432,16
6034.0,0.024839743589743585,0.01789529914529914,,8,0.8530587733854432,16
6035.0,0.024839743589743585,0.01789529914529914,,8,0.8530587733854432,16
6036.0,0.024839743589743585,0.01789529914529914,,8,0.8530587733854432,16
6037.0,0.024839743589743585,0.01789529914529914,,8,0.8530587733854432,16
6038.0,0.024839743589743585,0.01789529914529914,,8,0.8530587733854432,16
6039.0,0.024839743589743585,0.01789529914529914,,8,0.8530587733854432,16
6040.0,0.024839743589743585,0.01789529914529914,,8,0.8530587733854432,16
6041.0,0.024839743589743585,0.01789529914529914,,8,0.8530587733854432,16
6042.0,0.024839743589743585,0.01789529914529914,,8,0.8530587733854432,16
6043.0,0.024839743589743585,0.01789529914529914,,8,0.8530587733854432,16
6044.0,0.024839743589743585,0.01789529914529914,,8,0.8530587733854432,16
6045.0,0.024839743589743585,0.01789529914529914,,8,0.8530587733854432,16
6046.0,0.024839743589743585,0.01789529914529914,,8,0.8530587733854432,16
6047.0,0.024839743589743585,0.01789529914529914,,8,0.8530587733854432,16
6048.0,0.024839743589743585,0.01789529914529914,,8,0.8530587733854432,16
6049.0,0.024839743589743585,0.01789529914529914,,8,0.8530587733854432,16
6050.0,0.024839743589743585,0.01789529914529914,,8,0.8530587733854432,16
6051.0,0.024839743589743585,0.01789529914529914,,8,0.8530587733854432,16
6052.0,0.024839743589743585,0.01789529914529914,,8,0.8530587733854432,16
6053.0,0.024839743589743585,0.01789529914529914,,8,0.8530587733854432,16
6054.0,0.024839743589743585,0.01789529914529914,,8,0.8530587733854432,16
6055.0,0.024839743589743585,0.01789529914529914,,8,0.8530587733854432,16
6056.0,0.024839743589743585,0.01789529914529914,,8,0.8530587733854432,16
6057.0,0.024839743589743585,0.01789529914529914,,8,0.8530587733854432,16
6058.0,0.024839743589743585,0.01789529914529914,,8,0.8530587733854432,16
6059.0,0.024839743589743585,0.01789529914529914,,8,0.8530587733854432,16
6060.0,0.024839743589743585,0.01789529914529914,,8,0.8530587733854432,16
6061.0,0.024839743589743585,0.01789529914529914,,8,0.8530587733854432,16
6062.0,0.024839743589743585,0.01789529914529914,,8,0.8530587733854432,16
6063.0,0.024839743589743585,0.01789529914529914,,8,0.8530587733854432,16
6064.0,0.024839743589743585,0.01789529914529914,,8,0.8530587733854432,16
6065.0,0.024839743589743585,0.01789529914529914,,8,0.8530587733854432,16
6066.0,0.024839743589743585,0.01789529914529914,,8,0.8530587733854432,16
6067.0,0.024839743589743585,0.01789529914529914,,8,0.8530587733854432,16
6068.0,0.024839743589743585,0.01789529914529914,,8,0.8530587733854432,16
6069.0,0.024839743589743585,0.01789529914529914,,8,0.8530587733854432,16
6070.0,0.024839743589743585,0.01789529914529914,,8,0.8530587733854432,16
6071.0,0.024839743589743585,0.01789529914529914,,8,0.8530587733854432,16
6072.0,0.024839743589743585,0.01789529914529914,,8,0.8530587733854432,16
6073.0,0.024839743589743585,0.01789529914529914,,8,0.8530587733854432,16
6074.0,0.024839743589743585,0.01789529914529914,,8,0.8530587733854432,16
6075.0,0.024839743589743585,0.01789529914529914,,8,0.8530587733854432,16
6076.0,0.024839743589743585,0.01789529914529914,,8,0.8530587733854432,16
6077.0,0.024839743589743585,0.01789529914529914,,8,0.8530587733854432,16
6078.0,0.024839743589743585,0.01789529914529914,,8,0.8530587733854432,16
6079.0,0.024839743589743585,0.01789529914529914,,8,0.8530587733854432,16
6080.0,0.024839743589743585,0.01789529914529914,,8,0.8530587733854432,16
6081.0,0.024839743589743585,0.01789529914529914,,8,0.8530587733854432,16
6082.0,0.024839743589743585,0.01789529914529914,,8,0.8530587733854432,16
6083.0,0.024839743589743585,0.01789529914529914,,8,0.8530587733854432,16
6084.0,0.024839743589743585,0.01789529914529914,,8,0.8530587733854432,16
6085.0,0.024839743589743585,0.01789529914529914,,8,0.8530587733854432,16
6086.0,0.024839743589743585,0.01789529914529914,,8,0.8530587733854432,16
6087.0,0.024839743589743585,0.01789529914529914,,8,0.8530587733854432,16
6088.0,0.024839743589743585,0.01789529914529914,,8,0.8530587733854432,16
6089.0,0.024839743589743585,0.01789529914529914,,8,0.8530587733854432,16
6090.0,0.024839743589743585,0.01789529914529914,,8,0.8530587733854432,16
6091.0,0.024839743589743585,0.01789529914529914,,8,0.8530587733854432,16
6092.0,0.024839743589743585,0.01789529914529914,,8,0.8530587733854432,16
6093.0,0.024839743589743585,0.01789529914529914,,8,0.8530587733854432,16
6094.0,0.024839743589743585,0.01789529914529914,,8,0.8530587733854432,16
6095.0,0.024839743589743585,0.01789529914529914,,8,0.8530587733854432,16
6096.0,0.024839743589743585,0.01789529914529914,,8,0.8530587733854432,16
6097.0,0.024839743589743585,0.01789529914529914,,8,0.8530587733854432,16
6098.0,0.024839743589743585,0.01789529914529914,,8,0.8530587733854432,16
6099.0,0.024839743589743585,0.01789529914529914,,8,0.8530587733854432,16
6100.0,0.024839743589743585,0.01789529914529914,,8,0.8530587733854432,16
6101.0,0.024839743589743585,0.01789529914529914,,8,0.8530587733854432,16
6102.0,0.024839743589743585,0.01789529914529914,,8,0.8530587733854432,16
6103.0,0.024839743589743585,0.01789529914529914,,8,0.8530587733854432,16
6104.0,0.024839743589743585,0.01789529914529914,,8,0.8530587733854432,16
6105.0,0.024839743589743585,0.01789529914529914,,8,0.8530587733854432,16
6106.0,0.024839743589743585,0.01789529914529914,,8,0.8530587733854432,16
6107.0,0.024839743589743585,0.01789529914529914,,8,0.8530587733854432,16
6108.0,0.024839743589743585,0.01789529914529914,,8,0.8530587733854432,16
6109.0,0.024839743589743585,0.01789529914529914,,8,0.8530587733854432,16
6110.0,0.024839743589743585,0.01789529914529914,,8,0.8530587733854432,16
6111.0,0.024839743589743585,0.01789529914529914,,8,0.8530587733854432,16
6112.0,0.024839743589743585,0.01789529914529914,,8,0.8530587733854432,16
6113.0,0.024839743589743585,0.01789529914529914,,8,0.8530587733854432,16
6114.0,0.024839743589743585,0.01789529914529914,,8,0.8530587733854432,16
6115.0,0.024839743589743585,0.01789529914529914,,8,0.8530587733854432,16
6116.0,0.024839743589743585,0.01789529914529914,,8,0.8530587733854432,16
6117.0,0.024839743589743585,0.01789529914529914,,8,0.8530587733854432,16
6118.0,0.024839743589743585,0.01789529914529914,,8,0.8530587733854432,16
6119.0,0.024839743589743585,0.01789529914529914,,8,0.8530587733854432,16
6120.0,0.024839743589743585,0.01789529914529914,,8,0.8530587733854432,16
6121.0,0.024839743589743585,0.01789529914529914,,8,0.8530587733854432,16
6122.0,0.024839743589743585,0.01789529914529914,,8,0.8530587733854432,16
6123.0,0.024839743589743585,0.01789529914529914,,8,0.8530587733854432,16
6124.0,0.024839743589743585,0.01789529914529914,,8,0.8530587733854432,16
6125.0,0.024839743589743585,0.01789529914529914,,8,0.8530587733854432,16
6126.0,0.024839743589743585,0.01789529914529914,,8,0.8530587733854432,16
6127.0,0.024839743589743585,0.01789529914529914,,8,0.8530587733854432,16
6128.0,0.024839743589743585,0.01789529914529914,,8,0.8530587733854432,16
6129.0,0.024839743589743585,0.01789529914529914,,8,0.8530587733854432,16
6130.0,0.024839743589743585,0.01789529914529914,,8,0.8530587733854432,16
6131.0,0.024839743589743585,0.01789529914529914,,8,0.8530587733854432,16
6132.0,0.024839743589743585,0.01789529914529914,,8,0.8530587733854432,16
6133.0,0.024839743589743585,0.01789529914529914,,8,0.8530587733854432,16
6134.0,0.024839743589743585,0.01789529914529914,,8,0.8530587733854432,16
6135.0,0.024839743589743585,0.01789529914529914,,8,0.8530587733854432,16
6136.0,0.024839743589743585,0.01789529914529914,,8,0.8530587733854432,16
6137.0,0.024839743589743585,0.01789529914529914,,8,0.8530587733854432,16
6138.0,0.024839743589743585,0.01789529914529914,,8,0.8530587733854432,16
6139.0,0.024839743589743585,0.01789529914529914,,8,0.8530587733854432,16
6140.0,0.024839743589743585,0.01789529914529914,,8,0.8530587733854432,16
6141.0,0.024839743589743585,0.01789529914529914,,8,0.8530587733854432,16
6142.0,0.024839743589743585,0.01789529914529914,,8,0.8530587733854432,16
6143.0,0.024839743589743585,0.01789529914529914,,8,0.8530587733854432,16
6144.0,0.024839743589743585,0.01789529914529914,,8,0.8530587733854432,16
6145.0,0.024839743589743585,0.01789529914529914,,8,0.8530587733854432,16
6146.0,0.024839743589743585,0.01789529914529914,,8,0.8530587733854432,16
6147.0,0.024839743589743585,0.01789529914529914,,8,0.8530587733854432,16
6148.0,0.024839743589743585,0.01789529914529914,,8,0.8530587733854432,16
6149.0,0.024839743589743585,0.01789529914529914,,8,0.8530587733854432,16
6150.0,0.024839743589743585,0.01789529914529914,,8,0.8530587733854432,16
6151.0,0.024839743589743585,0.01789529914529914,,8,0.8530587733854432,16
6152.0,0.024839743589743585,0.01789529914529914,,8,0.8530587733854432,16
6153.0,0.024839743589743585,0.01789529914529914,,8,0.8530587733854432,16
6154.0,0.024839743589743585,0.01789529914529914,,8,0.8530587733854432,16
6155.0,0.024839743589743585,0.01789529914529914,,8,0.8530587733854432,16
6156.0,0.024839743589743585,0.01789529914529914,,8,0.8530587733854432,16
6157.0,0.024839743589743585,0.01789529914529914,,8,0.8530587733854432,16
6158.0,0.024839743589743585,0.01789529914529914,,8,0.8530587733854432,16
6159.0,0.024839743589743585,0.01789529914529914,,8,0.8530587733854432,16
6160.0,0.024839743589743585,0.01789529914529914,,8,0.8530587733854432,16
6161.0,0.024839743589743585,0.01789529914529914,,8,0.8530587733854432,16
6162.0,0.024839743589743585,0.01789529914529914,,8,0.8530587733854432,16
6163.0,0.024839743589743585,0.01789529914529914,,8,0.8530587733854432,16
6164.0,0.024839743589743585,0.01789529914529914,,8,0.8530587733854432,16
6165.0,0.024839743589743585,0.01789529914529914,,8,0.8530587733854432,16
6166.0,0.024839743589743585,0.01789529914529914,,8,0.8530587733854432,16
6167.0,0.024839743589743585,0.01789529914529914,,8,0.8530587733854432,16
6168.0,0.024839743589743585,0.01789529914529914,,8,0.8530587733854432,16
6169.0,0.024839743589743585,0.01789529914529914,,8,0.8530587733854432,16
6170.0,0.024839743589743585,0.01789529914529914,,8,0.8530587733854432,16
6171.0,0.024839743589743585,0.01789529914529914,,8,0.8530587733854432,16
6172.0,0.024839743589743585,0.01789529914529914,,8,0.8530587733854432,16
6173.0,0.024839743589743585,0.01789529914529914,,8,0.8530587733854432,16
6174.0,0.024839743589743585,0.01789529914529914,,8,0.8530587733854432,16
6175.0,0.024839743589743585,0.01789529914529914,,8,0.8530587733854432,16
6176.0,0.024839743589743585,0.01789529914529914,,8,0.8530587733854432,16
6177.0,0.024839743589743585,0.01789529914529914,,8,0.8530587733854432,16
6178.0,0.024839743589743585,0.01789529914529914,,8,0.8530587733854432,16
6179.0,0.024839743589743585,0.01789529914529914,,8,0.8530587733854432,16
6180.0,0.024839743589743585,0.01789529914529914,,8,0.8530587733854432,16
6181.0,0.024839743589743585,0.01789529914529914,,8,0.8530587733854432,16
6182.0,0.024839743589743585,0.01789529914529914,,8,0.8530587733854432,16
6183.0,0.024839743589743585,0.01789529914529914,,8,0.8530587733854432,16
6184.0,0.024839743589743585,0.01789529914529914,,8,0.8530587733854432,16
6185.0,0.024839743589743585,0.01789529914529914,,8,0.8530587733854432,16
6186.0,0.024839743589743585,0.01789529914529914,,8,0.8530587733854432,16
6187.0,0.024839743589743585,0.01789529914529914,,8,0.8530587733854432,16
6188.0,0.024839743589743585,0.01789529914529914,,8,0.8530587733854432,16
6189.0,0.024839743589743585,0.01789529914529914,,8,0.8530587733854432,16
6190.0,0.024839743589743585,0.01789529914529914,,8,0.8530587733854432,16
6191.0,0.024839743589743585,0.01789529914529914,,8,0.8530587733854432,16
6192.0,0.024839743589743585,0.01789529914529914,,8,0.8530587733854432,16
6193.0,0.024839743589743585,0.01789529914529914,,8,0.8530587733854432,16
6194.0,0.024839743589743585,0.01789529914529914,,8,0.8530587733854432,16
6195.0,0.024839743589743585,0.01789529914529914,,8,0.8530587733854432,16
6196.0,0.024839743589743585,0.01789529914529914,,8,0.8530587733854432,16
6197.0,0.024839743589743585,0.01789529914529914,,8,0.8530587733854432,16
6198.0,0.024839743589743585,0.01789529914529914,,8,0.8530587733854432,16
6199.0,0.024839743589743585,0.01789529914529914,,8,0.8530587733854432,16
6200.0,0.024839743589743585,0.01789529914529914,,8,0.8530587733854432,16
6201.0,0.024839743589743585,0.01789529914529914,,8,0.8530587733854432,16
6202.0,0.024839743589743585,0.01789529914529914,,8,0.8530587733854432,16
6203.0,0.024839743589743585,0.01789529914529914,,8,0.8530587733854432,16
6204.0,0.024839743589743585,0.01789529914529914,,8,0.8530587733854432,16
6205.0,0.024839743589743585,0.01789529914529914,,8,0.8530587733854432,16
6206.0,0.024839743589743585,0.01789529914529914,,8,0.8530587733854432,16
6207.0,0.024839743589743585,0.01789529914529914,,8,0.8530587733854432,16
6208.0,0.024839743589743585,0.01789529914529914,,8,0.8530587733854432,16
6209.0,0.024839743589743585,0.01789529914529914,,8,0.8530587733854432,16
6210.0,0.024839743589743585,0.01789529914529914,,8,0.8530587733854432,16
6211.0,0.024839743589743585,0.01789529914529914,,8,0.8530587733854432,16
6212.0,0.024839743589743585,0.01789529914529914,,8,0.8530587733854432,16
6213.0,0.024839743589743585,0.01789529914529914,,8,0.8530587733854432,16
6214.0,0.024839743589743585,0.01789529914529914,,8,0.8530587733854432,16
6215.0,0.024839743589743585,0.01789529914529914,,8,0.8530587733854432,16
6216.0,0.024839743589743585,0.01789529914529914,,8,0.8530587733854432,16
6217.0,0.024839743589743585,0.01789529914529914,,8,0.8530587733854432,16
6218.0,0.024839743589743585,0.01789529914529914,,8,0.8530587733854432,16
6219.0,0.024839743589743585,0.01789529914529914,,8,0.8530587733854432,16
6220.0,0.024839743589743585,0.01789529914529914,,8,0.8530587733854432,16
6221.0,0.024839743589743585,0.01789529914529914,,8,0.8530587733854432,16
6222.0,0.024839743589743585,0.01789529914529914,,8,0.8530587733854432,16
6223.0,0.024839743589743585,0.01789529914529914,,8,0.8530587733854432,16
6224.0,0.024839743589743585,0.01789529914529914,,8,0.8530587733854432,16
6225.0,0.024839743589743585,0.01789529914529914,,8,0.8530587733854432,16
6226.0,0.024839743589743585,0.01789529914529914,,8,0.8530587733854432,16
6227.0,0.024839743589743585,0.01789529914529914,,8,0.8530587733854432,16
6228.0,0.024839743589743585,0.01789529914529914,,8,0.8530587733854432,16
6229.0,0.024839743589743585,0.01789529914529914,,8,0.8530587733854432,16
6230.0,0.024839743589743585,0.01789529914529914,,8,0.8530587733854432,16
6231.0,0.024839743589743585,0.01789529914529914,,8,0.8530587733854432,16
6232.0,0.024839743589743585,0.01789529914529914,,8,0.8530587733854432,16
6233.0,0.024839743589743585,0.01789529914529914,,8,0.8530587733854432,16
6234.0,0.024839743589743585,0.01789529914529914,,8,0.8530587733854432,16
6235.0,0.024839743589743585,0.01789529914529914,,8,0.8530587733854432,16
6236.0,0.024839743589743585,0.01789529914529914,,8,0.8530587733854432,16
6237.0,0.024839743589743585,0.01789529914529914,,8,0.8530587733854432,16
6238.0,0.024839743589743585,0.01789529914529914,,8,0.8530587733854432,16
6239.0,0.024839743589743585,0.01789529914529914,,8,0.8530587733854432,16
6240.0,0.024839743589743585,0.01789529914529914,,8,0.8530587733854432,16
6241.0,0.024839743589743585,0.01789529914529914,,8,0.8530587733854432,16
6242.0,0.024839743589743585,0.01789529914529914,,8,0.8530587733854432,16
6243.0,0.024839743589743585,0.01789529914529914,,8,0.8530587733854432,16
6244.0,0.024839743589743585,0.01789529914529914,,8,0.8530587733854432,16
6245.0,0.024839743589743585,0.01789529914529914,,8,0.8530587733854432,16
6246.0,0.024839743589743585,0.01789529914529914,,8,0.8530587733854432,16
6247.0,0.024839743589743585,0.01789529914529914,,8,0.8530587733854432,16
6248.0,0.024839743589743585,0.01789529914529914,,8,0.8530587733854432,16
6249.0,0.024839743589743585,0.01789529914529914,,8,0.8530587733854432,16
6250.0,0.024839743589743585,0.01789529914529914,,8,0.8530587733854432,16
6251.0,0.024839743589743585,0.01789529914529914,,8,0.8530587733854432,16
6252.0,0.024839743589743585,0.01789529914529914,,8,0.8530587733854432,16
6253.0,0.024839743589743585,0.01789529914529914,,8,0.8530587733854432,16
6254.0,0.024839743589743585,0.01789529914529914,,8,0.8530587733854432,16
6255.0,0.024839743589743585,0.01789529914529914,,8,0.8530587733854432,16
6256.0,0.024839743589743585,0.01789529914529914,,8,0.8530587733854432,16
6257.0,0.024839743589743585,0.01789529914529914,,8,0.8530587733854432,16
6258.0,0.024839743589743585,0.01789529914529914,,8,0.8530587733854432,16
6259.0,0.024839743589743585,0.01789529914529914,,8,0.8530587733854432,16
6260.0,0.024839743589743585,0.01789529914529914,,8,0.8530587733854432,16
6261.0,0.024839743589743585,0.01789529914529914,,8,0.8530587733854432,16
6262.0,0.024839743589743585,0.01789529914529914,,8,0.8530587733854432,16
6263.0,0.024839743589743585,0.01789529914529914,,8,0.8530587733854432,16
6264.0,0.024839743589743585,0.01789529914529914,,8,0.8530587733854432,16
6265.0,0.024839743589743585,0.01789529914529914,,8,0.8530587733854432,16
6266.0,0.024839743589743585,0.01789529914529914,,8,0.8530587733854432,16
6267.0,0.024839743589743585,0.01789529914529914,,8,0.8530587733854432,16
6268.0,0.024839743589743585,0.01789529914529914,,8,0.8530587733854432,16
6269.0,0.024839743589743585,0.01789529914529914,,8,0.8530587733854432,16
6270.0,0.024839743589743585,0.01789529914529914,,8,0.8530587733854432,16
6271.0,0.024839743589743585,0.01789529914529914,,8,0.8530587733854432,16
6272.0,0.024839743589743585,0.01789529914529914,,8,0.8530587733854432,16
6273.0,0.024839743589743585,0.01789529914529914,,8,0.8530587733854432,16
6274.0,0.024839743589743585,0.01789529914529914,,8,0.8530587733854432,16
6275.0,0.024839743589743585,0.01789529914529914,,8,0.8530587733854432,16
6276.0,0.024839743589743585,0.01789529914529914,,8,0.8530587733854432,16
6277.0,0.024839743589743585,0.01789529914529914,,8,0.8530587733854432,16
6278.0,0.024839743589743585,0.01789529914529914,,8,0.8530587733854432,16
6279.0,0.024839743589743585,0.01789529914529914,,8,0.8530587733854432,16
6280.0,0.024839743589743585,0.01789529914529914,,8,0.8530587733854432,16
6281.0,0.024839743589743585,0.01789529914529914,,8,0.8530587733854432,16
6282.0,0.024839743589743585,0.01789529914529914,,8,0.8530587733854432,16
6283.0,0.024839743589743585,0.01789529914529914,,8,0.8530587733854432,16
6284.0,0.024839743589743585,0.01789529914529914,,8,0.8530587733854432,16
6285.0,0.024839743589743585,0.01789529914529914,,8,0.8530587733854432,16
6286.0,0.024839743589743585,0.01789529914529914,,8,0.8530587733854432,16
6287.0,0.024839743589743585,0.01789529914529914,,8,0.8530587733854432,16
6288.0,0.024839743589743585,0.01789529914529914,,8,0.8530587733854432,16
6289.0,0.024839743589743585,0.01789529914529914,,8,0.8530587733854432,16
6290.0,0.024839743589743585,0.01789529914529914,,8,0.8530587733854432,16
6291.0,0.024839743589743585,0.01789529914529914,,8,0.8530587733854432,16
6292.0,0.024839743589743585,0.01789529914529914,,8,0.8530587733854432,16
6293.0,0.024839743589743585,0.01789529914529914,,8,0.8530587733854432,16
6294.0,0.024839743589743585,0.01789529914529914,,8,0.8530587733854432,16
6295.0,0.024839743589743585,0.01789529914529914,,8,0.8530587733854432,16
6296.0,0.024839743589743585,0.01789529914529914,,8,0.8530587733854432,16
6297.0,0.024839743589743585,0.01789529914529914,,8,0.8530587733854432,16
6298.0,0.024839743589743585,0.01789529914529914,,8,0.8530587733854432,16
6299.0,0.024839743589743585,0.01789529914529914,,8,0.8530587733854432,16
6300.0,0.024839743589743585,0.01789529914529914,,8,0.8530587733854432,16
6301.0,0.024839743589743585,0.01789529914529914,,8,0.8530587733854432,16
6302.0,0.024839743589743585,0.01789529914529914,,8,0.8530587733854432,16
6303.0,0.024839743589743585,0.01789529914529914,,8,0.8530587733854432,16
6304.0,0.024839743589743585,0.01789529914529914,,8,0.8530587733854432,16
6305.0,0.024839743589743585,0.01789529914529914,,8,0.8530587733854432,16
6306.0,0.024839743589743585,0.01789529914529914,,8,0.8530587733854432,16
6307.0,0.024839743589743585,0.01789529914529914,,8,0.8530587733854432,16
6308.0,0.024839743589743585,0.01789529914529914,,8,0.8530587733854432,16
6309.0,0.024839743589743585,0.01789529914529914,,8,0.8530587733854432,16
6310.0,0.024839743589743585,0.01789529914529914,,8,0.8530587733854432,16
6311.0,0.024839743589743585,0.01789529914529914,,8,0.8530587733854432,16
6312.0,0.024839743589743585,0.01789529914529914,,8,0.8530587733854432,16
6313.0,0.024839743589743585,0.01789529914529914,,8,0.8530587733854432,16
6314.0,0.024839743589743585,0.01789529914529914,,8,0.8530587733854432,16
6315.0,0.024839743589743585,0.01789529914529914,,8,0.8530587733854432,16
6316.0,0.024839743589743585,0.01789529914529914,,8,0.8530587733854432,16
6317.0,0.024839743589743585,0.01789529914529914,,8,0.8530587733854432,16
6318.0,0.024839743589743585,0.01789529914529914,,8,0.8530587733854432,16
6319.0,0.024839743589743585,0.01789529914529914,,8,0.8530587733854432,16
6320.0,0.024839743589743585,0.01789529914529914,,8,0.8530587733854432,16
6321.0,0.024839743589743585,0.01789529914529914,,8,0.8530587733854432,16
6322.0,0.024839743589743585,0.01789529914529914,,8,0.8530587733854432,16
6323.0,0.024839743589743585,0.01789529914529914,,8,0.8530587733854432,16
6324.0,0.024839743589743585,0.01789529914529914,,8,0.8530587733854432,16
6325.0,0.024839743589743585,0.01789529914529914,,8,0.8530587733854432,16
6326.0,0.024839743589743585,0.01789529914529914,,8,0.8530587733854432,16
6327.0,0.024839743589743585,0.01789529914529914,,8,0.8530587733854432,16
6328.0,0.024839743589743585,0.01789529914529914,,8,0.8530587733854432,16
6329.0,0.024839743589743585,0.01789529914529914,,8,0.8530587733854432,16
6330.0,0.024839743589743585,0.01789529914529914,,8,0.8530587733854432,16
6331.0,0.024839743589743585,0.01789529914529914,,8,0.8530587733854432,16
6332.0,0.024839743589743585,0.01789529914529914,,8,0.8530587733854432,16
6333.0,0.024839743589743585,0.01789529914529914,,8,0.8530587733854432,16
6334.0,0.024839743589743585,0.01789529914529914,,8,0.8530587733854432,16
6335.0,0.024839743589743585,0.01789529914529914,,8,0.8530587733854432,16
6336.0,0.024839743589743585,0.01789529914529914,,8,0.8530587733854432,16
6337.0,0.024839743589743585,0.01789529914529914,,8,0.8530587733854432,16
6338.0,0.024839743589743585,0.01789529914529914,,8,0.8530587733854432,16
6339.0,0.024839743589743585,0.01789529914529914,,8,0.8530587733854432,16
6340.0,0.024839743589743585,0.01789529914529914,,8,0.8530587733854432,16
6341.0,0.024839743589743585,0.01789529914529914,,8,0.8530587733854432,16
6342.0,0.024839743589743585,0.01789529914529914,,8,0.8530587733854432,16
6343.0,0.024839743589743585,0.01789529914529914,,8,0.8530587733854432,16
6344.0,0.024839743589743585,0.01789529914529914,,8,0.8530587733854432,16
6345.0,0.024839743589743585,0.01789529914529914,,8,0.8530587733854432,16
6346.0,0.024839743589743585,0.01789529914529914,,8,0.8530587733854432,16
6347.0,0.024839743589743585,0.01789529914529914,,8,0.8530587733854432,16
6348.0,0.024839743589743585,0.01789529914529914,,8,0.8530587733854432,16
6349.0,0.024839743589743585,0.01789529914529914,,8,0.8530587733854432,16
6350.0,0.024839743589743585,0.01789529914529914,,8,0.8530587733854432,16
6351.0,0.024839743589743585,0.01789529914529914,,8,0.8530587733854432,16
6352.0,0.024839743589743585,0.01789529914529914,,8,0.8530587733854432,16
6353.0,0.024839743589743585,0.01789529914529914,,8,0.8530587733854432,16
6354.0,0.024839743589743585,0.01789529914529914,,8,0.8530587733854432,16
6355.0,0.024839743589743585,0.01789529914529914,,8,0.8530587733854432,16
6356.0,0.024839743589743585,0.01789529914529914,,8,0.8530587733854432,16
6357.0,0.024839743589743585,0.01789529914529914,,8,0.8530587733854432,16
6358.0,0.024839743589743585,0.01789529914529914,,8,0.8530587733854432,16
6359.0,0.024839743589743585,0.01789529914529914,,8,0.8530587733854432,16
6360.0,0.024839743589743585,0.01789529914529914,,8,0.8530587733854432,16
6361.0,0.024839743589743585,0.01789529914529914,,8,0.8530587733854432,16
6362.0,0.024839743589743585,0.01789529914529914,,8,0.8530587733854432,16
6363.0,0.024839743589743585,0.01789529914529914,,8,0.8530587733854432,16
6364.0,0.024839743589743585,0.01789529914529914,,8,0.8530587733854432,16
6365.0,0.024839743589743585,0.01789529914529914,,8,0.8530587733854432,16
6366.0,0.024839743589743585,0.01789529914529914,,8,0.8530587733854432,16
6367.0,0.024839743589743585,0.01789529914529914,,8,0.8530587733854432,16
6368.0,0.024839743589743585,0.01789529914529914,,8,0.8530587733854432,16
6369.0,0.024839743589743585,0.01789529914529914,,8,0.8530587733854432,16
6370.0,0.024839743589743585,0.01789529914529914,,8,0.8530587733854432,16
6371.0,0.024839743589743585,0.01789529914529914,,8,0.8530587733854432,16
6372.0,0.024839743589743585,0.01789529914529914,,8,0.8530587733854432,16
6373.0,0.024839743589743585,0.01789529914529914,,8,0.8530587733854432,16
6374.0,0.024839743589743585,0.01789529914529914,,8,0.8530587733854432,16
6375.0,0.024839743589743585,0.01789529914529914,,8,0.8530587733854432,16
6376.0,0.024839743589743585,0.01789529914529914,,8,0.8530587733854432,16
6377.0,0.024839743589743585,0.01789529914529914,,8,0.8530587733854432,16
6378.0,0.024839743589743585,0.01789529914529914,,8,0.8530587733854432,16
6379.0,0.024839743589743585,0.01789529914529914,,8,0.8530587733854432,16
6380.0,0.024839743589743585,0.01789529914529914,,8,0.8530587733854432,16
6381.0,0.024839743589743585,0.01789529914529914,,8,0.8530587733854432,16
6382.0,0.024839743589743585,0.01789529914529914,,8,0.8530587733854432,16
6383.0,0.024839743589743585,0.01789529914529914,,8,0.8530587733854432,16
6384.0,0.024839743589743585,0.01789529914529914,,8,0.8530587733854432,16
6385.0,0.024839743589743585,0.01789529914529914,,8,0.8530587733854432,16
6386.0,0.024839743589743585,0.01789529914529914,,8,0.8530587733854432,16
6387.0,0.024839743589743585,0.01789529914529914,,8,0.8530587733854432,16
6388.0,0.024839743589743585,0.01789529914529914,,8,0.8530587733854432,16
6389.0,0.024839743589743585,0.01789529914529914,,8,0.8530587733854432,16
6390.0,0.024839743589743585,0.01789529914529914,,8,0.8530587733854432,16
6391.0,0.024839743589743585,0.01789529914529914,,8,0.8530587733854432,16
6392.0,0.024839743589743585,0.01789529914529914,,8,0.8530587733854432,16
6393.0,0.024839743589743585,0.01789529914529914,,8,0.8530587733854432,16
6394.0,0.024839743589743585,0.01789529914529914,,8,0.8530587733854432,16
6395.0,0.024839743589743585,0.01789529914529914,,8,0.8530587733854432,16
6396.0,0.024839743589743585,0.01789529914529914,,8,0.8530587733854432,16
6397.0,0.024839743589743585,0.01789529914529914,,8,0.8530587733854432,16
6398.0,0.024839743589743585,0.01789529914529914,,8,0.8530587733854432,16
6399.0,0.024839743589743585,0.01789529914529914,,8,0.8530587733854432,16
6400.0,0.024839743589743585,0.01789529914529914,,8,0.8530587733854432,16
6401.0,0.024839743589743585,0.01789529914529914,,8,0.8530587733854432,16
6402.0,0.024839743589743585,0.01789529914529914,,8,0.8530587733854432,16
6403.0,0.024839743589743585,0.01789529914529914,,8,0.8530587733854432,16
6404.0,0.024839743589743585,0.01789529914529914,,8,0.8530587733854432,16
6405.0,0.024839743589743585,0.01789529914529914,,8,0.8530587733854432,16
6406.0,0.024839743589743585,0.01789529914529914,,8,0.8530587733854432,16
6407.0,0.024839743589743585,0.01789529914529914,,8,0.8530587733854432,16
6408.0,0.024839743589743585,0.01789529914529914,,8,0.8530587733854432,16
6409.0,0.024839743589743585,0.01789529914529914,,8,0.8530587733854432,16
6410.0,0.024839743589743585,0.01789529914529914,,8,0.8530587733854432,16
6411.0,0.024839743589743585,0.01789529914529914,,8,0.8530587733854432,16
6412.0,0.024839743589743585,0.01789529914529914,,8,0.8530587733854432,16
6413.0,0.024839743589743585,0.01789529914529914,,8,0.8530587733854432,16
6414.0,0.024839743589743585,0.01789529914529914,,8,0.8530587733854432,16
6415.0,0.024839743589743585,0.01789529914529914,,8,0.8530587733854432,16
6416.0,0.024839743589743585,0.01789529914529914,,8,0.8530587733854432,16
6417.0,0.024839743589743585,0.01789529914529914,,8,0.8530587733854432,16
6418.0,0.024839743589743585,0.01789529914529914,,8,0.8530587733854432,16
6419.0,0.024839743589743585,0.01789529914529914,,8,0.8530587733854432,16
6420.0,0.024839743589743585,0.01789529914529914,,8,0.8530587733854432,16
6421.0,0.024839743589743585,0.01789529914529914,,8,0.8530587733854432,16
6422.0,0.024839743589743585,0.01789529914529914,,8,0.8530587733854432,16
6423.0,0.024839743589743585,0.01789529914529914,,8,0.8530587733854432,16
6424.0,0.024839743589743585,0.01789529914529914,,8,0.8530587733854432,16
6425.0,0.024839743589743585,0.01789529914529914,,8,0.8530587733854432,16
6426.0,0.024839743589743585,0.01789529914529914,,8,0.8530587733854432,16
6427.0,0.024839743589743585,0.01789529914529914,,8,0.8530587733854432,16
6428.0,0.024839743589743585,0.01789529914529914,,8,0.8530587733854432,16
6429.0,0.024839743589743585,0.01789529914529914,,8,0.8530587733854432,16
6430.0,0.024839743589743585,0.01789529914529914,,8,0.8530587733854432,16
6431.0,0.024839743589743585,0.01789529914529914,,8,0.8530587733854432,16
6432.0,0.024839743589743585,0.01789529914529914,,8,0.8530587733854432,16
6433.0,0.024839743589743585,0.01789529914529914,,8,0.8530587733854432,16
6434.0,0.024839743589743585,0.01789529914529914,,8,0.8530587733854432,16
6435.0,0.024839743589743585,0.01789529914529914,,8,0.8530587733854432,16
6436.0,0.024839743589743585,0.01789529914529914,,8,0.8530587733854432,16
6437.0,0.024839743589743585,0.01789529914529914,,8,0.8530587733854432,16
6438.0,0.024839743589743585,0.01789529914529914,,8,0.8530587733854432,16
6439.0,0.024839743589743585,0.01789529914529914,,8,0.8530587733854432,16
6440.0,0.024839743589743585,0.01789529914529914,,8,0.8530587733854432,16
6441.0,0.024839743589743585,0.01789529914529914,,8,0.8530587733854432,16
6442.0,0.024839743589743585,0.01789529914529914,,8,0.8530587733854432,16
6443.0,0.024839743589743585,0.01789529914529914,,8,0.8530587733854432,16
6444.0,0.024839743589743585,0.01789529914529914,,8,0.8530587733854432,16
6445.0,0.024839743589743585,0.01789529914529914,,8,0.8530587733854432,16
6446.0,0.024839743589743585,0.01789529914529914,,8,0.8530587733854432,16
6447.0,0.024839743589743585,0.01789529914529914,,8,0.8530587733854432,16
6448.0,0.024839743589743585,0.01789529914529914,,8,0.8530587733854432,16
6449.0,0.024839743589743585,0.01789529914529914,,8,0.8530587733854432,16
6450.0,0.024839743589743585,0.01789529914529914,,8,0.8530587733854432,16
6451.0,0.024839743589743585,0.01789529914529914,,8,0.8530587733854432,16
6452.0,0.024839743589743585,0.01789529914529914,,8,0.8530587733854432,16
6453.0,0.024839743589743585,0.01789529914529914,,8,0.8530587733854432,16
6454.0,0.024839743589743585,0.01789529914529914,,8,0.8530587733854432,16
6455.0,0.024839743589743585,0.01789529914529914,,8,0.8530587733854432,16
6456.0,0.024839743589743585,0.01789529914529914,,8,0.8530587733854432,16
6457.0,0.024839743589743585,0.01789529914529914,,8,0.8530587733854432,16
6458.0,0.024839743589743585,0.01789529914529914,,8,0.8530587733854432,16
6459.0,0.024839743589743585,0.01789529914529914,,8,0.8530587733854432,16
6460.0,0.024839743589743585,0.01789529914529914,,8,0.8530587733854432,16
6461.0,0.024839743589743585,0.01789529914529914,,8,0.8530587733854432,16
6462.0,0.024839743589743585,0.01789529914529914,,8,0.8530587733854432,16
6463.0,0.024839743589743585,0.01789529914529914,,8,0.8530587733854432,16
6464.0,0.024839743589743585,0.01789529914529914,,8,0.8530587733854432,16
6465.0,0.024839743589743585,0.01789529914529914,,8,0.8530587733854432,16
6466.0,0.024839743589743585,0.01789529914529914,,8,0.8530587733854432,16
6467.0,0.024839743589743585,0.01789529914529914,,8,0.8530587733854432,16
6468.0,0.024839743589743585,0.01789529914529914,,8,0.8530587733854432,16
6469.0,0.024839743589743585,0.01789529914529914,,8,0.8530587733854432,16
6470.0,0.024839743589743585,0.01789529914529914,,8,0.8530587733854432,16
6471.0,0.024839743589743585,0.01789529914529914,,8,0.8530587733854432,16
6472.0,0.024839743589743585,0.01789529914529914,,8,0.8530587733854432,16
6473.0,0.024839743589743585,0.01789529914529914,,8,0.8530587733854432,16
6474.0,0.024839743589743585,0.01789529914529914,,8,0.8530587733854432,16
6475.0,0.024839743589743585,0.01789529914529914,,8,0.8530587733854432,16
6476.0,0.024839743589743585,0.01789529914529914,,8,0.8530587733854432,16
6477.0,0.024839743589743585,0.01789529914529914,,8,0.8530587733854432,16
6478.0,0.024839743589743585,0.01789529914529914,,8,0.8530587733854432,16
6479.0,0.024839743589743585,0.01789529914529914,,8,0.8530587733854432,16
6480.0,0.024839743589743585,0.01789529914529914,,8,0.8530587733854432,16
6481.0,0.024839743589743585,0.01789529914529914,,8,0.8530587733854432,16
6482.0,0.024839743589743585,0.01789529914529914,,8,0.8530587733854432,16
6483.0,0.024839743589743585,0.01789529914529914,,8,0.8530587733854432,16
6484.0,0.024839743589743585,0.01789529914529914,,8,0.8530587733854432,16
6485.0,0.024839743589743585,0.01789529914529914,,8,0.8530587733854432,16
6486.0,0.024839743589743585,0.01789529914529914,,8,0.8530587733854432,16
6487.0,0.024839743589743585,0.01789529914529914,,8,0.8530587733854432,16
6488.0,0.024839743589743585,0.01789529914529914,,8,0.8530587733854432,16
6489.0,0.024839743589743585,0.01789529914529914,,8,0.8530587733854432,16
6490.0,0.024839743589743585,0.01789529914529914,,8,0.8530587733854432,16
6491.0,0.024839743589743585,0.01789529914529914,,8,0.8530587733854432,16
6492.0,0.024839743589743585,0.01789529914529914,,8,0.8530587733854432,16
6493.0,0.024839743589743585,0.01789529914529914,,8,0.8530587733854432,16
6494.0,0.024839743589743585,0.01789529914529914,,8,0.8530587733854432,16
6495.0,0.024839743589743585,0.01789529914529914,,8,0.8530587733854432,16
6496.0,0.024839743589743585,0.01789529914529914,,8,0.8530587733854432,16
6497.0,0.024839743589743585,0.01789529914529914,,8,0.8530587733854432,16
6498.0,0.024839743589743585,0.01789529914529914,,8,0.8530587733854432,16
6499.0,0.024839743589743585,0.01789529914529914,,8,0.8530587733854432,16
6500.0,0.024839743589743585,0.01789529914529914,,8,0.8530587733854432,16
6501.0,0.024839743589743585,0.01789529914529914,,8,0.8530587733854432,16
6502.0,0.024839743589743585,0.01789529914529914,,8,0.8530587733854432,16
6503.0,0.024839743589743585,0.01789529914529914,,8,0.8530587733854432,16
6504.0,0.024839743589743585,0.01789529914529914,,8,0.8530587733854432,16
6505.0,0.024839743589743585,0.01789529914529914,,8,0.8530587733854432,16
6506.0,0.024839743589743585,0.01789529914529914,,8,0.8530587733854432,16
6507.0,0.024839743589743585,0.01789529914529914,,8,0.8530587733854432,16
6508.0,0.024839743589743585,0.01789529914529914,,8,0.8530587733854432,16
6509.0,0.024839743589743585,0.01789529914529914,,8,0.8530587733854432,16
6510.0,0.024839743589743585,0.01789529914529914,,8,0.8530587733854432,16
6511.0,0.024839743589743585,0.01789529914529914,,8,0.8530587733854432,16
6512.0,0.024839743589743585,0.01789529914529914,,8,0.8530587733854432,16
6513.0,0.024839743589743585,0.01789529914529914,,8,0.8530587733854432,16
6514.0,0.024839743589743585,0.01789529914529914,,8,0.8530587733854432,16
6515.0,0.024839743589743585,0.01789529914529914,,8,0.8530587733854432,16
6516.0,0.024839743589743585,0.01789529914529914,,8,0.8530587733854432,16
6517.0,0.024839743589743585,0.01789529914529914,,8,0.8530587733854432,16
6518.0,0.024839743589743585,0.01789529914529914,,8,0.8530587733854432,16
6519.0,0.024839743589743585,0.01789529914529914,,8,0.8530587733854432,16
6520.0,0.024839743589743585,0.01789529914529914,,8,0.8530587733854432,16
6521.0,0.024839743589743585,0.01789529914529914,,8,0.8530587733854432,16
6522.0,0.024839743589743585,0.01789529914529914,,8,0.8530587733854432,16
6523.0,0.024839743589743585,0.01789529914529914,,8,0.8530587733854432,16
6524.0,0.024839743589743585,0.01789529914529914,,8,0.8530587733854432,16
6525.0,0.024839743589743585,0.01789529914529914,,8,0.8530587733854432,16
6526.0,0.024839743589743585,0.01789529914529914,,8,0.8530587733854432,16
6527.0,0.024839743589743585,0.01789529914529914,,8,0.8530587733854432,16
6528.0,0.024839743589743585,0.01789529914529914,,8,0.8530587733854432,16
6529.0,0.024839743589743585,0.01789529914529914,,8,0.8530587733854432,16
6530.0,0.024839743589743585,0.01789529914529914,,8,0.8530587733854432,16
6531.0,0.024839743589743585,0.01789529914529914,,8,0.8530587733854432,16
6532.0,0.024839743589743585,0.01789529914529914,,8,0.8530587733854432,16
6533.0,0.024839743589743585,0.01789529914529914,,8,0.8530587733854432,16
6534.0,0.024839743589743585,0.01789529914529914,,8,0.8530587733854432,16
6535.0,0.024839743589743585,0.01789529914529914,,8,0.8530587733854432,16
6536.0,0.024839743589743585,0.01789529914529914,,8,0.8530587733854432,16
6537.0,0.024839743589743585,0.01789529914529914,,8,0.8530587733854432,16
6538.0,0.024839743589743585,0.01789529914529914,,8,0.8530587733854432,16
6539.0,0.024839743589743585,0.01789529914529914,,8,0.8530587733854432,16
6540.0,0.024839743589743585,0.01789529914529914,,8,0.8530587733854432,16
6541.0,0.024839743589743585,0.01789529914529914,,8,0.8530587733854432,16
6542.0,0.024839743589743585,0.01789529914529914,,8,0.8530587733854432,16
6543.0,0.024839743589743585,0.01789529914529914,,8,0.8530587733854432,16
6544.0,0.024839743589743585,0.01789529914529914,,8,0.8530587733854432,16
6545.0,0.024839743589743585,0.01789529914529914,,8,0.8530587733854432,16
6546.0,0.024839743589743585,0.01789529914529914,,8,0.8530587733854432,16
6547.0,0.024839743589743585,0.01789529914529914,,8,0.8530587733854432,16
6548.0,0.024839743589743585,0.01789529914529914,,8,0.8530587733854432,16
6549.0,0.024839743589743585,0.01789529914529914,,8,0.8530587733854432,16
6550.0,0.024839743589743585,0.01789529914529914,,8,0.8530587733854432,16
6551.0,0.024839743589743585,0.01789529914529914,,8,0.8530587733854432,16
6552.0,0.024839743589743585,0.01789529914529914,,8,0.8530587733854432,16
6553.0,0.024839743589743585,0.01789529914529914,,8,0.8530587733854432,16
6554.0,0.024839743589743585,0.01789529914529914,,8,0.8530587733854432,16
6555.0,0.024839743589743585,0.01789529914529914,,8,0.8530587733854432,16
6556.0,0.024839743589743585,0.01789529914529914,,8,0.8530587733854432,16
6557.0,0.024839743589743585,0.01789529914529914,,8,0.8530587733854432,16
6558.0,0.024839743589743585,0.01789529914529914,,8,0.8530587733854432,16
6559.0,0.024839743589743585,0.01789529914529914,,8,0.8530587733854432,16
6560.0,0.024839743589743585,0.01789529914529914,,8,0.8530587733854432,16
6561.0,0.024839743589743585,0.01789529914529914,,8,0.8530587733854432,16
6562.0,0.024839743589743585,0.01789529914529914,,8,0.8530587733854432,16
6563.0,0.024839743589743585,0.01789529914529914,,8,0.8530587733854432,16
6564.0,0.024839743589743585,0.01789529914529914,,8,0.8530587733854432,16
6565.0,0.024839743589743585,0.01789529914529914,,8,0.8530587733854432,16
6566.0,0.024839743589743585,0.01789529914529914,,8,0.8530587733854432,16
6567.0,0.024839743589743585,0.01789529914529914,,8,0.8530587733854432,16
6568.0,0.024839743589743585,0.01789529914529914,,8,0.8530587733854432,16
6569.0,0.024839743589743585,0.01789529914529914,,8,0.8530587733854432,16
6570.0,0.024839743589743585,0.01789529914529914,,8,0.8530587733854432,16
6571.0,0.024839743589743585,0.01789529914529914,,8,0.8530587733854432,16
6572.0,0.024839743589743585,0.01789529914529914,,8,0.8530587733854432,16
6573.0,0.024839743589743585,0.01789529914529914,,8,0.8530587733854432,16
6574.0,0.024839743589743585,0.01789529914529914,,8,0.8530587733854432,16
6575.0,0.024839743589743585,0.01789529914529914,,8,0.8530587733854432,16
6576.0,0.024839743589743585,0.01789529914529914,,8,0.8530587733854432,16
6577.0,0.024839743589743585,0.01789529914529914,,8,0.8530587733854432,16
6578.0,0.024839743589743585,0.01789529914529914,,8,0.8530587733854432,16
6579.0,0.024839743589743585,0.01789529914529914,,8,0.8530587733854432,16
6580.0,0.024839743589743585,0.01789529914529914,,8,0.8530587733854432,16
6581.0,0.024839743589743585,0.01789529914529914,,8,0.8530587733854432,16
6582.0,0.024839743589743585,0.01789529914529914,,8,0.8530587733854432,16
6583.0,0.024839743589743585,0.01789529914529914,,8,0.8530587733854432,16
6584.0,0.024839743589743585,0.01789529914529914,,8,0.8530587733854432,16
6585.0,0.024839743589743585,0.01789529914529914,,8,0.8530587733854432,16
6586.0,0.024839743589743585,0.01789529914529914,,8,0.8530587733854432,16
6587.0,0.024839743589743585,0.01789529914529914,,8,0.8530587733854432,16
6588.0,0.024839743589743585,0.01789529914529914,,8,0.8530587733854432,16
6589.0,0.024839743589743585,0.01789529914529914,,8,0.8530587733854432,16
6590.0,0.024839743589743585,0.01789529914529914,,8,0.8530587733854432,16
6591.0,0.024839743589743585,0.01789529914529914,,8,0.8530587733854432,16
6592.0,0.024839743589743585,0.01789529914529914,,8,0.8530587733854432,16
6593.0,0.024839743589743585,0.01789529914529914,,8,0.8530587733854432,16
6594.0,0.024839743589743585,0.01789529914529914,,8,0.8530587733854432,16
6595.0,0.024839743589743585,0.01789529914529914,,8,0.8530587733854432,16
6596.0,0.024839743589743585,0.01789529914529914,,8,0.8530587733854432,16
6597.0,0.024839743589743585,0.01789529914529914,,8,0.8530587733854432,16
6598.0,0.024839743589743585,0.01789529914529914,,8,0.8530587733854432,16
6599.0,0.024839743589743585,0.01789529914529914,,8,0.8530587733854432,16
6600.0,0.024839743589743585,0.01789529914529914,,8,0.8530587733854432,16
6601.0,0.024839743589743585,0.01789529914529914,,8,0.8530587733854432,16
6602.0,0.024839743589743585,0.01789529914529914,,8,0.8530587733854432,16
6603.0,0.024839743589743585,0.01789529914529914,,8,0.8530587733854432,16
6604.0,0.024839743589743585,0.01789529914529914,,8,0.8530587733854432,16
6605.0,0.024839743589743585,0.01789529914529914,,8,0.8530587733854432,16
6606.0,0.024839743589743585,0.01789529914529914,,8,0.8530587733854432,16
6607.0,0.024839743589743585,0.01789529914529914,,8,0.8530587733854432,16
6608.0,0.024839743589743585,0.01789529914529914,,8,0.8530587733854432,16
6609.0,0.024839743589743585,0.01789529914529914,,8,0.8530587733854432,16
6610.0,0.024839743589743585,0.01789529914529914,,8,0.8530587733854432,16
6611.0,0.024839743589743585,0.01789529914529914,,8,0.8530587733854432,16
6612.0,0.024839743589743585,0.01789529914529914,,8,0.8530587733854432,16
6613.0,0.024839743589743585,0.01789529914529914,,8,0.8530587733854432,16
6614.0,0.024839743589743585,0.01789529914529914,,8,0.8530587733854432,16
6615.0,0.024839743589743585,0.01789529914529914,,8,0.8530587733854432,16
6616.0,0.024839743589743585,0.01789529914529914,,8,0.8530587733854432,16
6617.0,0.024839743589743585,0.01789529914529914,,8,0.8530587733854432,16
6618.0,0.024839743589743585,0.01789529914529914,,8,0.8530587733854432,16
6619.0,0.024839743589743585,0.01789529914529914,,8,0.8530587733854432,16
6620.0,0.024839743589743585,0.01789529914529914,,8,0.8530587733854432,16
6621.0,0.024839743589743585,0.01789529914529914,,8,0.8530587733854432,16
6622.0,0.024839743589743585,0.01789529914529914,,8,0.8530587733854432,16
6623.0,0.024839743589743585,0.01789529914529914,,8,0.8530587733854432,16
6624.0,0.024839743589743585,0.01789529914529914,,8,0.8530587733854432,16
6625.0,0.024839743589743585,0.01789529914529914,,8,0.8530587733854432,16
6626.0,0.024839743589743585,0.01789529914529914,,8,0.8530587733854432,16
6627.0,0.024839743589743585,0.01789529914529914,,8,0.8530587733854432,16
6628.0,0.024839743589743585,0.01789529914529914,,8,0.8530587733854432,16
6629.0,0.024839743589743585,0.01789529914529914,,8,0.8530587733854432,16
6630.0,0.024839743589743585,0.01789529914529914,,8,0.8530587733854432,16
6631.0,0.024839743589743585,0.01789529914529914,,8,0.8530587733854432,16
6632.0,0.024839743589743585,0.01789529914529914,,8,0.8530587733854432,16
6633.0,0.024839743589743585,0.01789529914529914,,8,0.8530587733854432,16
6634.0,0.024839743589743585,0.01789529914529914,,8,0.8530587733854432,16
6635.0,0.024839743589743585,0.01789529914529914,,8,0.8530587733854432,16
6636.0,0.024839743589743585,0.01789529914529914,,8,0.8530587733854432,16
6637.0,0.024839743589743585,0.01789529914529914,,8,0.8530587733854432,16
6638.0,0.024839743589743585,0.01789529914529914,,8,0.8530587733854432,16
6639.0,0.024839743589743585,0.01789529914529914,,8,0.8530587733854432,16
6640.0,0.024839743589743585,0.01789529914529914,,8,0.8530587733854432,16
6641.0,0.024839743589743585,0.01789529914529914,,8,0.8530587733854432,16
6642.0,0.024839743589743585,0.01789529914529914,,8,0.8530587733854432,16
6643.0,0.024839743589743585,0.01789529914529914,,8,0.8530587733854432,16
6644.0,0.024839743589743585,0.01789529914529914,,8,0.8530587733854432,16
6645.0,0.024839743589743585,0.01789529914529914,,8,0.8530587733854432,16
6646.0,0.024839743589743585,0.01789529914529914,,8,0.8530587733854432,16
6647.0,0.024839743589743585,0.01789529914529914,,8,0.8530587733854432,16
6648.0,0.024839743589743585,0.01789529914529914,,8,0.8530587733854432,16
6649.0,0.024839743589743585,0.01789529914529914,,8,0.8530587733854432,16
6650.0,0.024839743589743585,0.01789529914529914,,8,0.8530587733854432,16
6651.0,0.024839743589743585,0.01789529914529914,,8,0.8530587733854432,16
6652.0,0.024839743589743585,0.01789529914529914,,8,0.8530587733854432,16
6653.0,0.024839743589743585,0.01789529914529914,,8,0.8530587733854432,16
6654.0,0.024839743589743585,0.01789529914529914,,8,0.8530587733854432,16
6655.0,0.024839743589743585,0.01789529914529914,,8,0.8530587733854432,16
6656.0,0.024839743589743585,0.01789529914529914,,8,0.8530587733854432,16
6657.0,0.024839743589743585,0.01789529914529914,,8,0.8530587733854432,16
6658.0,0.024839743589743585,0.01789529914529914,,8,0.8530587733854432,16
6659.0,0.024839743589743585,0.01789529914529914,,8,0.8530587733854432,16
6660.0,0.024839743589743585,0.01789529914529914,,8,0.8530587733854432,16
6661.0,0.024839743589743585,0.01789529914529914,,8,0.8530587733854432,16
6662.0,0.024839743589743585,0.01789529914529914,,8,0.8530587733854432,16
6663.0,0.024839743589743585,0.01789529914529914,,8,0.8530587733854432,16
6664.0,0.024839743589743585,0.01789529914529914,,8,0.8530587733854432,16
6665.0,0.024839743589743585,0.01789529914529914,,8,0.8530587733854432,16
6666.0,0.024839743589743585,0.01789529914529914,,8,0.8530587733854432,16
6667.0,0.024839743589743585,0.01789529914529914,,8,0.8530587733854432,16
6668.0,0.024839743589743585,0.01789529914529914,,8,0.8530587733854432,16
6669.0,0.024839743589743585,0.01789529914529914,,8,0.8530587733854432,16
6670.0,0.024839743589743585,0.01789529914529914,,8,0.8530587733854432,16
6671.0,0.024839743589743585,0.01789529914529914,,8,0.8530587733854432,16
6672.0,0.024839743589743585,0.01789529914529914,,8,0.8530587733854432,16
6673.0,0.024839743589743585,0.01789529914529914,,8,0.8530587733854432,16
6674.0,0.024839743589743585,0.01789529914529914,,8,0.8530587733854432,16
6675.0,0.024839743589743585,0.01789529914529914,,8,0.8530587733854432,16
6676.0,0.024839743589743585,0.01789529914529914,,8,0.8530587733854432,16
6677.0,0.024839743589743585,0.01789529914529914,,8,0.8530587733854432,16
6678.0,0.024839743589743585,0.01789529914529914,,8,0.8530587733854432,16
6679.0,0.024839743589743585,0.01789529914529914,,8,0.8530587733854432,16
6680.0,0.024839743589743585,0.01789529914529914,,8,0.8530587733854432,16
6681.0,0.024839743589743585,0.01789529914529914,,8,0.8530587733854432,16
6682.0,0.024839743589743585,0.01789529914529914,,8,0.8530587733854432,16
6683.0,0.024839743589743585,0.01789529914529914,,8,0.8530587733854432,16
6684.0,0.024839743589743585,0.01789529914529914,,8,0.8530587733854432,16
6685.0,0.024839743589743585,0.01789529914529914,,8,0.8530587733854432,16
6686.0,0.024839743589743585,0.01789529914529914,,8,0.8530587733854432,16
6687.0,0.024839743589743585,0.01789529914529914,,8,0.8530587733854432,16
6688.0,0.024839743589743585,0.01789529914529914,,8,0.8530587733854432,16
6689.0,0.024839743589743585,0.01789529914529914,,8,0.8530587733854432,16
6690.0,0.024839743589743585,0.01789529914529914,,8,0.8530587733854432,16
6691.0,0.024839743589743585,0.01789529914529914,,8,0.8530587733854432,16
6692.0,0.024839743589743585,0.01789529914529914,,8,0.8530587733854432,16
6693.0,0.024839743589743585,0.01789529914529914,,8,0.8530587733854432,16
6694.0,0.024839743589743585,0.01789529914529914,,8,0.8530587733854432,16
6695.0,0.024839743589743585,0.01789529914529914,,8,0.8530587733854432,16
6696.0,0.024839743589743585,0.01789529914529914,,8,0.8530587733854432,16
6697.0,0.024839743589743585,0.01789529914529914,,8,0.8530587733854432,16
6698.0,0.024839743589743585,0.01789529914529914,,8,0.8530587733854432,16
6699.0,0.024839743589743585,0.01789529914529914,,8,0.8530587733854432,16
6700.0,0.024839743589743585,0.01789529914529914,,8,0.8530587733854432,16
6701.0,0.024839743589743585,0.01789529914529914,,8,0.8530587733854432,16
6702.0,0.024839743589743585,0.01789529914529914,,8,0.8530587733854432,16
6703.0,0.024839743589743585,0.01789529914529914,,8,0.8530587733854432,16
6704.0,0.024839743589743585,0.01789529914529914,,8,0.8530587733854432,16
6705.0,0.024839743589743585,0.01789529914529914,,8,0.8530587733854432,16
6706.0,0.024839743589743585,0.01789529914529914,,8,0.8530587733854432,16
6707.0,0.024839743589743585,0.01789529914529914,,8,0.8530587733854432,16
6708.0,0.024839743589743585,0.01789529914529914,,8,0.8530587733854432,16
6709.0,0.024839743589743585,0.01789529914529914,,8,0.8530587733854432,16
6710.0,0.024839743589743585,0.01789529914529914,,8,0.8530587733854432,16
6711.0,0.024839743589743585,0.01789529914529914,,8,0.8530587733854432,16
6712.0,0.024839743589743585,0.01789529914529914,,8,0.8530587733854432,16
6713.0,0.024839743589743585,0.01789529914529914,,8,0.8530587733854432,16
6714.0,0.024839743589743585,0.01789529914529914,,8,0.8530587733854432,16
6715.0,0.024839743589743585,0.01789529914529914,,8,0.8530587733854432,16
6716.0,0.024839743589743585,0.01789529914529914,,8,0.8530587733854432,16
6717.0,0.024839743589743585,0.01789529914529914,,8,0.8530587733854432,16
6718.0,0.024839743589743585,0.01789529914529914,,8,0.8530587733854432,16
6719.0,0.024839743589743585,0.01789529914529914,,8,0.8530587733854432,16
6720.0,0.024839743589743585,0.01789529914529914,,8,0.8530587733854432,16
6721.0,0.024839743589743585,0.01789529914529914,,8,0.8530587733854432,16
6722.0,0.024839743589743585,0.01789529914529914,,8,0.8530587733854432,16
6723.0,0.024839743589743585,0.01789529914529914,,8,0.8530587733854432,16
6724.0,0.024839743589743585,0.01789529914529914,,8,0.8530587733854432,16
6725.0,0.024839743589743585,0.01789529914529914,,8,0.8530587733854432,16
6726.0,0.024839743589743585,0.01789529914529914,,8,0.8530587733854432,16
6727.0,0.024839743589743585,0.01789529914529914,,8,0.8530587733854432,16
6728.0,0.024839743589743585,0.01789529914529914,,8,0.8530587733854432,16
6729.0,0.024839743589743585,0.01789529914529914,,8,0.8530587733854432,16
6730.0,0.024839743589743585,0.01789529914529914,,8,0.8530587733854432,16
6731.0,0.024839743589743585,0.01789529914529914,,8,0.8530587733854432,16
6732.0,0.024839743589743585,0.01789529914529914,,8,0.8530587733854432,16
6733.0,0.024839743589743585,0.01789529914529914,,8,0.8530587733854432,16
6734.0,0.024839743589743585,0.01789529914529914,,8,0.8530587733854432,16
6735.0,0.024839743589743585,0.01789529914529914,,8,0.8530587733854432,16
6736.0,0.024839743589743585,0.01789529914529914,,8,0.8530587733854432,16
6737.0,0.024839743589743585,0.01789529914529914,,8,0.8530587733854432,16
6738.0,0.024839743589743585,0.01789529914529914,,8,0.8530587733854432,16
6739.0,0.024839743589743585,0.01789529914529914,,8,0.8530587733854432,16
6740.0,0.024839743589743585,0.01789529914529914,,8,0.8530587733854432,16
6741.0,0.024839743589743585,0.01789529914529914,,8,0.8530587733854432,16
6742.0,0.024839743589743585,0.01789529914529914,,8,0.8530587733854432,16
6743.0,0.024839743589743585,0.01789529914529914,,8,0.8530587733854432,16
6744.0,0.024839743589743585,0.01789529914529914,,8,0.8530587733854432,16
6745.0,0.024839743589743585,0.01789529914529914,,8,0.8530587733854432,16
6746.0,0.024839743589743585,0.01789529914529914,,8,0.8530587733854432,16
6747.0,0.024839743589743585,0.01789529914529914,,8,0.8530587733854432,16
6748.0,0.024839743589743585,0.01789529914529914,,8,0.8530587733854432,16
6749.0,0.024839743589743585,0.01789529914529914,,8,0.8530587733854432,16
6750.0,0.024839743589743585,0.01789529914529914,,8,0.8530587733854432,16
6751.0,0.024839743589743585,0.01789529914529914,,8,0.8530587733854432,16
6752.0,0.024839743589743585,0.01789529914529914,,8,0.8530587733854432,16
6753.0,0.024839743589743585,0.01789529914529914,,8,0.8530587733854432,16
6754.0,0.024839743589743585,0.01789529914529914,,8,0.8530587733854432,16
6755.0,0.024839743589743585,0.01789529914529914,,8,0.8530587733854432,16
6756.0,0.024839743589743585,0.01789529914529914,,8,0.8530587733854432,16
6757.0,0.024839743589743585,0.01789529914529914,,8,0.8530587733854432,16
6758.0,0.024839743589743585,0.01789529914529914,,8,0.8530587733854432,16
6759.0,0.024839743589743585,0.01789529914529914,,8,0.8530587733854432,16
6760.0,0.024839743589743585,0.01789529914529914,,8,0.8530587733854432,16
6761.0,0.024839743589743585,0.01789529914529914,,8,0.8530587733854432,16
6762.0,0.024839743589743585,0.01789529914529914,,8,0.8530587733854432,16
6763.0,0.024839743589743585,0.01789529914529914,,8,0.8530587733854432,16
6764.0,0.024839743589743585,0.01789529914529914,,8,0.8530587733854432,16
6765.0,0.024839743589743585,0.01789529914529914,,8,0.8530587733854432,16
6766.0,0.024839743589743585,0.01789529914529914,,8,0.8530587733854432,16
6767.0,0.024839743589743585,0.01789529914529914,,8,0.8530587733854432,16
6768.0,0.024839743589743585,0.01789529914529914,,8,0.8530587733854432,16
6769.0,0.024839743589743585,0.01789529914529914,,8,0.8530587733854432,16
6770.0,0.024839743589743585,0.01789529914529914,,8,0.8530587733854432,16
6771.0,0.024839743589743585,0.01789529914529914,,8,0.8530587733854432,16
6772.0,0.024839743589743585,0.01789529914529914,,8,0.8530587733854432,16
6773.0,0.024839743589743585,0.01789529914529914,,8,0.8530587733854432,16
6774.0,0.024839743589743585,0.01789529914529914,,8,0.8530587733854432,16
6775.0,0.024839743589743585,0.01789529914529914,,8,0.8530587733854432,16
6776.0,0.024839743589743585,0.01789529914529914,,8,0.8530587733854432,16
6777.0,0.024839743589743585,0.01789529914529914,,8,0.8530587733854432,16
6778.0,0.024839743589743585,0.01789529914529914,,8,0.8530587733854432,16
6779.0,0.024839743589743585,0.01789529914529914,,8,0.8530587733854432,16
6780.0,0.024839743589743585,0.01789529914529914,,8,0.8530587733854432,16
6781.0,0.024839743589743585,0.01789529914529914,,8,0.8530587733854432,16
6782.0,0.024839743589743585,0.01789529914529914,,8,0.8530587733854432,16
6783.0,0.024839743589743585,0.01789529914529914,,8,0.8530587733854432,16
6784.0,0.024839743589743585,0.01789529914529914,,8,0.8530587733854432,16
6785.0,0.024839743589743585,0.01789529914529914,,8,0.8530587733854432,16
6786.0,0.024839743589743585,0.01789529914529914,,8,0.8530587733854432,16
6787.0,0.024839743589743585,0.01789529914529914,,8,0.8530587733854432,16
6788.0,0.024839743589743585,0.01789529914529914,,8,0.8530587733854432,16
6789.0,0.024839743589743585,0.01789529914529914,,8,0.8530587733854432,16
6790.0,0.024839743589743585,0.01789529914529914,,8,0.8530587733854432,16
6791.0,0.024839743589743585,0.01789529914529914,,8,0.8530587733854432,16
6792.0,0.024839743589743585,0.01789529914529914,,8,0.8530587733854432,16
6793.0,0.024839743589743585,0.01789529914529914,,8,0.8530587733854432,16
6794.0,0.024839743589743585,0.01789529914529914,,8,0.8530587733854432,16
6795.0,0.024839743589743585,0.01789529914529914,,8,0.8530587733854432,16
6796.0,0.024839743589743585,0.01789529914529914,,8,0.8530587733854432,16
6797.0,0.024839743589743585,0.01789529914529914,,8,0.8530587733854432,16
6798.0,0.024839743589743585,0.01789529914529914,,8,0.8530587733854432,16
6799.0,0.024839743589743585,0.01789529914529914,,8,0.8530587733854432,16
6800.0,0.024839743589743585,0.01789529914529914,,8,0.8530587733854432,16
6801.0,0.024839743589743585,0.01789529914529914,,8,0.8530587733854432,16
6802.0,0.024839743589743585,0.01789529914529914,,8,0.8530587733854432,16
6803.0,0.024839743589743585,0.01789529914529914,,8,0.8530587733854432,16
6804.0,0.024839743589743585,0.01789529914529914,,8,0.8530587733854432,16
6805.0,0.024839743589743585,0.01789529914529914,,8,0.8530587733854432,16
6806.0,0.024839743589743585,0.01789529914529914,,8,0.8530587733854432,16
6807.0,0.024839743589743585,0.01789529914529914,,8,0.8530587733854432,16
6808.0,0.024839743589743585,0.01789529914529914,,8,0.8530587733854432,16
6809.0,0.024839743589743585,0.01789529914529914,,8,0.8530587733854432,16
6810.0,0.024839743589743585,0.01789529914529914,,8,0.8530587733854432,16
6811.0,0.024839743589743585,0.01789529914529914,,8,0.8530587733854432,16
6812.0,0.024839743589743585,0.01789529914529914,,8,0.8530587733854432,16
6813.0,0.024839743589743585,0.01789529914529914,,8,0.8530587733854432,16
6814.0,0.024839743589743585,0.01789529914529914,,8,0.8530587733854432,16
6815.0,0.024839743589743585,0.01789529914529914,,8,0.8530587733854432,16
6816.0,0.024839743589743585,0.01789529914529914,,8,0.8530587733854432,16
6817.0,0.024839743589743585,0.01789529914529914,,8,0.8530587733854432,16
6818.0,0.024839743589743585,0.01789529914529914,,8,0.8530587733854432,16
6819.0,0.024839743589743585,0.01789529914529914,,8,0.8530587733854432,16
6820.0,0.024839743589743585,0.01789529914529914,,8,0.8530587733854432,16
6821.0,0.024839743589743585,0.01789529914529914,,8,0.8530587733854432,16
6822.0,0.024839743589743585,0.01789529914529914,,8,0.8530587733854432,16
6823.0,0.024839743589743585,0.01789529914529914,,8,0.8530587733854432,16
6824.0,0.024839743589743585,0.01789529914529914,,8,0.8530587733854432,16
6825.0,0.024839743589743585,0.01789529914529914,,8,0.8530587733854432,16
6826.0,0.024839743589743585,0.01789529914529914,,8,0.8530587733854432,16
6827.0,0.024839743589743585,0.01789529914529914,,8,0.8530587733854432,16
6828.0,0.024839743589743585,0.01789529914529914,,8,0.8530587733854432,16
6829.0,0.024839743589743585,0.01789529914529914,,8,0.8530587733854432,16
6830.0,0.024839743589743585,0.01789529914529914,,8,0.8530587733854432,16
6831.0,0.024839743589743585,0.01789529914529914,,8,0.8530587733854432,16
6832.0,0.024839743589743585,0.01789529914529914,,8,0.8530587733854432,16
6833.0,0.024839743589743585,0.01789529914529914,,8,0.8530587733854432,16
6834.0,0.024839743589743585,0.01789529914529914,,8,0.8530587733854432,16
6835.0,0.024839743589743585,0.01789529914529914,,8,0.8530587733854432,16
6836.0,0.024839743589743585,0.01789529914529914,,8,0.8530587733854432,16
6837.0,0.024839743589743585,0.01789529914529914,,8,0.8530587733854432,16
6838.0,0.024839743589743585,0.01789529914529914,,8,0.8530587733854432,16
6839.0,0.024839743589743585,0.01789529914529914,,8,0.8530587733854432,16
6840.0,0.024839743589743585,0.01789529914529914,,8,0.8530587733854432,16
6841.0,0.024839743589743585,0.01789529914529914,,8,0.8530587733854432,16
6842.0,0.024839743589743585,0.01789529914529914,,8,0.8530587733854432,16
6843.0,0.024839743589743585,0.01789529914529914,,8,0.8530587733854432,16
6844.0,0.024839743589743585,0.01789529914529914,,8,0.8530587733854432,16
6845.0,0.024839743589743585,0.01789529914529914,,8,0.8530587733854432,16
6846.0,0.024839743589743585,0.01789529914529914,,8,0.8530587733854432,16
6847.0,0.024839743589743585,0.01789529914529914,,8,0.8530587733854432,16
6848.0,0.024839743589743585,0.01789529914529914,,8,0.8530587733854432,16
6849.0,0.024839743589743585,0.01789529914529914,,8,0.8530587733854432,16
6850.0,0.024839743589743585,0.01789529914529914,,8,0.8530587733854432,16
6851.0,0.024839743589743585,0.01789529914529914,,8,0.8530587733854432,16
6852.0,0.024839743589743585,0.01789529914529914,,8,0.8530587733854432,16
6853.0,0.024839743589743585,0.01789529914529914,,8,0.8530587733854432,16
6854.0,0.024839743589743585,0.01789529914529914,,8,0.8530587733854432,16
6855.0,0.024839743589743585,0.01789529914529914,,8,0.8530587733854432,16
6856.0,0.024839743589743585,0.01789529914529914,,8,0.8530587733854432,16
6857.0,0.024839743589743585,0.01789529914529914,,8,0.8530587733854432,16
6858.0,0.024839743589743585,0.01789529914529914,,8,0.8530587733854432,16
6859.0,0.024839743589743585,0.01789529914529914,,8,0.8530587733854432,16
6860.0,0.024839743589743585,0.01789529914529914,,8,0.8530587733854432,16
6861.0,0.024839743589743585,0.01789529914529914,,8,0.8530587733854432,16
6862.0,0.024839743589743585,0.01789529914529914,,8,0.8530587733854432,16
6863.0,0.024839743589743585,0.01789529914529914,,8,0.8530587733854432,16
6864.0,0.024839743589743585,0.01789529914529914,,8,0.8530587733854432,16
6865.0,0.024839743589743585,0.01789529914529914,,8,0.8530587733854432,16
6866.0,0.024839743589743585,0.01789529914529914,,8,0.8530587733854432,16
6867.0,0.024839743589743585,0.01789529914529914,,8,0.8530587733854432,16
6868.0,0.024839743589743585,0.01789529914529914,,8,0.8530587733854432,16
6869.0,0.024839743589743585,0.01789529914529914,,8,0.8530587733854432,16
6870.0,0.024839743589743585,0.01789529914529914,,8,0.8530587733854432,16
6871.0,0.024839743589743585,0.01789529914529914,,8,0.8530587733854432,16
6872.0,0.024839743589743585,0.01789529914529914,,8,0.8530587733854432,16
6873.0,0.024839743589743585,0.01789529914529914,,8,0.8530587733854432,16
6874.0,0.024839743589743585,0.01789529914529914,,8,0.8530587733854432,16
6875.0,0.024839743589743585,0.01789529914529914,,8,0.8530587733854432,16
6876.0,0.024839743589743585,0.01789529914529914,,8,0.8530587733854432,16
6877.0,0.024839743589743585,0.01789529914529914,,8,0.8530587733854432,16
6878.0,0.024839743589743585,0.01789529914529914,,8,0.8530587733854432,16
6879.0,0.024839743589743585,0.01789529914529914,,8,0.8530587733854432,16
6880.0,0.024839743589743585,0.01789529914529914,,8,0.8530587733854432,16
6881.0,0.024839743589743585,0.01789529914529914,,8,0.8530587733854432,16
6882.0,0.024839743589743585,0.01789529914529914,,8,0.8530587733854432,16
6883.0,0.024839743589743585,0.01789529914529914,,8,0.8530587733854432,16
6884.0,0.024839743589743585,0.01789529914529914,,8,0.8530587733854432,16
6885.0,0.024839743589743585,0.01789529914529914,,8,0.8530587733854432,16
6886.0,0.024839743589743585,0.01789529914529914,,8,0.8530587733854432,16
6887.0,0.024839743589743585,0.01789529914529914,,8,0.8530587733854432,16
6888.0,0.024839743589743585,0.01789529914529914,,8,0.8530587733854432,16
6889.0,0.024839743589743585,0.01789529914529914,,8,0.8530587733854432,16
6890.0,0.024839743589743585,0.01789529914529914,,8,0.8530587733854432,16
6891.0,0.024839743589743585,0.01789529914529914,,8,0.8530587733854432,16
6892.0,0.024839743589743585,0.01789529914529914,,8,0.8530587733854432,16
6893.0,0.024839743589743585,0.01789529914529914,,8,0.8530587733854432,16
6894.0,0.024839743589743585,0.01789529914529914,,8,0.8530587733854432,16
6895.0,0.024839743589743585,0.01789529914529914,,8,0.8530587733854432,16
6896.0,0.024839743589743585,0.01789529914529914,,8,0.8530587733854432,16
6897.0,0.024839743589743585,0.01789529914529914,,8,0.8530587733854432,16
6898.0,0.024839743589743585,0.01789529914529914,,8,0.8530587733854432,16
6899.0,0.024839743589743585,0.01789529914529914,,8,0.8530587733854432,16
6900.0,0.024839743589743585,0.01789529914529914,,8,0.8530587733854432,16
6901.0,0.024839743589743585,0.01789529914529914,,8,0.8530587733854432,16
6902.0,0.024839743589743585,0.01789529914529914,,8,0.8530587733854432,16
6903.0,0.024839743589743585,0.01789529914529914,,8,0.8530587733854432,16
6904.0,0.024839743589743585,0.01789529914529914,,8,0.8530587733854432,16
6905.0,0.024839743589743585,0.01789529914529914,,8,0.8530587733854432,16
6906.0,0.024839743589743585,0.01789529914529914,,8,0.8530587733854432,16
6907.0,0.024839743589743585,0.01789529914529914,,8,0.8530587733854432,16
6908.0,0.024839743589743585,0.01789529914529914,,8,0.8530587733854432,16
6909.0,0.024839743589743585,0.01789529914529914,,8,0.8530587733854432,16
6910.0,0.024839743589743585,0.01789529914529914,,8,0.8530587733854432,16
6911.0,0.024839743589743585,0.01789529914529914,,8,0.8530587733854432,16
6912.0,0.024839743589743585,0.01789529914529914,,8,0.8530587733854432,16
6913.0,0.024839743589743585,0.01789529914529914,,8,0.8530587733854432,16
6914.0,0.024839743589743585,0.01789529914529914,,8,0.8530587733854432,16
6915.0,0.024839743589743585,0.01789529914529914,,8,0.8530587733854432,16
6916.0,0.024839743589743585,0.01789529914529914,,8,0.8530587733854432,16
6917.0,0.024839743589743585,0.01789529914529914,,8,0.8530587733854432,16
6918.0,0.024839743589743585,0.01789529914529914,,8,0.8530587733854432,16
6919.0,0.024839743589743585,0.01789529914529914,,8,0.8530587733854432,16
6920.0,0.024839743589743585,0.01789529914529914,,8,0.8530587733854432,16
6921.0,0.024839743589743585,0.01789529914529914,,8,0.8530587733854432,16
6922.0,0.024839743589743585,0.01789529914529914,,8,0.8530587733854432,16
6923.0,0.024839743589743585,0.01789529914529914,,8,0.8530587733854432,16
6924.0,0.024839743589743585,0.01789529914529914,,8,0.8530587733854432,16
6925.0,0.024839743589743585,0.01789529914529914,,8,0.8530587733854432,16
6926.0,0.024839743589743585,0.01789529914529914,,8,0.8530587733854432,16
6927.0,0.024839743589743585,0.01789529914529914,,8,0.8530587733854432,16
6928.0,0.024839743589743585,0.01789529914529914,,8,0.8530587733854432,16
6929.0,0.024839743589743585,0.01789529914529914,,8,0.8530587733854432,16
6930.0,0.024839743589743585,0.01789529914529914,,8,0.8530587733854432,16
6931.0,0.024839743589743585,0.01789529914529914,,8,0.8530587733854432,16
6932.0,0.024839743589743585,0.01789529914529914,,8,0.8530587733854432,16
6933.0,0.024839743589743585,0.01789529914529914,,8,0.8530587733854432,16
6934.0,0.024839743589743585,0.01789529914529914,,8,0.8530587733854432,16
6935.0,0.024839743589743585,0.01789529914529914,,8,0.8530587733854432,16
6936.0,0.024839743589743585,0.01789529914529914,,8,0.8530587733854432,16
6937.0,0.024839743589743585,0.01789529914529914,,8,0.8530587733854432,16
6938.0,0.024839743589743585,0.01789529914529914,,8,0.8530587733854432,16
6939.0,0.024839743589743585,0.01789529914529914,,8,0.8530587733854432,16
6940.0,0.024839743589743585,0.01789529914529914,,8,0.8530587733854432,16
6941.0,0.024839743589743585,0.01789529914529914,,8,0.8530587733854432,16
6942.0,0.024839743589743585,0.01789529914529914,,8,0.8530587733854432,16
6943.0,0.024839743589743585,0.01789529914529914,,8,0.8530587733854432,16
6944.0,0.024839743589743585,0.01789529914529914,,8,0.8530587733854432,16
6945.0,0.024839743589743585,0.01789529914529914,,8,0.8530587733854432,16
6946.0,0.024839743589743585,0.01789529914529914,,8,0.8530587733854432,16
6947.0,0.024839743589743585,0.01789529914529914,,8,0.8530587733854432,16
6948.0,0.024839743589743585,0.01789529914529914,,8,0.8530587733854432,16
6949.0,0.024839743589743585,0.01789529914529914,,8,0.8530587733854432,16
6950.0,0.024839743589743585,0.01789529914529914,,8,0.8530587733854432,16
6951.0,0.024839743589743585,0.01789529914529914,,8,0.8530587733854432,16
6952.0,0.024839743589743585,0.01789529914529914,,8,0.8530587733854432,16
6953.0,0.024839743589743585,0.01789529914529914,,8,0.8530587733854432,16
6954.0,0.024839743589743585,0.01789529914529914,,8,0.8530587733854432,16
6955.0,0.024839743589743585,0.01789529914529914,,8,0.8530587733854432,16
6956.0,0.024839743589743585,0.01789529914529914,,8,0.8530587733854432,16
6957.0,0.024839743589743585,0.01789529914529914,,8,0.8530587733854432,16
6958.0,0.024839743589743585,0.01789529914529914,,8,0.8530587733854432,16
6959.0,0.024839743589743585,0.01789529914529914,,8,0.8530587733854432,16
6960.0,0.024839743589743585,0.01789529914529914,,8,0.8530587733854432,16
6961.0,0.024839743589743585,0.01789529914529914,,8,0.8530587733854432,16
6962.0,0.024839743589743585,0.01789529914529914,,8,0.8530587733854432,16
6963.0,0.024839743589743585,0.01789529914529914,,8,0.8530587733854432,16
6964.0,0.024839743589743585,0.01789529914529914,,8,0.8530587733854432,16
6965.0,0.024839743589743585,0.01789529914529914,,8,0.8530587733854432,16
6966.0,0.024839743589743585,0.01789529914529914,,8,0.8530587733854432,16
6967.0,0.024839743589743585,0.01789529914529914,,8,0.8530587733854432,16
6968.0,0.024839743589743585,0.01789529914529914,,8,0.8530587733854432,16
6969.0,0.024839743589743585,0.01789529914529914,,8,0.8530587733854432,16
6970.0,0.024839743589743585,0.01789529914529914,,8,0.8530587733854432,16
6971.0,0.024839743589743585,0.01789529914529914,,8,0.8530587733854432,16
6972.0,0.024839743589743585,0.01789529914529914,,8,0.8530587733854432,16
6973.0,0.024839743589743585,0.01789529914529914,,8,0.8530587733854432,16
6974.0,0.024839743589743585,0.01789529914529914,,8,0.8530587733854432,16
6975.0,0.024839743589743585,0.01789529914529914,,8,0.8530587733854432,16
6976.0,0.024839743589743585,0.01789529914529914,,8,0.8530587733854432,16
6977.0,0.024839743589743585,0.01789529914529914,,8,0.8530587733854432,16
6978.0,0.024839743589743585,0.01789529914529914,,8,0.8530587733854432,16
6979.0,0.024839743589743585,0.01789529914529914,,8,0.8530587733854432,16
6980.0,0.024839743589743585,0.01789529914529914,,8,0.8530587733854432,16
6981.0,0.024839743589743585,0.01789529914529914,,8,0.8530587733854432,16
6982.0,0.024839743589743585,0.01789529914529914,,8,0.8530587733854432,16
6983.0,0.024839743589743585,0.01789529914529914,,8,0.8530587733854432,16
6984.0,0.024839743589743585,0.01789529914529914,,8,0.8530587733854432,16
6985.0,0.024839743589743585,0.01789529914529914,,8,0.8530587733854432,16
6986.0,0.024839743589743585,0.01789529914529914,,8,0.8530587733854432,16
6987.0,0.024839743589743585,0.01789529914529914,,8,0.8530587733854432,16
6988.0,0.024839743589743585,0.01789529914529914,,8,0.8530587733854432,16
6989.0,0.024839743589743585,0.01789529914529914,,8,0.8530587733854432,16
6990.0,0.024839743589743585,0.01789529914529914,,8,0.8530587733854432,16
6991.0,0.024839743589743585,0.01789529914529914,,8,0.8530587733854432,16
6992.0,0.024839743589743585,0.01789529914529914,,8,0.8530587733854432,16
6993.0,0.024839743589743585,0.01789529914529914,,8,0.8530587733854432,16
6994.0,0.024839743589743585,0.01789529914529914,,8,0.8530587733854432,16
6995.0,0.024839743589743585,0.01789529914529914,,8,0.8530587733854432,16
6996.0,0.024839743589743585,0.01789529914529914,,8,0.8530587733854432,16
6997.0,0.024839743589743585,0.01789529914529914,,8,0.8530587733854432,16
6998.0,0.024839743589743585,0.01789529914529914,,8,0.8530587733854432,16
6999.0,0.024839743589743585,0.01789529914529914,,8,0.8530587733854432,16
7000.0,0.024839743589743585,0.01789529914529914,,8,0.8530587733854432,16
7001.0,0.024839743589743585,0.01789529914529914,,8,0.8530587733854432,16
7002.0,0.024839743589743585,0.01789529914529914,,8,0.8530587733854432,16
7003.0,0.024839743589743585,0.01789529914529914,,8,0.8530587733854432,16
7004.0,0.024839743589743585,0.01789529914529914,,8,0.8530587733854432,16
7005.0,0.024839743589743585,0.01789529914529914,,8,0.8530587733854432,16
7006.0,0.024839743589743585,0.01789529914529914,,8,0.8530587733854432,16
7007.0,0.024839743589743585,0.01789529914529914,,8,0.8530587733854432,16
7008.0,0.024839743589743585,0.01789529914529914,,8,0.8530587733854432,16
7009.0,0.024839743589743585,0.01789529914529914,,8,0.8530587733854432,16
7010.0,0.024839743589743585,0.01789529914529914,,8,0.8530587733854432,16
7011.0,0.024839743589743585,0.01789529914529914,,8,0.8530587733854432,16
7012.0,0.024839743589743585,0.01789529914529914,,8,0.8530587733854432,16
7013.0,0.024839743589743585,0.01789529914529914,,8,0.8530587733854432,16
7014.0,0.024839743589743585,0.01789529914529914,,8,0.8530587733854432,16
7015.0,0.024839743589743585,0.01789529914529914,,8,0.8530587733854432,16
7016.0,0.024839743589743585,0.01789529914529914,,8,0.8530587733854432,16
7017.0,0.024839743589743585,0.01789529914529914,,8,0.8530587733854432,16
7018.0,0.024839743589743585,0.01789529914529914,,8,0.8530587733854432,16
7019.0,0.024839743589743585,0.01789529914529914,,8,0.8530587733854432,16
7020.0,0.024839743589743585,0.01789529914529914,,8,0.8530587733854432,16
7021.0,0.024839743589743585,0.01789529914529914,,8,0.8530587733854432,16
7022.0,0.024839743589743585,0.01789529914529914,,8,0.8530587733854432,16
7023.0,0.024839743589743585,0.01789529914529914,,8,0.8530587733854432,16
7024.0,0.024839743589743585,0.01789529914529914,,8,0.8530587733854432,16
7025.0,0.024839743589743585,0.01789529914529914,,8,0.8530587733854432,16
7026.0,0.024839743589743585,0.01789529914529914,,8,0.8530587733854432,16
7027.0,0.024839743589743585,0.01789529914529914,,8,0.8530587733854432,16
7028.0,0.024839743589743585,0.01789529914529914,,8,0.8530587733854432,16
7029.0,0.024839743589743585,0.01789529914529914,,8,0.8530587733854432,16
7030.0,0.024839743589743585,0.01789529914529914,,8,0.8530587733854432,16
7031.0,0.024839743589743585,0.01789529914529914,,8,0.8530587733854432,16
7032.0,0.024839743589743585,0.01789529914529914,,8,0.8530587733854432,16
7033.0,0.024839743589743585,0.01789529914529914,,8,0.8530587733854432,16
7034.0,0.024839743589743585,0.01789529914529914,,8,0.8530587733854432,16
7035.0,0.024839743589743585,0.01789529914529914,,8,0.8530587733854432,16
7036.0,0.024839743589743585,0.01789529914529914,,8,0.8530587733854432,16
7037.0,0.024839743589743585,0.01789529914529914,,8,0.8530587733854432,16
7038.0,0.024839743589743585,0.01789529914529914,,8,0.8530587733854432,16
7039.0,0.024839743589743585,0.01789529914529914,,8,0.8530587733854432,16
7040.0,0.024839743589743585,0.01789529914529914,,8,0.8530587733854432,16
7041.0,0.024839743589743585,0.01789529914529914,,8,0.8530587733854432,16
7042.0,0.024839743589743585,0.01789529914529914,,8,0.8530587733854432,16
7043.0,0.024839743589743585,0.01789529914529914,,8,0.8530587733854432,16
7044.0,0.024839743589743585,0.01789529914529914,,8,0.8530587733854432,16
7045.0,0.024839743589743585,0.01789529914529914,,8,0.8530587733854432,16
7046.0,0.024839743589743585,0.01789529914529914,,8,0.8530587733854432,16
7047.0,0.024839743589743585,0.01789529914529914,,8,0.8530587733854432,16
7048.0,0.024839743589743585,0.01789529914529914,,8,0.8530587733854432,16
7049.0,0.024839743589743585,0.01789529914529914,,8,0.8530587733854432,16
7050.0,0.024839743589743585,0.01789529914529914,,8,0.8530587733854432,16
7051.0,0.024839743589743585,0.01789529914529914,,8,0.8530587733854432,16
7052.0,0.024839743589743585,0.01789529914529914,,8,0.8530587733854432,16
7053.0,0.024839743589743585,0.01789529914529914,,8,0.8530587733854432,16
7054.0,0.024839743589743585,0.01789529914529914,,8,0.8530587733854432,16
7055.0,0.024839743589743585,0.01789529914529914,,8,0.8530587733854432,16
7056.0,0.024839743589743585,0.01789529914529914,,8,0.8530587733854432,16
7057.0,0.024839743589743585,0.01789529914529914,,8,0.8530587733854432,16
7058.0,0.024839743589743585,0.01789529914529914,,8,0.8530587733854432,16
7059.0,0.024839743589743585,0.01789529914529914,,8,0.8530587733854432,16
7060.0,0.024839743589743585,0.01789529914529914,,8,0.8530587733854432,16
7061.0,0.024839743589743585,0.01789529914529914,,8,0.8530587733854432,16
7062.0,0.024839743589743585,0.01789529914529914,,8,0.8530587733854432,16
7063.0,0.024839743589743585,0.01789529914529914,,8,0.8530587733854432,16
7064.0,0.024839743589743585,0.01789529914529914,,8,0.8530587733854432,16
7065.0,0.024839743589743585,0.01789529914529914,,8,0.8530587733854432,16
7066.0,0.024839743589743585,0.01789529914529914,,8,0.8530587733854432,16
7067.0,0.024839743589743585,0.01789529914529914,,8,0.8530587733854432,16
7068.0,0.024839743589743585,0.01789529914529914,,8,0.8530587733854432,16
7069.0,0.024839743589743585,0.01789529914529914,,8,0.8530587733854432,16
7070.0,0.024839743589743585,0.01789529914529914,,8,0.8530587733854432,16
7071.0,0.024839743589743585,0.01789529914529914,,8,0.8530587733854432,16
7072.0,0.024839743589743585,0.01789529914529914,,8,0.8530587733854432,16
7073.0,0.024839743589743585,0.01789529914529914,,8,0.8530587733854432,16
7074.0,0.024839743589743585,0.01789529914529914,,8,0.8530587733854432,16
7075.0,0.024839743589743585,0.01789529914529914,,8,0.8530587733854432,16
7076.0,0.024839743589743585,0.01789529914529914,,8,0.8530587733854432,16
7077.0,0.024839743589743585,0.01789529914529914,,8,0.8530587733854432,16
7078.0,0.024839743589743585,0.01789529914529914,,8,0.8530587733854432,16
7079.0,0.024839743589743585,0.01789529914529914,,8,0.8530587733854432,16
7080.0,0.024839743589743585,0.01789529914529914,,8,0.8530587733854432,16
7081.0,0.024839743589743585,0.01789529914529914,,8,0.8530587733854432,16
7082.0,0.024839743589743585,0.01789529914529914,,8,0.8530587733854432,16
7083.0,0.024839743589743585,0.01789529914529914,,8,0.8530587733854432,16
7084.0,0.024839743589743585,0.01789529914529914,,8,0.8530587733854432,16
7085.0,0.024839743589743585,0.01789529914529914,,8,0.8530587733854432,16
7086.0,0.024839743589743585,0.01789529914529914,,8,0.8530587733854432,16
7087.0,0.024839743589743585,0.01789529914529914,,8,0.8530587733854432,16
7088.0,0.024839743589743585,0.01789529914529914,,8,0.8530587733854432,16
7089.0,0.024839743589743585,0.01789529914529914,,8,0.8530587733854432,16
7090.0,0.024839743589743585,0.01789529914529914,,8,0.8530587733854432,16
7091.0,0.024839743589743585,0.01789529914529914,,8,0.8530587733854432,16
7092.0,0.024839743589743585,0.01789529914529914,,8,0.8530587733854432,16
7093.0,0.024839743589743585,0.01789529914529914,,8,0.8530587733854432,16
7094.0,0.024839743589743585,0.01789529914529914,,8,0.8530587733854432,16
7095.0,0.024839743589743585,0.01789529914529914,,8,0.8530587733854432,16
7096.0,0.024839743589743585,0.01789529914529914,,8,0.8530587733854432,16
7097.0,0.024839743589743585,0.01789529914529914,,8,0.8530587733854432,16
7098.0,0.024839743589743585,0.01789529914529914,,8,0.8530587733854432,16
7099.0,0.024839743589743585,0.01789529914529914,,8,0.8530587733854432,16
7100.0,0.024839743589743585,0.01789529914529914,,8,0.8530587733854432,16
7101.0,0.024839743589743585,0.01789529914529914,,8,0.8530587733854432,16
7102.0,0.024839743589743585,0.01789529914529914,,8,0.8530587733854432,16
7103.0,0.024839743589743585,0.01789529914529914,,8,0.8530587733854432,16
7104.0,0.024839743589743585,0.01789529914529914,,8,0.8530587733854432,16
7105.0,0.024839743589743585,0.01789529914529914,,8,0.8530587733854432,16
7106.0,0.024839743589743585,0.01789529914529914,,8,0.8530587733854432,16
7107.0,0.024839743589743585,0.01789529914529914,,8,0.8530587733854432,16
7108.0,0.024839743589743585,0.01789529914529914,,8,0.8530587733854432,16
7109.0,0.024839743589743585,0.01789529914529914,,8,0.8530587733854432,16
7110.0,0.024839743589743585,0.01789529914529914,,8,0.8530587733854432,16
7111.0,0.024839743589743585,0.01789529914529914,,8,0.8530587733854432,16
7112.0,0.024839743589743585,0.01789529914529914,,8,0.8530587733854432,16
7113.0,0.024839743589743585,0.01789529914529914,,8,0.8530587733854432,16
7114.0,0.024839743589743585,0.01789529914529914,,8,0.8530587733854432,16
7115.0,0.024839743589743585,0.01789529914529914,,8,0.8530587733854432,16
7116.0,0.024839743589743585,0.01789529914529914,,8,0.8530587733854432,16
7117.0,0.024839743589743585,0.01789529914529914,,8,0.8530587733854432,16
7118.0,0.024839743589743585,0.01789529914529914,,8,0.8530587733854432,16
7119.0,0.024839743589743585,0.01789529914529914,,8,0.8530587733854432,16
7120.0,0.024839743589743585,0.01789529914529914,,8,0.8530587733854432,16
7121.0,0.024839743589743585,0.01789529914529914,,8,0.8530587733854432,16
7122.0,0.024839743589743585,0.01789529914529914,,8,0.8530587733854432,16
7123.0,0.024839743589743585,0.01789529914529914,,8,0.8530587733854432,16
7124.0,0.024839743589743585,0.01789529914529914,,8,0.8530587733854432,16
7125.0,0.024839743589743585,0.01789529914529914,,8,0.8530587733854432,16
7126.0,0.024839743589743585,0.01789529914529914,,8,0.8530587733854432,16
7127.0,0.024839743589743585,0.01789529914529914,,8,0.8530587733854432,16
7128.0,0.024839743589743585,0.01789529914529914,,8,0.8530587733854432,16
7129.0,0.024839743589743585,0.01789529914529914,,8,0.8530587733854432,16
7130.0,0.024839743589743585,0.01789529914529914,,8,0.8530587733854432,16
7131.0,0.024839743589743585,0.01789529914529914,,8,0.8530587733854432,16
7132.0,0.024839743589743585,0.01789529914529914,,8,0.8530587733854432,16
7133.0,0.024839743589743585,0.01789529914529914,,8,0.8530587733854432,16
7134.0,0.024839743589743585,0.01789529914529914,,8,0.8530587733854432,16
7135.0,0.024839743589743585,0.01789529914529914,,8,0.8530587733854432,16
7136.0,0.024839743589743585,0.01789529914529914,,8,0.8530587733854432,16
7137.0,0.024839743589743585,0.01789529914529914,,8,0.8530587733854432,16
7138.0,0.024839743589743585,0.01789529914529914,,8,0.8530587733854432,16
7139.0,0.024839743589743585,0.01789529914529914,,8,0.8530587733854432,16
7140.0,0.024839743589743585,0.01789529914529914,,8,0.8530587733854432,16
7141.0,0.024839743589743585,0.01789529914529914,,8,0.8530587733854432,16
7142.0,0.024839743589743585,0.01789529914529914,,8,0.8530587733854432,16
7143.0,0.024839743589743585,0.01789529914529914,,8,0.8530587733854432,16
7144.0,0.024839743589743585,0.01789529914529914,,8,0.8530587733854432,16
7145.0,0.024839743589743585,0.01789529914529914,,8,0.8530587733854432,16
7146.0,0.024839743589743585,0.01789529914529914,,8,0.8530587733854432,16
7147.0,0.024839743589743585,0.01789529914529914,,8,0.8530587733854432,16
7148.0,0.024839743589743585,0.01789529914529914,,8,0.8530587733854432,16
7149.0,0.024839743589743585,0.01789529914529914,,8,0.8530587733854432,16
7150.0,0.024839743589743585,0.01789529914529914,,8,0.8530587733854432,16
7151.0,0.024839743589743585,0.01789529914529914,,8,0.8530587733854432,16
7152.0,0.024839743589743585,0.01789529914529914,,8,0.8530587733854432,16
7153.0,0.024839743589743585,0.01789529914529914,,8,0.8530587733854432,16
7154.0,0.024839743589743585,0.01789529914529914,,8,0.8530587733854432,16
7155.0,0.024839743589743585,0.01789529914529914,,8,0.8530587733854432,16
7156.0,0.024839743589743585,0.01789529914529914,,8,0.8530587733854432,16
7157.0,0.024839743589743585,0.01789529914529914,,8,0.8530587733854432,16
7158.0,0.024839743589743585,0.01789529914529914,,8,0.8530587733854432,16
7159.0,0.024839743589743585,0.01789529914529914,,8,0.8530587733854432,16
7160.0,0.024839743589743585,0.01789529914529914,,8,0.8530587733854432,16
7161.0,0.024839743589743585,0.01789529914529914,,8,0.8530587733854432,16
7162.0,0.024839743589743585,0.01789529914529914,,8,0.8530587733854432,16
7163.0,0.024839743589743585,0.01789529914529914,,8,0.8530587733854432,16
7164.0,0.024839743589743585,0.01789529914529914,,8,0.8530587733854432,16
7165.0,0.024839743589743585,0.01789529914529914,,8,0.8530587733854432,16
7166.0,0.024839743589743585,0.01789529914529914,,8,0.8530587733854432,16
7167.0,0.024839743589743585,0.01789529914529914,,8,0.8530587733854432,16
7168.0,0.024839743589743585,0.01789529914529914,,8,0.8530587733854432,16
7169.0,0.024839743589743585,0.01789529914529914,,8,0.8530587733854432,16
7170.0,0.024839743589743585,0.01789529914529914,,8,0.8530587733854432,16
7171.0,0.024839743589743585,0.01789529914529914,,8,0.8530587733854432,16
7172.0,0.024839743589743585,0.01789529914529914,,8,0.8530587733854432,16
7173.0,0.024839743589743585,0.01789529914529914,,8,0.8530587733854432,16
7174.0,0.024839743589743585,0.01789529914529914,,8,0.8530587733854432,16
7175.0,0.024839743589743585,0.01789529914529914,,8,0.8530587733854432,16
7176.0,0.024839743589743585,0.01789529914529914,,8,0.8530587733854432,16
7177.0,0.024839743589743585,0.01789529914529914,,8,0.8530587733854432,16
7178.0,0.024839743589743585,0.01789529914529914,,8,0.8530587733854432,16
7179.0,0.024839743589743585,0.01789529914529914,,8,0.8530587733854432,16
7180.0,0.024839743589743585,0.01789529914529914,,8,0.8530587733854432,16
7181.0,0.024839743589743585,0.01789529914529914,,8,0.8530587733854432,16
7182.0,0.024839743589743585,0.01789529914529914,,8,0.8530587733854432,16
7183.0,0.024839743589743585,0.01789529914529914,,8,0.8530587733854432,16
7184.0,0.024839743589743585,0.01789529914529914,,8,0.8530587733854432,16
7185.0,0.024839743589743585,0.01789529914529914,,8,0.8530587733854432,16
7186.0,0.024839743589743585,0.01789529914529914,,8,0.8530587733854432,16
7187.0,0.024839743589743585,0.01789529914529914,,8,0.8530587733854432,16
7188.0,0.024839743589743585,0.01789529914529914,,8,0.8530587733854432,16
7189.0,0.024839743589743585,0.01789529914529914,,8,0.8530587733854432,16
7190.0,0.024839743589743585,0.01789529914529914,,8,0.8530587733854432,16
7191.0,0.024839743589743585,0.01789529914529914,,8,0.8530587733854432,16
7192.0,0.024839743589743585,0.01789529914529914,,8,0.8530587733854432,16
7193.0,0.024839743589743585,0.01789529914529914,,8,0.8530587733854432,16
7194.0,0.024839743589743585,0.01789529914529914,,8,0.8530587733854432,16
7195.0,0.024839743589743585,0.01789529914529914,,8,0.8530587733854432,16
7196.0,0.024839743589743585,0.01789529914529914,,8,0.8530587733854432,16
7197.0,0.024839743589743585,0.01789529914529914,,8,0.8530587733854432,16
7198.0,0.024839743589743585,0.01789529914529914,,8,0.8530587733854432,16
7199.0,0.024839743589743585,0.01789529914529914,,8,0.8530587733854432,16
7200.0,0.024839743589743585,0.01789529914529914,,8,0.8530587733854432,16
7201.0,0.024839743589743585,0.01789529914529914,,8,0.8530587733854432,16
7202.0,0.024839743589743585,0.01789529914529914,,8,0.8530587733854432,16
7203.0,0.024839743589743585,0.01789529914529914,,8,0.8530587733854432,16
7204.0,0.024839743589743585,0.01789529914529914,,8,0.8530587733854432,16
7205.0,0.024839743589743585,0.01789529914529914,,8,0.8530587733854432,16
7206.0,0.024839743589743585,0.01789529914529914,,8,0.8530587733854432,16
7207.0,0.024839743589743585,0.01789529914529914,,8,0.8530587733854432,16
7208.0,0.024839743589743585,0.01789529914529914,,8,0.8530587733854432,16
7209.0,0.024839743589743585,0.01789529914529914,,8,0.8530587733854432,16
7210.0,0.024839743589743585,0.01789529914529914,,8,0.8530587733854432,16
7211.0,0.024839743589743585,0.01789529914529914,,8,0.8530587733854432,16
7212.0,0.024839743589743585,0.01789529914529914,,8,0.8530587733854432,16
7213.0,0.024839743589743585,0.01789529914529914,,8,0.8530587733854432,16
7214.0,0.024839743589743585,0.01789529914529914,,8,0.8530587733854432,16
7215.0,0.024839743589743585,0.01789529914529914,,8,0.8530587733854432,16
7216.0,0.024839743589743585,0.01789529914529914,,8,0.8530587733854432,16
7217.0,0.024839743589743585,0.01789529914529914,,8,0.8530587733854432,16
7218.0,0.024839743589743585,0.01789529914529914,,8,0.8530587733854432,16
7219.0,0.024839743589743585,0.01789529914529914,,8,0.8530587733854432,16
7220.0,0.024839743589743585,0.01789529914529914,,8,0.8530587733854432,16
7221.0,0.024839743589743585,0.01789529914529914,,8,0.8530587733854432,16
7222.0,0.024839743589743585,0.01789529914529914,,8,0.8530587733854432,16
7223.0,0.024839743589743585,0.01789529914529914,,8,0.8530587733854432,16
7224.0,0.024839743589743585,0.01789529914529914,,8,0.8530587733854432,16
7225.0,0.024839743589743585,0.01789529914529914,,8,0.8530587733854432,16
7226.0,0.024839743589743585,0.01789529914529914,,8,0.8530587733854432,16
7227.0,0.024839743589743585,0.01789529914529914,,8,0.8530587733854432,16
7228.0,0.024839743589743585,0.01789529914529914,,8,0.8530587733854432,16
7229.0,0.024839743589743585,0.01789529914529914,,8,0.8530587733854432,16
7230.0,0.024839743589743585,0.01789529914529914,,8,0.8530587733854432,16
7231.0,0.024839743589743585,0.01789529914529914,,8,0.8530587733854432,16
7232.0,0.024839743589743585,0.01789529914529914,,8,0.8530587733854432,16
7233.0,0.024839743589743585,0.01789529914529914,,8,0.8530587733854432,16
7234.0,0.024839743589743585,0.01789529914529914,,8,0.8530587733854432,16
7235.0,0.024839743589743585,0.01789529914529914,,8,0.8530587733854432,16
7236.0,0.024839743589743585,0.01789529914529914,,8,0.8530587733854432,16
7237.0,0.024839743589743585,0.01789529914529914,,8,0.8530587733854432,16
7238.0,0.024839743589743585,0.01789529914529914,,8,0.8530587733854432,16
7239.0,0.024839743589743585,0.01789529914529914,,8,0.8530587733854432,16
7240.0,0.024839743589743585,0.01789529914529914,,8,0.8530587733854432,16
7241.0,0.024839743589743585,0.01789529914529914,,8,0.8530587733854432,16
7242.0,0.024839743589743585,0.01789529914529914,,8,0.8530587733854432,16
7243.0,0.024839743589743585,0.01789529914529914,,8,0.8530587733854432,16
7244.0,0.024839743589743585,0.01789529914529914,,8,0.8530587733854432,16
7245.0,0.024839743589743585,0.01789529914529914,,8,0.8530587733854432,16
7246.0,0.024839743589743585,0.01789529914529914,,8,0.8530587733854432,16
7247.0,0.024839743589743585,0.01789529914529914,,8,0.8530587733854432,16
7248.0,0.024839743589743585,0.01789529914529914,,8,0.8530587733854432,16
7249.0,0.024839743589743585,0.01789529914529914,,8,0.8530587733854432,16
7250.0,0.024839743589743585,0.01789529914529914,,8,0.8530587733854432,16
7251.0,0.024839743589743585,0.01789529914529914,,8,0.8530587733854432,16
7252.0,0.024839743589743585,0.01789529914529914,,8,0.8530587733854432,16
7253.0,0.024839743589743585,0.01789529914529914,,8,0.8530587733854432,16
7254.0,0.024839743589743585,0.01789529914529914,,8,0.8530587733854432,16
7255.0,0.024839743589743585,0.01789529914529914,,8,0.8530587733854432,16
7256.0,0.024839743589743585,0.01789529914529914,,8,0.8530587733854432,16
7257.0,0.024839743589743585,0.01789529914529914,,8,0.8530587733854432,16
7258.0,0.024839743589743585,0.01789529914529914,,8,0.8530587733854432,16
7259.0,0.024839743589743585,0.01789529914529914,,8,0.8530587733854432,16
7260.0,0.024839743589743585,0.01789529914529914,,8,0.8530587733854432,16
7261.0,0.024839743589743585,0.01789529914529914,,8,0.8530587733854432,16
7262.0,0.024839743589743585,0.01789529914529914,,8,0.8530587733854432,16
7263.0,0.024839743589743585,0.01789529914529914,,8,0.8530587733854432,16
7264.0,0.024839743589743585,0.01789529914529914,,8,0.8530587733854432,16
7265.0,0.024839743589743585,0.01789529914529914,,8,0.8530587733854432,16
7266.0,0.024839743589743585,0.01789529914529914,,8,0.8530587733854432,16
7267.0,0.024839743589743585,0.01789529914529914,,8,0.8530587733854432,16
7268.0,0.024839743589743585,0.01789529914529914,,8,0.8530587733854432,16
7269.0,0.024839743589743585,0.01789529914529914,,8,0.8530587733854432,16
7270.0,0.024839743589743585,0.01789529914529914,,8,0.8530587733854432,16
7271.0,0.024839743589743585,0.01789529914529914,,8,0.8530587733854432,16
7272.0,0.024839743589743585,0.01789529914529914,,8,0.8530587733854432,16
7273.0,0.024839743589743585,0.01789529914529914,,8,0.8530587733854432,16
7274.0,0.024839743589743585,0.01789529914529914,,8,0.8530587733854432,16
7275.0,0.024839743589743585,0.01789529914529914,,8,0.8530587733854432,16
7276.0,0.024839743589743585,0.01789529914529914,,8,0.8530587733854432,16
7277.0,0.024839743589743585,0.01789529914529914,,8,0.8530587733854432,16
7278.0,0.024839743589743585,0.01789529914529914,,8,0.8530587733854432,16
7279.0,0.024839743589743585,0.01789529914529914,,8,0.8530587733854432,16
7280.0,0.024839743589743585,0.01789529914529914,,8,0.8530587733854432,16
7281.0,0.024839743589743585,0.01789529914529914,,8,0.8530587733854432,16
7282.0,0.024839743589743585,0.01789529914529914,,8,0.8530587733854432,16
7283.0,0.024839743589743585,0.01789529914529914,,8,0.8530587733854432,16
7284.0,0.024839743589743585,0.01789529914529914,,8,0.8530587733854432,16
7285.0,0.024839743589743585,0.01789529914529914,,8,0.8530587733854432,16
7286.0,0.024839743589743585,0.01789529914529914,,8,0.8530587733854432,16
7287.0,0.024839743589743585,0.01789529914529914,,8,0.8530587733854432,16
7288.0,0.024839743589743585,0.01789529914529914,,8,0.8530587733854432,16
7289.0,0.024839743589743585,0.01789529914529914,,8,0.8530587733854432,16
7290.0,0.024839743589743585,0.01789529914529914,,8,0.8530587733854432,16
7291.0,0.024839743589743585,0.01789529914529914,,8,0.8530587733854432,16
7292.0,0.024839743589743585,0.01789529914529914,,8,0.8530587733854432,16
7293.0,0.024839743589743585,0.01789529914529914,,8,0.8530587733854432,16
7294.0,0.024839743589743585,0.01789529914529914,,8,0.8530587733854432,16
7295.0,0.024839743589743585,0.01789529914529914,,8,0.8530587733854432,16
7296.0,0.024839743589743585,0.01789529914529914,,8,0.8530587733854432,16
7297.0,0.024839743589743585,0.01789529914529914,,8,0.8530587733854432,16
7298.0,0.024839743589743585,0.01789529914529914,,8,0.8530587733854432,16
7299.0,0.024839743589743585,0.01789529914529914,,8,0.8530587733854432,16
7300.0,0.024839743589743585,0.01789529914529914,,8,0.8530587733854432,16
7301.0,0.024839743589743585,0.01789529914529914,,8,0.8530587733854432,16
7302.0,0.024839743589743585,0.01789529914529914,,8,0.8530587733854432,16
7303.0,0.024839743589743585,0.01789529914529914,,8,0.8530587733854432,16
7304.0,0.024839743589743585,0.01789529914529914,,8,0.8530587733854432,16
7305.0,0.024839743589743585,0.01789529914529914,,8,0.8530587733854432,16
7306.0,0.024839743589743585,0.01789529914529914,,8,0.8530587733854432,16
7307.0,0.024839743589743585,0.01789529914529914,,8,0.8530587733854432,16
7308.0,0.024839743589743585,0.01789529914529914,,8,0.8530587733854432,16
7309.0,0.024839743589743585,0.01789529914529914,,8,0.8530587733854432,16
7310.0,0.024839743589743585,0.01789529914529914,,8,0.8530587733854432,16
7311.0,0.024839743589743585,0.01789529914529914,,8,0.8530587733854432,16
7312.0,0.024839743589743585,0.01789529914529914,,8,0.8530587733854432,16
7313.0,0.024839743589743585,0.01789529914529914,,8,0.8530587733854432,16
7314.0,0.024839743589743585,0.01789529914529914,,8,0.8530587733854432,16
7315.0,0.024839743589743585,0.01789529914529914,,8,0.8530587733854432,16
7316.0,0.024839743589743585,0.01789529914529914,,8,0.8530587733854432,16
7317.0,0.024839743589743585,0.01789529914529914,,8,0.8530587733854432,16
7318.0,0.024839743589743585,0.01789529914529914,,8,0.8530587733854432,16
7319.0,0.024839743589743585,0.01789529914529914,,8,0.8530587733854432,16
7320.0,0.024839743589743585,0.01789529914529914,,8,0.8530587733854432,16
7321.0,0.024839743589743585,0.01789529914529914,,8,0.8530587733854432,16
7322.0,0.024839743589743585,0.01789529914529914,,8,0.8530587733854432,16
7323.0,0.024839743589743585,0.01789529914529914,,8,0.8530587733854432,16
7324.0,0.024839743589743585,0.01789529914529914,,8,0.8530587733854432,16
7325.0,0.024839743589743585,0.01789529914529914,,8,0.8530587733854432,16
7326.0,0.024839743589743585,0.01789529914529914,,8,0.8530587733854432,16
7327.0,0.024839743589743585,0.01789529914529914,,8,0.8530587733854432,16
7328.0,0.024839743589743585,0.01789529914529914,,8,0.8530587733854432,16
7329.0,0.024839743589743585,0.01789529914529914,,8,0.8530587733854432,16
7330.0,0.024839743589743585,0.01789529914529914,,8,0.8530587733854432,16
7331.0,0.024839743589743585,0.01789529914529914,,8,0.8530587733854432,16
7332.0,0.024839743589743585,0.01789529914529914,,8,0.8530587733854432,16
7333.0,0.024839743589743585,0.01789529914529914,,8,0.8530587733854432,16
7334.0,0.024839743589743585,0.01789529914529914,,8,0.8530587733854432,16
7335.0,0.024839743589743585,0.01789529914529914,,8,0.8530587733854432,16
7336.0,0.024839743589743585,0.01789529914529914,,8,0.8530587733854432,16
7337.0,0.024839743589743585,0.01789529914529914,,8,0.8530587733854432,16
7338.0,0.024839743589743585,0.01789529914529914,,8,0.8530587733854432,16
7339.0,0.024839743589743585,0.01789529914529914,,8,0.8530587733854432,16
7340.0,0.024839743589743585,0.01789529914529914,,8,0.8530587733854432,16
7341.0,0.024839743589743585,0.01789529914529914,,8,0.8530587733854432,16
7342.0,0.024839743589743585,0.01789529914529914,,8,0.8530587733854432,16
7343.0,0.024839743589743585,0.01789529914529914,,8,0.8530587733854432,16
7344.0,0.024839743589743585,0.01789529914529914,,8,0.8530587733854432,16
7345.0,0.024839743589743585,0.01789529914529914,,8,0.8530587733854432,16
7346.0,0.024839743589743585,0.01789529914529914,,8,0.8530587733854432,16
7347.0,0.024839743589743585,0.01789529914529914,,8,0.8530587733854432,16
7348.0,0.024839743589743585,0.01789529914529914,,8,0.8530587733854432,16
7349.0,0.024839743589743585,0.01789529914529914,,8,0.8530587733854432,16
7350.0,0.024839743589743585,0.01789529914529914,,8,0.8530587733854432,16
7351.0,0.024839743589743585,0.01789529914529914,,8,0.8530587733854432,16
7352.0,0.024839743589743585,0.01789529914529914,,8,0.8530587733854432,16
7353.0,0.024839743589743585,0.01789529914529914,,8,0.8530587733854432,16
7354.0,0.024839743589743585,0.01789529914529914,,8,0.8530587733854432,16
7355.0,0.024839743589743585,0.01789529914529914,,8,0.8530587733854432,16
7356.0,0.024839743589743585,0.01789529914529914,,8,0.8530587733854432,16
7357.0,0.024839743589743585,0.01789529914529914,,8,0.8530587733854432,16
7358.0,0.024839743589743585,0.01789529914529914,,8,0.8530587733854432,16
7359.0,0.024839743589743585,0.01789529914529914,,8,0.8530587733854432,16
7360.0,0.024839743589743585,0.01789529914529914,,8,0.8530587733854432,16
7361.0,0.024839743589743585,0.01789529914529914,,8,0.8530587733854432,16
7362.0,0.024839743589743585,0.01789529914529914,,8,0.8530587733854432,16
7363.0,0.024839743589743585,0.01789529914529914,,8,0.8530587733854432,16
7364.0,0.024839743589743585,0.01789529914529914,,8,0.8530587733854432,16
7365.0,0.024839743589743585,0.01789529914529914,,8,0.8530587733854432,16
7366.0,0.024839743589743585,0.01789529914529914,,8,0.8530587733854432,16
7367.0,0.024839743589743585,0.01789529914529914,,8,0.8530587733854432,16
7368.0,0.024839743589743585,0.01789529914529914,,8,0.8530587733854432,16
7369.0,0.024839743589743585,0.01789529914529914,,8,0.8530587733854432,16
7370.0,0.024839743589743585,0.01789529914529914,,8,0.8530587733854432,16
7371.0,0.024839743589743585,0.01789529914529914,,8,0.8530587733854432,16
7372.0,0.024839743589743585,0.01789529914529914,,8,0.8530587733854432,16
7373.0,0.024839743589743585,0.01789529914529914,,8,0.8530587733854432,16
7374.0,0.024839743589743585,0.01789529914529914,,8,0.8530587733854432,16
7375.0,0.024839743589743585,0.01789529914529914,,8,0.8530587733854432,16
7376.0,0.024839743589743585,0.01789529914529914,,8,0.8530587733854432,16
7377.0,0.024839743589743585,0.01789529914529914,,8,0.8530587733854432,16
7378.0,0.024839743589743585,0.01789529914529914,,8,0.8530587733854432,16
7379.0,0.024839743589743585,0.01789529914529914,,8,0.8530587733854432,16
7380.0,0.024839743589743585,0.01789529914529914,,8,0.8530587733854432,16
7381.0,0.024839743589743585,0.01789529914529914,,8,0.8530587733854432,16
7382.0,0.024839743589743585,0.01789529914529914,,8,0.8530587733854432,16
7383.0,0.024839743589743585,0.01789529914529914,,8,0.8530587733854432,16
7384.0,0.024839743589743585,0.01789529914529914,,8,0.8530587733854432,16
7385.0,0.024839743589743585,0.01789529914529914,,8,0.8530587733854432,16
7386.0,0.024839743589743585,0.01789529914529914,,8,0.8530587733854432,16
7387.0,0.024839743589743585,0.01789529914529914,,8,0.8530587733854432,16
7388.0,0.024839743589743585,0.01789529914529914,,8,0.8530587733854432,16
7389.0,0.024839743589743585,0.01789529914529914,,8,0.8530587733854432,16
7390.0,0.024839743589743585,0.01789529914529914,,8,0.8530587733854432,16
7391.0,0.024839743589743585,0.01789529914529914,,8,0.8530587733854432,16
7392.0,0.024839743589743585,0.01789529914529914,,8,0.8530587733854432,16
7393.0,0.024839743589743585,0.01789529914529914,,8,0.8530587733854432,16
7394.0,0.024839743589743585,0.01789529914529914,,8,0.8530587733854432,16
7395.0,0.024839743589743585,0.01789529914529914,,8,0.8530587733854432,16
7396.0,0.024839743589743585,0.01789529914529914,,8,0.8530587733854432,16
7397.0,0.024839743589743585,0.01789529914529914,,8,0.8530587733854432,16
7398.0,0.024839743589743585,0.01789529914529914,,8,0.8530587733854432,16
7399.0,0.024839743589743585,0.01789529914529914,,8,0.8530587733854432,16
7400.0,0.024839743589743585,0.01789529914529914,,8,0.8530587733854432,16
7401.0,0.024839743589743585,0.01789529914529914,,8,0.8530587733854432,16
7402.0,0.024839743589743585,0.01789529914529914,,8,0.8530587733854432,16
7403.0,0.024839743589743585,0.01789529914529914,,8,0.8530587733854432,16
7404.0,0.024839743589743585,0.01789529914529914,,8,0.8530587733854432,16
7405.0,0.024839743589743585,0.01789529914529914,,8,0.8530587733854432,16
7406.0,0.024839743589743585,0.01789529914529914,,8,0.8530587733854432,16
7407.0,0.024839743589743585,0.01789529914529914,,8,0.8530587733854432,16
7408.0,0.024839743589743585,0.01789529914529914,,8,0.8530587733854432,16
7409.0,0.024839743589743585,0.01789529914529914,,8,0.8530587733854432,16
7410.0,0.024839743589743585,0.01789529914529914,,8,0.8530587733854432,16
7411.0,0.024839743589743585,0.01789529914529914,,8,0.8530587733854432,16
7412.0,0.024839743589743585,0.01789529914529914,,8,0.8530587733854432,16
7413.0,0.024839743589743585,0.01789529914529914,,8,0.8530587733854432,16
7414.0,0.024839743589743585,0.01789529914529914,,8,0.8530587733854432,16
7415.0,0.024839743589743585,0.01789529914529914,,8,0.8530587733854432,16
7416.0,0.024839743589743585,0.01789529914529914,,8,0.8530587733854432,16
7417.0,0.024839743589743585,0.01789529914529914,,8,0.8530587733854432,16
7418.0,0.024839743589743585,0.01789529914529914,,8,0.8530587733854432,16
7419.0,0.024839743589743585,0.01789529914529914,,8,0.8530587733854432,16
7420.0,0.024839743589743585,0.01789529914529914,,8,0.8530587733854432,16
7421.0,0.024839743589743585,0.01789529914529914,,8,0.8530587733854432,16
7422.0,0.024839743589743585,0.01789529914529914,,8,0.8530587733854432,16
7423.0,0.024839743589743585,0.01789529914529914,,8,0.8530587733854432,16
7424.0,0.024839743589743585,0.01789529914529914,,8,0.8530587733854432,16
7425.0,0.024839743589743585,0.01789529914529914,,8,0.8530587733854432,16
7426.0,0.024839743589743585,0.01789529914529914,,8,0.8530587733854432,16
7427.0,0.024839743589743585,0.01789529914529914,,8,0.8530587733854432,16
7428.0,0.024839743589743585,0.01789529914529914,,8,0.8530587733854432,16
7429.0,0.024839743589743585,0.01789529914529914,,8,0.8530587733854432,16
7430.0,0.024839743589743585,0.01789529914529914,,8,0.8530587733854432,16
7431.0,0.024839743589743585,0.01789529914529914,,8,0.8530587733854432,16
7432.0,0.024839743589743585,0.01789529914529914,,8,0.8530587733854432,16
7433.0,0.024839743589743585,0.01789529914529914,,8,0.8530587733854432,16
7434.0,0.024839743589743585,0.01789529914529914,,8,0.8530587733854432,16
7435.0,0.024839743589743585,0.01789529914529914,,8,0.8530587733854432,16
7436.0,0.024839743589743585,0.01789529914529914,,8,0.8530587733854432,16
7437.0,0.024839743589743585,0.01789529914529914,,8,0.8530587733854432,16
7438.0,0.024839743589743585,0.01789529914529914,,8,0.8530587733854432,16
7439.0,0.024839743589743585,0.01789529914529914,,8,0.8530587733854432,16
7440.0,0.024839743589743585,0.01789529914529914,,8,0.8530587733854432,16
7441.0,0.024839743589743585,0.01789529914529914,,8,0.8530587733854432,16
7442.0,0.024839743589743585,0.01789529914529914,,8,0.8530587733854432,16
7443.0,0.024839743589743585,0.01789529914529914,,8,0.8530587733854432,16
7444.0,0.024839743589743585,0.01789529914529914,,8,0.8530587733854432,16
7445.0,0.024839743589743585,0.01789529914529914,,8,0.8530587733854432,16
7446.0,0.024839743589743585,0.01789529914529914,,8,0.8530587733854432,16
7447.0,0.024839743589743585,0.01789529914529914,,8,0.8530587733854432,16
7448.0,0.024839743589743585,0.01789529914529914,,8,0.8530587733854432,16
7449.0,0.024839743589743585,0.01789529914529914,,8,0.8530587733854432,16
7450.0,0.024839743589743585,0.01789529914529914,,8,0.8530587733854432,16
7451.0,0.024839743589743585,0.01789529914529914,,8,0.8530587733854432,16
7452.0,0.024839743589743585,0.01789529914529914,,8,0.8530587733854432,16
7453.0,0.024839743589743585,0.01789529914529914,,8,0.8530587733854432,16
7454.0,0.024839743589743585,0.01789529914529914,,8,0.8530587733854432,16
7455.0,0.024839743589743585,0.01789529914529914,,8,0.8530587733854432,16
7456.0,0.024839743589743585,0.01789529914529914,,8,0.8530587733854432,16
7457.0,0.024839743589743585,0.01789529914529914,,8,0.8530587733854432,16
7458.0,0.024839743589743585,0.01789529914529914,,8,0.8530587733854432,16
7459.0,0.024839743589743585,0.01789529914529914,,8,0.8530587733854432,16
7460.0,0.024839743589743585,0.01789529914529914,,8,0.8530587733854432,16
7461.0,0.024839743589743585,0.01789529914529914,,8,0.8530587733854432,16
7462.0,0.024839743589743585,0.01789529914529914,,8,0.8530587733854432,16
7463.0,0.024839743589743585,0.01789529914529914,,8,0.8530587733854432,16
7464.0,0.024839743589743585,0.01789529914529914,,8,0.8530587733854432,16
7465.0,0.024839743589743585,0.01789529914529914,,8,0.8530587733854432,16
7466.0,0.024839743589743585,0.01789529914529914,,8,0.8530587733854432,16
7467.0,0.024839743589743585,0.01789529914529914,,8,0.8530587733854432,16
7468.0,0.024839743589743585,0.01789529914529914,,8,0.8530587733854432,16
7469.0,0.024839743589743585,0.01789529914529914,,8,0.8530587733854432,16
7470.0,0.024839743589743585,0.01789529914529914,,8,0.8530587733854432,16
7471.0,0.024839743589743585,0.01789529914529914,,8,0.8530587733854432,16
7472.0,0.024839743589743585,0.01789529914529914,,8,0.8530587733854432,16
7473.0,0.024839743589743585,0.01789529914529914,,8,0.8530587733854432,16
7474.0,0.024839743589743585,0.01789529914529914,,8,0.8530587733854432,16
7475.0,0.024839743589743585,0.01789529914529914,,8,0.8530587733854432,16
7476.0,0.024839743589743585,0.01789529914529914,,8,0.8530587733854432,16
7477.0,0.024839743589743585,0.01789529914529914,,8,0.8530587733854432,16
7478.0,0.024839743589743585,0.01789529914529914,,8,0.8530587733854432,16
7479.0,0.024839743589743585,0.01789529914529914,,8,0.8530587733854432,16
7480.0,0.024839743589743585,0.01789529914529914,,8,0.8530587733854432,16
7481.0,0.024839743589743585,0.01789529914529914,,8,0.8530587733854432,16
7482.0,0.024839743589743585,0.01789529914529914,,8,0.8530587733854432,16
7483.0,0.024839743589743585,0.01789529914529914,,8,0.8530587733854432,16
7484.0,0.024839743589743585,0.01789529914529914,,8,0.8530587733854432,16
7485.0,0.024839743589743585,0.01789529914529914,,8,0.8530587733854432,16
7486.0,0.024839743589743585,0.01789529914529914,,8,0.8530587733854432,16
7487.0,0.024839743589743585,0.01789529914529914,,8,0.8530587733854432,16
7488.0,0.024839743589743585,0.01789529914529914,,8,0.8530587733854432,16
7489.0,0.024839743589743585,0.01789529914529914,,8,0.8530587733854432,16
7490.0,0.024839743589743585,0.01789529914529914,,8,0.8530587733854432,16
7491.0,0.024839743589743585,0.01789529914529914,,8,0.8530587733854432,16
7492.0,0.024839743589743585,0.01789529914529914,,8,0.8530587733854432,16
7493.0,0.024839743589743585,0.01789529914529914,,8,0.8530587733854432,16
7494.0,0.024839743589743585,0.01789529914529914,,8,0.8530587733854432,16
7495.0,0.024839743589743585,0.01789529914529914,,8,0.8530587733854432,16
7496.0,0.024839743589743585,0.01789529914529914,,8,0.8530587733854432,16
7497.0,0.024839743589743585,0.01789529914529914,,8,0.8530587733854432,16
7498.0,0.024839743589743585,0.01789529914529914,,8,0.8530587733854432,16
7499.0,0.024839743589743585,0.01789529914529914,,8,0.8530587733854432,16
7500.0,0.024839743589743585,0.01789529914529914,,8,0.8530587733854432,16
7501.0,0.024839743589743585,0.01789529914529914,,8,0.8530587733854432,16
7502.0,0.024839743589743585,0.01789529914529914,,8,0.8530587733854432,16
7503.0,0.024839743589743585,0.01789529914529914,,8,0.8530587733854432,16
7504.0,0.024839743589743585,0.01789529914529914,,8,0.8530587733854432,16
7505.0,0.024839743589743585,0.01789529914529914,,8,0.8530587733854432,16
7506.0,0.024839743589743585,0.01789529914529914,,8,0.8530587733854432,16
7507.0,0.024839743589743585,0.01789529914529914,,8,0.8530587733854432,16
7508.0,0.024839743589743585,0.01789529914529914,,8,0.8530587733854432,16
7509.0,0.024839743589743585,0.01789529914529914,,8,0.8530587733854432,16
7510.0,0.024839743589743585,0.01789529914529914,,8,0.8530587733854432,16
7511.0,0.024839743589743585,0.01789529914529914,,8,0.8530587733854432,16
7512.0,0.024839743589743585,0.01789529914529914,,8,0.8530587733854432,16
7513.0,0.024839743589743585,0.01789529914529914,,8,0.8530587733854432,16
7514.0,0.024839743589743585,0.01789529914529914,,8,0.8530587733854432,16
7515.0,0.024839743589743585,0.01789529914529914,,8,0.8530587733854432,16
7516.0,0.024839743589743585,0.01789529914529914,,8,0.8530587733854432,16
7517.0,0.024839743589743585,0.01789529914529914,,8,0.8530587733854432,16
7518.0,0.024839743589743585,0.01789529914529914,,8,0.8530587733854432,16
7519.0,0.024839743589743585,0.01789529914529914,,8,0.8530587733854432,16
7520.0,0.024839743589743585,0.01789529914529914,,8,0.8530587733854432,16
7521.0,0.024839743589743585,0.01789529914529914,,8,0.8530587733854432,16
7522.0,0.024839743589743585,0.01789529914529914,,8,0.8530587733854432,16
7523.0,0.024839743589743585,0.01789529914529914,,8,0.8530587733854432,16
7524.0,0.024839743589743585,0.01789529914529914,,8,0.8530587733854432,16
7525.0,0.024839743589743585,0.01789529914529914,,8,0.8530587733854432,16
7526.0,0.024839743589743585,0.01789529914529914,,8,0.8530587733854432,16
7527.0,0.024839743589743585,0.01789529914529914,,8,0.8530587733854432,16
7528.0,0.024839743589743585,0.01789529914529914,,8,0.8530587733854432,16
7529.0,0.024839743589743585,0.01789529914529914,,8,0.8530587733854432,16
7530.0,0.024839743589743585,0.01789529914529914,,8,0.8530587733854432,16
7531.0,0.024839743589743585,0.01789529914529914,,8,0.8530587733854432,16
7532.0,0.024839743589743585,0.01789529914529914,,8,0.8530587733854432,16
7533.0,0.024839743589743585,0.01789529914529914,,8,0.8530587733854432,16
7534.0,0.024839743589743585,0.01789529914529914,,8,0.8530587733854432,16
7535.0,0.024839743589743585,0.01789529914529914,,8,0.8530587733854432,16
7536.0,0.024839743589743585,0.01789529914529914,,8,0.8530587733854432,16
7537.0,0.024839743589743585,0.01789529914529914,,8,0.8530587733854432,16
7538.0,0.024839743589743585,0.01789529914529914,,8,0.8530587733854432,16
7539.0,0.024839743589743585,0.01789529914529914,,8,0.8530587733854432,16
7540.0,0.024839743589743585,0.01789529914529914,,8,0.8530587733854432,16
7541.0,0.024839743589743585,0.01789529914529914,,8,0.8530587733854432,16
7542.0,0.024839743589743585,0.01789529914529914,,8,0.8530587733854432,16
7543.0,0.024839743589743585,0.01789529914529914,,8,0.8530587733854432,16
7544.0,0.024839743589743585,0.01789529914529914,,8,0.8530587733854432,16
7545.0,0.024839743589743585,0.01789529914529914,,8,0.8530587733854432,16
7546.0,0.024839743589743585,0.01789529914529914,,8,0.8530587733854432,16
7547.0,0.024839743589743585,0.01789529914529914,,8,0.8530587733854432,16
7548.0,0.024839743589743585,0.01789529914529914,,8,0.8530587733854432,16
7549.0,0.024839743589743585,0.01789529914529914,,8,0.8530587733854432,16
7550.0,0.024839743589743585,0.01789529914529914,,8,0.8530587733854432,16
7551.0,0.024839743589743585,0.01789529914529914,,8,0.8530587733854432,16
7552.0,0.024839743589743585,0.01789529914529914,,8,0.8530587733854432,16
7553.0,0.024839743589743585,0.01789529914529914,,8,0.8530587733854432,16
7554.0,0.024839743589743585,0.01789529914529914,,8,0.8530587733854432,16
7555.0,0.024839743589743585,0.01789529914529914,,8,0.8530587733854432,16
7556.0,0.024839743589743585,0.01789529914529914,,8,0.8530587733854432,16
7557.0,0.024839743589743585,0.01789529914529914,,8,0.8530587733854432,16
7558.0,0.024839743589743585,0.01789529914529914,,8,0.8530587733854432,16
7559.0,0.024839743589743585,0.01789529914529914,,8,0.8530587733854432,16
7560.0,0.024839743589743585,0.01789529914529914,,8,0.8530587733854432,16
7561.0,0.024839743589743585,0.01789529914529914,,8,0.8530587733854432,16
7562.0,0.024839743589743585,0.01789529914529914,,8,0.8530587733854432,16
7563.0,0.024839743589743585,0.01789529914529914,,8,0.8530587733854432,16
7564.0,0.024839743589743585,0.01789529914529914,,8,0.8530587733854432,16
7565.0,0.024839743589743585,0.01789529914529914,,8,0.8530587733854432,16
7566.0,0.024839743589743585,0.01789529914529914,,8,0.8530587733854432,16
7567.0,0.024839743589743585,0.01789529914529914,,8,0.8530587733854432,16
7568.0,0.024839743589743585,0.01789529914529914,,8,0.8530587733854432,16
7569.0,0.024839743589743585,0.01789529914529914,,8,0.8530587733854432,16
7570.0,0.024839743589743585,0.01789529914529914,,8,0.8530587733854432,16
7571.0,0.024839743589743585,0.01789529914529914,,8,0.8530587733854432,16
7572.0,0.024839743589743585,0.01789529914529914,,8,0.8530587733854432,16
7573.0,0.024839743589743585,0.01789529914529914,,8,0.8530587733854432,16
7574.0,0.024839743589743585,0.01789529914529914,,8,0.8530587733854432,16
7575.0,0.024839743589743585,0.01789529914529914,,8,0.8530587733854432,16
7576.0,0.024839743589743585,0.01789529914529914,,8,0.8530587733854432,16
7577.0,0.024839743589743585,0.01789529914529914,,8,0.8530587733854432,16
7578.0,0.024839743589743585,0.01789529914529914,,8,0.8530587733854432,16
7579.0,0.024839743589743585,0.01789529914529914,,8,0.8530587733854432,16
7580.0,0.024839743589743585,0.01789529914529914,,8,0.8530587733854432,16
7581.0,0.024839743589743585,0.01789529914529914,,8,0.8530587733854432,16
7582.0,0.024839743589743585,0.01789529914529914,,8,0.8530587733854432,16
7583.0,0.024839743589743585,0.01789529914529914,,8,0.8530587733854432,16
7584.0,0.024839743589743585,0.01789529914529914,,8,0.8530587733854432,16
7585.0,0.024839743589743585,0.01789529914529914,,8,0.8530587733854432,16
7586.0,0.024839743589743585,0.01789529914529914,,8,0.8530587733854432,16
7587.0,0.024839743589743585,0.01789529914529914,,8,0.8530587733854432,16
7588.0,0.024839743589743585,0.01789529914529914,,8,0.8530587733854432,16
7589.0,0.024839743589743585,0.01789529914529914,,8,0.8530587733854432,16
7590.0,0.024839743589743585,0.01789529914529914,,8,0.8530587733854432,16
7591.0,0.024839743589743585,0.01789529914529914,,8,0.8530587733854432,16
7592.0,0.024839743589743585,0.01789529914529914,,8,0.8530587733854432,16
7593.0,0.024839743589743585,0.01789529914529914,,8,0.8530587733854432,16
7594.0,0.024839743589743585,0.01789529914529914,,8,0.8530587733854432,16
7595.0,0.024839743589743585,0.01789529914529914,,8,0.8530587733854432,16
7596.0,0.024839743589743585,0.01789529914529914,,8,0.8530587733854432,16
7597.0,0.024839743589743585,0.01789529914529914,,8,0.8530587733854432,16
7598.0,0.024839743589743585,0.01789529914529914,,8,0.8530587733854432,16
7599.0,0.024839743589743585,0.01789529914529914,,8,0.8530587733854432,16
7600.0,0.024839743589743585,0.01789529914529914,,8,0.8530587733854432,16
7601.0,0.024839743589743585,0.01789529914529914,,8,0.8530587733854432,16
7602.0,0.024839743589743585,0.01789529914529914,,8,0.8530587733854432,16
7603.0,0.024839743589743585,0.01789529914529914,,8,0.8530587733854432,16
7604.0,0.024839743589743585,0.01789529914529914,,8,0.8530587733854432,16
7605.0,0.024839743589743585,0.01789529914529914,,8,0.8530587733854432,16
7606.0,0.024839743589743585,0.01789529914529914,,8,0.8530587733854432,16
7607.0,0.024839743589743585,0.01789529914529914,,8,0.8530587733854432,16
7608.0,0.024839743589743585,0.01789529914529914,,8,0.8530587733854432,16
7609.0,0.024839743589743585,0.01789529914529914,,8,0.8530587733854432,16
7610.0,0.024839743589743585,0.01789529914529914,,8,0.8530587733854432,16
7611.0,0.024839743589743585,0.01789529914529914,,8,0.8530587733854432,16
7612.0,0.024839743589743585,0.01789529914529914,,8,0.8530587733854432,16
7613.0,0.024839743589743585,0.01789529914529914,,8,0.8530587733854432,16
7614.0,0.024839743589743585,0.01789529914529914,,8,0.8530587733854432,16
7615.0,0.024839743589743585,0.01789529914529914,,8,0.8530587733854432,16
7616.0,0.024839743589743585,0.01789529914529914,,8,0.8530587733854432,16
7617.0,0.024839743589743585,0.01789529914529914,,8,0.8530587733854432,16
7618.0,0.024839743589743585,0.01789529914529914,,8,0.8530587733854432,16
7619.0,0.024839743589743585,0.01789529914529914,,8,0.8530587733854432,16
7620.0,0.024839743589743585,0.01789529914529914,,8,0.8530587733854432,16
7621.0,0.024839743589743585,0.01789529914529914,,8,0.8530587733854432,16
7622.0,0.024839743589743585,0.01789529914529914,,8,0.8530587733854432,16
7623.0,0.024839743589743585,0.01789529914529914,,8,0.8530587733854432,16
7624.0,0.024839743589743585,0.01789529914529914,,8,0.8530587733854432,16
7625.0,0.024839743589743585,0.01789529914529914,,8,0.8530587733854432,16
7626.0,0.024839743589743585,0.01789529914529914,,8,0.8530587733854432,16
7627.0,0.024839743589743585,0.01789529914529914,,8,0.8530587733854432,16
7628.0,0.024839743589743585,0.01789529914529914,,8,0.8530587733854432,16
7629.0,0.024839743589743585,0.01789529914529914,,8,0.8530587733854432,16
7630.0,0.024839743589743585,0.01789529914529914,,8,0.8530587733854432,16
7631.0,0.024839743589743585,0.01789529914529914,,8,0.8530587733854432,16
7632.0,0.024839743589743585,0.01789529914529914,,8,0.8530587733854432,16
7633.0,0.024839743589743585,0.01789529914529914,,8,0.8530587733854432,16
7634.0,0.024839743589743585,0.01789529914529914,,8,0.8530587733854432,16
7635.0,0.024839743589743585,0.01789529914529914,,8,0.8530587733854432,16
7636.0,0.024839743589743585,0.01789529914529914,,8,0.8530587733854432,16
7637.0,0.024839743589743585,0.01789529914529914,,8,0.8530587733854432,16
7638.0,0.024839743589743585,0.01789529914529914,,8,0.8530587733854432,16
7639.0,0.024839743589743585,0.01789529914529914,,8,0.8530587733854432,16
7640.0,0.024839743589743585,0.01789529914529914,,8,0.8530587733854432,16
7641.0,0.024839743589743585,0.01789529914529914,,8,0.8530587733854432,16
7642.0,0.024839743589743585,0.01789529914529914,,8,0.8530587733854432,16
7643.0,0.024839743589743585,0.01789529914529914,,8,0.8530587733854432,16
7644.0,0.024839743589743585,0.01789529914529914,,8,0.8530587733854432,16
7645.0,0.024839743589743585,0.01789529914529914,,8,0.8530587733854432,16
7646.0,0.024839743589743585,0.01789529914529914,,8,0.8530587733854432,16
7647.0,0.024839743589743585,0.01789529914529914,,8,0.8530587733854432,16
7648.0,0.024839743589743585,0.01789529914529914,,8,0.8530587733854432,16
7649.0,0.024839743589743585,0.01789529914529914,,8,0.8530587733854432,16
7650.0,0.024839743589743585,0.01789529914529914,,8,0.8530587733854432,16
7651.0,0.024839743589743585,0.01789529914529914,,8,0.8530587733854432,16
7652.0,0.024839743589743585,0.01789529914529914,,8,0.8530587733854432,16
7653.0,0.024839743589743585,0.01789529914529914,,8,0.8530587733854432,16
7654.0,0.024839743589743585,0.01789529914529914,,8,0.8530587733854432,16
7655.0,0.024839743589743585,0.01789529914529914,,8,0.8530587733854432,16
7656.0,0.024839743589743585,0.01789529914529914,,8,0.8530587733854432,16
7657.0,0.024839743589743585,0.01789529914529914,,8,0.8530587733854432,16
7658.0,0.024839743589743585,0.01789529914529914,,8,0.8530587733854432,16
7659.0,0.024839743589743585,0.01789529914529914,,8,0.8530587733854432,16
7660.0,0.024839743589743585,0.01789529914529914,,8,0.8530587733854432,16
7661.0,0.024839743589743585,0.01789529914529914,,8,0.8530587733854432,16
7662.0,0.024839743589743585,0.01789529914529914,,8,0.8530587733854432,16
7663.0,0.024839743589743585,0.01789529914529914,,8,0.8530587733854432,16
7664.0,0.024839743589743585,0.01789529914529914,,8,0.8530587733854432,16
7665.0,0.024839743589743585,0.01789529914529914,,8,0.8530587733854432,16
7666.0,0.024839743589743585,0.01789529914529914,,8,0.8530587733854432,16
7667.0,0.024839743589743585,0.01789529914529914,,8,0.8530587733854432,16
7668.0,0.024839743589743585,0.01789529914529914,,8,0.8530587733854432,16
7669.0,0.024839743589743585,0.01789529914529914,,8,0.8530587733854432,16
7670.0,0.024839743589743585,0.01789529914529914,,8,0.8530587733854432,16
7671.0,0.024839743589743585,0.01789529914529914,,8,0.8530587733854432,16
7672.0,0.024839743589743585,0.01789529914529914,,8,0.8530587733854432,16
7673.0,0.024839743589743585,0.01789529914529914,,8,0.8530587733854432,16
7674.0,0.024839743589743585,0.01789529914529914,,8,0.8530587733854432,16
7675.0,0.024839743589743585,0.01789529914529914,,8,0.8530587733854432,16
7676.0,0.024839743589743585,0.01789529914529914,,8,0.8530587733854432,16
7677.0,0.024839743589743585,0.01789529914529914,,8,0.8530587733854432,16
7678.0,0.024839743589743585,0.01789529914529914,,8,0.8530587733854432,16
7679.0,0.024839743589743585,0.01789529914529914,,8,0.8530587733854432,16
7680.0,0.024839743589743585,0.01789529914529914,,8,0.8530587733854432,16
7681.0,0.024839743589743585,0.01789529914529914,,8,0.8530587733854432,16
7682.0,0.024839743589743585,0.01789529914529914,,8,0.8530587733854432,16
7683.0,0.024839743589743585,0.01789529914529914,,8,0.8530587733854432,16
7684.0,0.024839743589743585,0.01789529914529914,,8,0.8530587733854432,16
7685.0,0.024839743589743585,0.01789529914529914,,8,0.8530587733854432,16
7686.0,0.024839743589743585,0.01789529914529914,,8,0.8530587733854432,16
7687.0,0.024839743589743585,0.01789529914529914,,8,0.8530587733854432,16
7688.0,0.024839743589743585,0.01789529914529914,,8,0.8530587733854432,16
7689.0,0.024839743589743585,0.01789529914529914,,8,0.8530587733854432,16
7690.0,0.024839743589743585,0.01789529914529914,,8,0.8530587733854432,16
7691.0,0.024839743589743585,0.01789529914529914,,8,0.8530587733854432,16
7692.0,0.024839743589743585,0.01789529914529914,,8,0.8530587733854432,16
7693.0,0.024839743589743585,0.01789529914529914,,8,0.8530587733854432,16
7694.0,0.024839743589743585,0.01789529914529914,,8,0.8530587733854432,16
7695.0,0.024839743589743585,0.01789529914529914,,8,0.8530587733854432,16
7696.0,0.024839743589743585,0.01789529914529914,,8,0.8530587733854432,16
7697.0,0.024839743589743585,0.01789529914529914,,8,0.8530587733854432,16
7698.0,0.024839743589743585,0.01789529914529914,,8,0.8530587733854432,16
7699.0,0.024839743589743585,0.01789529914529914,,8,0.8530587733854432,16
7700.0,0.024839743589743585,0.01789529914529914,,8,0.8530587733854432,16
7701.0,0.024839743589743585,0.01789529914529914,,8,0.8530587733854432,16
7702.0,0.024839743589743585,0.01789529914529914,,8,0.8530587733854432,16
7703.0,0.024839743589743585,0.01789529914529914,,8,0.8530587733854432,16
7704.0,0.024839743589743585,0.01789529914529914,,8,0.8530587733854432,16
7705.0,0.024839743589743585,0.01789529914529914,,8,0.8530587733854432,16
7706.0,0.024839743589743585,0.01789529914529914,,8,0.8530587733854432,16
7707.0,0.024839743589743585,0.01789529914529914,,8,0.8530587733854432,16
7708.0,0.024839743589743585,0.01789529914529914,,8,0.8530587733854432,16
7709.0,0.024839743589743585,0.01789529914529914,,8,0.8530587733854432,16
7710.0,0.024839743589743585,0.01789529914529914,,8,0.8530587733854432,16
7711.0,0.024839743589743585,0.01789529914529914,,8,0.8530587733854432,16
7712.0,0.024839743589743585,0.01789529914529914,,8,0.8530587733854432,16
7713.0,0.024839743589743585,0.01789529914529914,,8,0.8530587733854432,16
7714.0,0.024839743589743585,0.01789529914529914,,8,0.8530587733854432,16
7715.0,0.024839743589743585,0.01789529914529914,,8,0.8530587733854432,16
7716.0,0.024839743589743585,0.01789529914529914,,8,0.8530587733854432,16
7717.0,0.024839743589743585,0.01789529914529914,,8,0.8530587733854432,16
7718.0,0.024839743589743585,0.01789529914529914,,8,0.8530587733854432,16
7719.0,0.024839743589743585,0.01789529914529914,,8,0.8530587733854432,16
7720.0,0.024839743589743585,0.01789529914529914,,8,0.8530587733854432,16
7721.0,0.024839743589743585,0.01789529914529914,,8,0.8530587733854432,16
7722.0,0.024839743589743585,0.01789529914529914,,8,0.8530587733854432,16
7723.0,0.024839743589743585,0.01789529914529914,,8,0.8530587733854432,16
7724.0,0.024839743589743585,0.01789529914529914,,8,0.8530587733854432,16
7725.0,0.024839743589743585,0.01789529914529914,,8,0.8530587733854432,16
7726.0,0.024839743589743585,0.01789529914529914,,8,0.8530587733854432,16
7727.0,0.024839743589743585,0.01789529914529914,,8,0.8530587733854432,16
7728.0,0.024839743589743585,0.01789529914529914,,8,0.8530587733854432,16
7729.0,0.024839743589743585,0.01789529914529914,,8,0.8530587733854432,16
7730.0,0.024839743589743585,0.01789529914529914,,8,0.8530587733854432,16
7731.0,0.024839743589743585,0.01789529914529914,,8,0.8530587733854432,16
7732.0,0.024839743589743585,0.01789529914529914,,8,0.8530587733854432,16
7733.0,0.024839743589743585,0.01789529914529914,,8,0.8530587733854432,16
7734.0,0.024839743589743585,0.01789529914529914,,8,0.8530587733854432,16
7735.0,0.024839743589743585,0.01789529914529914,,8,0.8530587733854432,16
7736.0,0.024839743589743585,0.01789529914529914,,8,0.8530587733854432,16
7737.0,0.024839743589743585,0.01789529914529914,,8,0.8530587733854432,16
7738.0,0.024839743589743585,0.01789529914529914,,8,0.8530587733854432,16
7739.0,0.024839743589743585,0.01789529914529914,,8,0.8530587733854432,16
7740.0,0.024839743589743585,0.01789529914529914,,8,0.8530587733854432,16
7741.0,0.024839743589743585,0.01789529914529914,,8,0.8530587733854432,16
7742.0,0.024839743589743585,0.01789529914529914,,8,0.8530587733854432,16
7743.0,0.024839743589743585,0.01789529914529914,,8,0.8530587733854432,16
7744.0,0.024839743589743585,0.01789529914529914,,8,0.8530587733854432,16
7745.0,0.024839743589743585,0.01789529914529914,,8,0.8530587733854432,16
7746.0,0.024839743589743585,0.01789529914529914,,8,0.8530587733854432,16
7747.0,0.024839743589743585,0.01789529914529914,,8,0.8530587733854432,16
7748.0,0.024839743589743585,0.01789529914529914,,8,0.8530587733854432,16
7749.0,0.024839743589743585,0.01789529914529914,,8,0.8530587733854432,16
7750.0,0.024839743589743585,0.01789529914529914,,8,0.8530587733854432,16
7751.0,0.024839743589743585,0.01789529914529914,,8,0.8530587733854432,16
7752.0,0.024839743589743585,0.01789529914529914,,8,0.8530587733854432,16
7753.0,0.024839743589743585,0.01789529914529914,,8,0.8530587733854432,16
7754.0,0.024839743589743585,0.01789529914529914,,8,0.8530587733854432,16
7755.0,0.024839743589743585,0.01789529914529914,,8,0.8530587733854432,16
7756.0,0.024839743589743585,0.01789529914529914,,8,0.8530587733854432,16
7757.0,0.024839743589743585,0.01789529914529914,,8,0.8530587733854432,16
7758.0,0.024839743589743585,0.01789529914529914,,8,0.8530587733854432,16
7759.0,0.024839743589743585,0.01789529914529914,,8,0.8530587733854432,16
7760.0,0.024839743589743585,0.01789529914529914,,8,0.8530587733854432,16
7761.0,0.024839743589743585,0.01789529914529914,,8,0.8530587733854432,16
7762.0,0.024839743589743585,0.01789529914529914,,8,0.8530587733854432,16
7763.0,0.024839743589743585,0.01789529914529914,,8,0.8530587733854432,16
7764.0,0.024839743589743585,0.01789529914529914,,8,0.8530587733854432,16
7765.0,0.024839743589743585,0.01789529914529914,,8,0.8530587733854432,16
7766.0,0.024839743589743585,0.01789529914529914,,8,0.8530587733854432,16
7767.0,0.024839743589743585,0.01789529914529914,,8,0.8530587733854432,16
7768.0,0.024839743589743585,0.01789529914529914,,8,0.8530587733854432,16
7769.0,0.024839743589743585,0.01789529914529914,,8,0.8530587733854432,16
7770.0,0.024839743589743585,0.01789529914529914,,8,0.8530587733854432,16
7771.0,0.024839743589743585,0.01789529914529914,,8,0.8530587733854432,16
7772.0,0.024839743589743585,0.01789529914529914,,8,0.8530587733854432,16
7773.0,0.024839743589743585,0.01789529914529914,,8,0.8530587733854432,16
7774.0,0.024839743589743585,0.01789529914529914,,8,0.8530587733854432,16
7775.0,0.024839743589743585,0.01789529914529914,,8,0.8530587733854432,16
7776.0,0.024839743589743585,0.01789529914529914,,8,0.8530587733854432,16
7777.0,0.024839743589743585,0.01789529914529914,,8,0.8530587733854432,16
7778.0,0.024839743589743585,0.01789529914529914,,8,0.8530587733854432,16
7779.0,0.024839743589743585,0.01789529914529914,,8,0.8530587733854432,16
7780.0,0.024839743589743585,0.01789529914529914,,8,0.8530587733854432,16
7781.0,0.024839743589743585,0.01789529914529914,,8,0.8530587733854432,16
7782.0,0.024839743589743585,0.01789529914529914,,8,0.8530587733854432,16
7783.0,0.024839743589743585,0.01789529914529914,,8,0.8530587733854432,16
7784.0,0.024839743589743585,0.01789529914529914,,8,0.8530587733854432,16
7785.0,0.024839743589743585,0.01789529914529914,,8,0.8530587733854432,16
7786.0,0.024839743589743585,0.01789529914529914,,8,0.8530587733854432,16
7787.0,0.024839743589743585,0.01789529914529914,,8,0.8530587733854432,16
7788.0,0.024839743589743585,0.01789529914529914,,8,0.8530587733854432,16
7789.0,0.024839743589743585,0.01789529914529914,,8,0.8530587733854432,16
7790.0,0.024839743589743585,0.01789529914529914,,8,0.8530587733854432,16
7791.0,0.024839743589743585,0.01789529914529914,,8,0.8530587733854432,16
7792.0,0.024839743589743585,0.01789529914529914,,8,0.8530587733854432,16
7793.0,0.024839743589743585,0.01789529914529914,,8,0.8530587733854432,16
7794.0,0.024839743589743585,0.01789529914529914,,8,0.8530587733854432,16
7795.0,0.024839743589743585,0.01789529914529914,,8,0.8530587733854432,16
7796.0,0.024839743589743585,0.01789529914529914,,8,0.8530587733854432,16
7797.0,0.024839743589743585,0.01789529914529914,,8,0.8530587733854432,16
7798.0,0.024839743589743585,0.01789529914529914,,8,0.8530587733854432,16
7799.0,0.024839743589743585,0.01789529914529914,,8,0.8530587733854432,16
7800.0,0.024839743589743585,0.01789529914529914,,8,0.8530587733854432,16
7801.0,0.024839743589743585,0.01789529914529914,,8,0.8530587733854432,16
7802.0,0.024839743589743585,0.01789529914529914,,8,0.8530587733854432,16
7803.0,0.024839743589743585,0.01789529914529914,,8,0.8530587733854432,16
7804.0,0.024839743589743585,0.01789529914529914,,8,0.8530587733854432,16
7805.0,0.024839743589743585,0.01789529914529914,,8,0.8530587733854432,16
7806.0,0.024839743589743585,0.01789529914529914,,8,0.8530587733854432,16
7807.0,0.024839743589743585,0.01789529914529914,,8,0.8530587733854432,16
7808.0,0.024839743589743585,0.01789529914529914,,8,0.8530587733854432,16
7809.0,0.024839743589743585,0.01789529914529914,,8,0.8530587733854432,16
7810.0,0.024839743589743585,0.01789529914529914,,8,0.8530587733854432,16
7811.0,0.024839743589743585,0.01789529914529914,,8,0.8530587733854432,16
7812.0,0.024839743589743585,0.01789529914529914,,8,0.8530587733854432,16
7813.0,0.024839743589743585,0.01789529914529914,,8,0.8530587733854432,16
7814.0,0.024839743589743585,0.01789529914529914,,8,0.8530587733854432,16
7815.0,0.024839743589743585,0.01789529914529914,,8,0.8530587733854432,16
7816.0,0.024839743589743585,0.01789529914529914,,8,0.8530587733854432,16
7817.0,0.024839743589743585,0.01789529914529914,,8,0.8530587733854432,16
7818.0,0.024839743589743585,0.01789529914529914,,8,0.8530587733854432,16
7819.0,0.024839743589743585,0.01789529914529914,,8,0.8530587733854432,16
7820.0,0.024839743589743585,0.01789529914529914,,8,0.8530587733854432,16
7821.0,0.024839743589743585,0.01789529914529914,,8,0.8530587733854432,16
7822.0,0.024839743589743585,0.01789529914529914,,8,0.8530587733854432,16
7823.0,0.024839743589743585,0.01789529914529914,,8,0.8530587733854432,16
7824.0,0.024839743589743585,0.01789529914529914,,8,0.8530587733854432,16
7825.0,0.024839743589743585,0.01789529914529914,,8,0.8530587733854432,16
7826.0,0.024839743589743585,0.01789529914529914,,8,0.8530587733854432,16
7827.0,0.024839743589743585,0.01789529914529914,,8,0.8530587733854432,16
7828.0,0.024839743589743585,0.01789529914529914,,8,0.8530587733854432,16
7829.0,0.024839743589743585,0.01789529914529914,,8,0.8530587733854432,16
7830.0,0.024839743589743585,0.01789529914529914,,8,0.8530587733854432,16
7831.0,0.024839743589743585,0.01789529914529914,,8,0.8530587733854432,16
7832.0,0.024839743589743585,0.01789529914529914,,8,0.8530587733854432,16
7833.0,0.024839743589743585,0.01789529914529914,,8,0.8530587733854432,16
7834.0,0.024839743589743585,0.01789529914529914,,8,0.8530587733854432,16
7835.0,0.024839743589743585,0.01789529914529914,,8,0.8530587733854432,16
7836.0,0.024839743589743585,0.01789529914529914,,8,0.8530587733854432,16
7837.0,0.024839743589743585,0.01789529914529914,,8,0.8530587733854432,16
7838.0,0.024839743589743585,0.01789529914529914,,8,0.8530587733854432,16
7839.0,0.024839743589743585,0.01789529914529914,,8,0.8530587733854432,16
7840.0,0.024839743589743585,0.01789529914529914,,8,0.8530587733854432,16
7841.0,0.024839743589743585,0.01789529914529914,,8,0.8530587733854432,16
7842.0,0.024839743589743585,0.01789529914529914,,8,0.8530587733854432,16
7843.0,0.024839743589743585,0.01789529914529914,,8,0.8530587733854432,16
7844.0,0.024839743589743585,0.01789529914529914,,8,0.8530587733854432,16
7845.0,0.024839743589743585,0.01789529914529914,,8,0.8530587733854432,16
7846.0,0.024839743589743585,0.01789529914529914,,8,0.8530587733854432,16
7847.0,0.024839743589743585,0.01789529914529914,,8,0.8530587733854432,16
7848.0,0.024839743589743585,0.01789529914529914,,8,0.8530587733854432,16
7849.0,0.024839743589743585,0.01789529914529914,,8,0.8530587733854432,16
7850.0,0.024839743589743585,0.01789529914529914,,8,0.8530587733854432,16
7851.0,0.024839743589743585,0.01789529914529914,,8,0.8530587733854432,16
7852.0,0.024839743589743585,0.01789529914529914,,8,0.8530587733854432,16
7853.0,0.024839743589743585,0.01789529914529914,,8,0.8530587733854432,16
7854.0,0.024839743589743585,0.01789529914529914,,8,0.8530587733854432,16
7855.0,0.024839743589743585,0.01789529914529914,,8,0.8530587733854432,16
7856.0,0.024839743589743585,0.01789529914529914,,8,0.8530587733854432,16
7857.0,0.024839743589743585,0.01789529914529914,,8,0.8530587733854432,16
7858.0,0.024839743589743585,0.01789529914529914,,8,0.8530587733854432,16
7859.0,0.024839743589743585,0.01789529914529914,,8,0.8530587733854432,16
7860.0,0.024839743589743585,0.01789529914529914,,8,0.8530587733854432,16
7861.0,0.024839743589743585,0.01789529914529914,,8,0.8530587733854432,16
7862.0,0.024839743589743585,0.01789529914529914,,8,0.8530587733854432,16
7863.0,0.024839743589743585,0.01789529914529914,,8,0.8530587733854432,16
7864.0,0.024839743589743585,0.01789529914529914,,8,0.8530587733854432,16
7865.0,0.024839743589743585,0.01789529914529914,,8,0.8530587733854432,16
7866.0,0.024839743589743585,0.01789529914529914,,8,0.8530587733854432,16
7867.0,0.024839743589743585,0.01789529914529914,,8,0.8530587733854432,16
7868.0,0.024839743589743585,0.01789529914529914,,8,0.8530587733854432,16
7869.0,0.024839743589743585,0.01789529914529914,,8,0.8530587733854432,16
7870.0,0.024839743589743585,0.01789529914529914,,8,0.8530587733854432,16
7871.0,0.024839743589743585,0.01789529914529914,,8,0.8530587733854432,16
7872.0,0.024839743589743585,0.01789529914529914,,8,0.8530587733854432,16
7873.0,0.024839743589743585,0.01789529914529914,,8,0.8530587733854432,16
7874.0,0.024839743589743585,0.01789529914529914,,8,0.8530587733854432,16
7875.0,0.024839743589743585,0.01789529914529914,,8,0.8530587733854432,16
7876.0,0.024839743589743585,0.01789529914529914,,8,0.8530587733854432,16
7877.0,0.024839743589743585,0.01789529914529914,,8,0.8530587733854432,16
7878.0,0.024839743589743585,0.01789529914529914,,8,0.8530587733854432,16
7879.0,0.024839743589743585,0.01789529914529914,,8,0.8530587733854432,16
7880.0,0.024839743589743585,0.01789529914529914,,8,0.8530587733854432,16
7881.0,0.024839743589743585,0.01789529914529914,,8,0.8530587733854432,16
7882.0,0.024839743589743585,0.01789529914529914,,8,0.8530587733854432,16
7883.0,0.024839743589743585,0.01789529914529914,,8,0.8530587733854432,16
7884.0,0.024839743589743585,0.01789529914529914,,8,0.8530587733854432,16
7885.0,0.024839743589743585,0.01789529914529914,,8,0.8530587733854432,16
7886.0,0.024839743589743585,0.01789529914529914,,8,0.8530587733854432,16
7887.0,0.024839743589743585,0.01789529914529914,,8,0.8530587733854432,16
7888.0,0.024839743589743585,0.01789529914529914,,8,0.8530587733854432,16
7889.0,0.024839743589743585,0.01789529914529914,,8,0.8530587733854432,16
7890.0,0.024839743589743585,0.01789529914529914,,8,0.8530587733854432,16
7891.0,0.024839743589743585,0.01789529914529914,,8,0.8530587733854432,16
7892.0,0.024839743589743585,0.01789529914529914,,8,0.8530587733854432,16
7893.0,0.024839743589743585,0.01789529914529914,,8,0.8530587733854432,16
7894.0,0.024839743589743585,0.01789529914529914,,8,0.8530587733854432,16
7895.0,0.024839743589743585,0.01789529914529914,,8,0.8530587733854432,16
7896.0,0.024839743589743585,0.01789529914529914,,8,0.8530587733854432,16
7897.0,0.024839743589743585,0.01789529914529914,,8,0.8530587733854432,16
7898.0,0.024839743589743585,0.01789529914529914,,8,0.8530587733854432,16
7899.0,0.024839743589743585,0.01789529914529914,,8,0.8530587733854432,16
7900.0,0.024839743589743585,0.01789529914529914,,8,0.8530587733854432,16
7901.0,0.024839743589743585,0.01789529914529914,,8,0.8530587733854432,16
7902.0,0.024839743589743585,0.01789529914529914,,8,0.8530587733854432,16
7903.0,0.024839743589743585,0.01789529914529914,,8,0.8530587733854432,16
7904.0,0.024839743589743585,0.01789529914529914,,8,0.8530587733854432,16
7905.0,0.024839743589743585,0.01789529914529914,,8,0.8530587733854432,16
7906.0,0.024839743589743585,0.01789529914529914,,8,0.8530587733854432,16
7907.0,0.024839743589743585,0.01789529914529914,,8,0.8530587733854432,16
7908.0,0.024839743589743585,0.01789529914529914,,8,0.8530587733854432,16
7909.0,0.024839743589743585,0.01789529914529914,,8,0.8530587733854432,16
7910.0,0.024839743589743585,0.01789529914529914,,8,0.8530587733854432,16
7911.0,0.024839743589743585,0.01789529914529914,,8,0.8530587733854432,16
7912.0,0.024839743589743585,0.01789529914529914,,8,0.8530587733854432,16
7913.0,0.024839743589743585,0.01789529914529914,,8,0.8530587733854432,16
7914.0,0.024839743589743585,0.01789529914529914,,8,0.8530587733854432,16
7915.0,0.024839743589743585,0.01789529914529914,,8,0.8530587733854432,16
7916.0,0.024839743589743585,0.01789529914529914,,8,0.8530587733854432,16
7917.0,0.024839743589743585,0.01789529914529914,,8,0.8530587733854432,16
7918.0,0.024839743589743585,0.01789529914529914,,8,0.8530587733854432,16
7919.0,0.024839743589743585,0.01789529914529914,,8,0.8530587733854432,16
7920.0,0.024839743589743585,0.01789529914529914,,8,0.8530587733854432,16
7921.0,0.024839743589743585,0.01789529914529914,,8,0.8530587733854432,16
7922.0,0.024839743589743585,0.01789529914529914,,8,0.8530587733854432,16
7923.0,0.024839743589743585,0.01789529914529914,,8,0.8530587733854432,16
7924.0,0.024839743589743585,0.01789529914529914,,8,0.8530587733854432,16
7925.0,0.024839743589743585,0.01789529914529914,,8,0.8530587733854432,16
7926.0,0.024839743589743585,0.01789529914529914,,8,0.8530587733854432,16
7927.0,0.024839743589743585,0.01789529914529914,,8,0.8530587733854432,16
7928.0,0.024839743589743585,0.01789529914529914,,8,0.8530587733854432,16
7929.0,0.024839743589743585,0.01789529914529914,,8,0.8530587733854432,16
7930.0,0.024839743589743585,0.01789529914529914,,8,0.8530587733854432,16
7931.0,0.024839743589743585,0.01789529914529914,,8,0.8530587733854432,16
7932.0,0.024839743589743585,0.01789529914529914,,8,0.8530587733854432,16
7933.0,0.024839743589743585,0.01789529914529914,,8,0.8530587733854432,16
7934.0,0.024839743589743585,0.01789529914529914,,8,0.8530587733854432,16
7935.0,0.024839743589743585,0.01789529914529914,,8,0.8530587733854432,16
7936.0,0.024839743589743585,0.01789529914529914,,8,0.8530587733854432,16
7937.0,0.024839743589743585,0.01789529914529914,,8,0.8530587733854432,16
7938.0,0.024839743589743585,0.01789529914529914,,8,0.8530587733854432,16
7939.0,0.024839743589743585,0.01789529914529914,,8,0.8530587733854432,16
7940.0,0.024839743589743585,0.01789529914529914,,8,0.8530587733854432,16
7941.0,0.024839743589743585,0.01789529914529914,,8,0.8530587733854432,16
7942.0,0.024839743589743585,0.01789529914529914,,8,0.8530587733854432,16
7943.0,0.024839743589743585,0.01789529914529914,,8,0.8530587733854432,16
7944.0,0.024839743589743585,0.01789529914529914,,8,0.8530587733854432,16
7945.0,0.024839743589743585,0.01789529914529914,,8,0.8530587733854432,16
7946.0,0.024839743589743585,0.01789529914529914,,8,0.8530587733854432,16
7947.0,0.024839743589743585,0.01789529914529914,,8,0.8530587733854432,16
7948.0,0.024839743589743585,0.01789529914529914,,8,0.8530587733854432,16
7949.0,0.024839743589743585,0.01789529914529914,,8,0.8530587733854432,16
7950.0,0.024839743589743585,0.01789529914529914,,8,0.8530587733854432,16
7951.0,0.024839743589743585,0.01789529914529914,,8,0.8530587733854432,16
7952.0,0.024839743589743585,0.01789529914529914,,8,0.8530587733854432,16
7953.0,0.024839743589743585,0.01789529914529914,,8,0.8530587733854432,16
7954.0,0.024839743589743585,0.01789529914529914,,8,0.8530587733854432,16
7955.0,0.024839743589743585,0.01789529914529914,,8,0.8530587733854432,16
7956.0,0.024839743589743585,0.01789529914529914,,8,0.8530587733854432,16
7957.0,0.024839743589743585,0.01789529914529914,,8,0.8530587733854432,16
7958.0,0.024839743589743585,0.01789529914529914,,8,0.8530587733854432,16
7959.0,0.024839743589743585,0.01789529914529914,,8,0.8530587733854432,16
7960.0,0.024839743589743585,0.01789529914529914,,8,0.8530587733854432,16
7961.0,0.024839743589743585,0.01789529914529914,,8,0.8530587733854432,16
7962.0,0.024839743589743585,0.01789529914529914,,8,0.8530587733854432,16
7963.0,0.024839743589743585,0.01789529914529914,,8,0.8530587733854432,16
7964.0,0.024839743589743585,0.01789529914529914,,8,0.8530587733854432,16
7965.0,0.024839743589743585,0.01789529914529914,,8,0.8530587733854432,16
7966.0,0.024839743589743585,0.01789529914529914,,8,0.8530587733854432,16
7967.0,0.024839743589743585,0.01789529914529914,,8,0.8530587733854432,16
7968.0,0.024839743589743585,0.01789529914529914,,8,0.8530587733854432,16
7969.0,0.024839743589743585,0.01789529914529914,,8,0.8530587733854432,16
7970.0,0.024839743589743585,0.01789529914529914,,8,0.8530587733854432,16
7971.0,0.024839743589743585,0.01789529914529914,,8,0.8530587733854432,16
7972.0,0.024839743589743585,0.01789529914529914,,8,0.8530587733854432,16
7973.0,0.024839743589743585,0.01789529914529914,,8,0.8530587733854432,16
7974.0,0.024839743589743585,0.01789529914529914,,8,0.8530587733854432,16
7975.0,0.024839743589743585,0.01789529914529914,,8,0.8530587733854432,16
7976.0,0.024839743589743585,0.01789529914529914,,8,0.8530587733854432,16
7977.0,0.024839743589743585,0.01789529914529914,,8,0.8530587733854432,16
7978.0,0.024839743589743585,0.01789529914529914,,8,0.8530587733854432,16
7979.0,0.024839743589743585,0.01789529914529914,,8,0.8530587733854432,16
7980.0,0.024839743589743585,0.01789529914529914,,8,0.8530587733854432,16
7981.0,0.024839743589743585,0.01789529914529914,,8,0.8530587733854432,16
7982.0,0.024839743589743585,0.01789529914529914,,8,0.8530587733854432,16
7983.0,0.024839743589743585,0.01789529914529914,,8,0.8530587733854432,16
7984.0,0.024839743589743585,0.01789529914529914,,8,0.8530587733854432,16
7985.0,0.024839743589743585,0.01789529914529914,,8,0.8530587733854432,16
7986.0,0.024839743589743585,0.01789529914529914,,8,0.8530587733854432,16
7987.0,0.024839743589743585,0.01789529914529914,,8,0.8530587733854432,16
7988.0,0.024839743589743585,0.01789529914529914,,8,0.8530587733854432,16
7989.0,0.024839743589743585,0.01789529914529914,,8,0.8530587733854432,16
7990.0,0.024839743589743585,0.01789529914529914,,8,0.8530587733854432,16
7991.0,0.024839743589743585,0.01789529914529914,,8,0.8530587733854432,16
7992.0,0.024839743589743585,0.01789529914529914,,8,0.8530587733854432,16
7993.0,0.024839743589743585,0.01789529914529914,,8,0.8530587733854432,16
7994.0,0.024839743589743585,0.01789529914529914,,8,0.8530587733854432,16
7995.0,0.024839743589743585,0.01789529914529914,,8,0.8530587733854432,16
7996.0,0.024839743589743585,0.01789529914529914,,8,0.8530587733854432,16
7997.0,0.024839743589743585,0.01789529914529914,,8,0.8530587733854432,16
7998.0,0.024839743589743585,0.01789529914529914,,8,0.8530587733854432,16
7999.0,0.024839743589743585,0.01789529914529914,,8,0.8530587733854432,16
8000.0,0.024839743589743585,0.01789529914529914,,8,0.8530587733854432,16
8001.0,0.024839743589743585,0.01789529914529914,,8,0.8530587733854432,16
8002.0,0.024839743589743585,0.01789529914529914,,8,0.8530587733854432,16
8003.0,0.024839743589743585,0.01789529914529914,,8,0.8530587733854432,16
8004.0,0.024839743589743585,0.01789529914529914,,8,0.8530587733854432,16
8005.0,0.024839743589743585,0.01789529914529914,,8,0.8530587733854432,16
8006.0,0.024839743589743585,0.01789529914529914,,8,0.8530587733854432,16
8007.0,0.024839743589743585,0.01789529914529914,,8,0.8530587733854432,16
8008.0,0.024839743589743585,0.01789529914529914,,8,0.8530587733854432,16
8009.0,0.024839743589743585,0.01789529914529914,,8,0.8530587733854432,16
8010.0,0.024839743589743585,0.01789529914529914,,8,0.8530587733854432,16
8011.0,0.024839743589743585,0.01789529914529914,,8,0.8530587733854432,16
8012.0,0.024839743589743585,0.01789529914529914,,8,0.8530587733854432,16
8013.0,0.024839743589743585,0.01789529914529914,,8,0.8530587733854432,16
8014.0,0.024839743589743585,0.01789529914529914,,8,0.8530587733854432,16
8015.0,0.024839743589743585,0.01789529914529914,,8,0.8530587733854432,16
8016.0,0.024839743589743585,0.01789529914529914,,8,0.8530587733854432,16
8017.0,0.024839743589743585,0.01789529914529914,,8,0.8530587733854432,16
8018.0,0.024839743589743585,0.01789529914529914,,8,0.8530587733854432,16
8019.0,0.024839743589743585,0.01789529914529914,,8,0.8530587733854432,16
8020.0,0.024839743589743585,0.01789529914529914,,8,0.8530587733854432,16
8021.0,0.024839743589743585,0.01789529914529914,,8,0.8530587733854432,16
8022.0,0.024839743589743585,0.01789529914529914,,8,0.8530587733854432,16
8023.0,0.024839743589743585,0.01789529914529914,,8,0.8530587733854432,16
8024.0,0.024839743589743585,0.01789529914529914,,8,0.8530587733854432,16
8025.0,0.024839743589743585,0.01789529914529914,,8,0.8530587733854432,16
8026.0,0.024839743589743585,0.01789529914529914,,8,0.8530587733854432,16
8027.0,0.024839743589743585,0.01789529914529914,,8,0.8530587733854432,16
8028.0,0.024839743589743585,0.01789529914529914,,8,0.8530587733854432,16
8029.0,0.024839743589743585,0.01789529914529914,,8,0.8530587733854432,16
8030.0,0.024839743589743585,0.01789529914529914,,8,0.8530587733854432,16
8031.0,0.024839743589743585,0.01789529914529914,,8,0.8530587733854432,16
8032.0,0.024839743589743585,0.01789529914529914,,8,0.8530587733854432,16
8033.0,0.024839743589743585,0.01789529914529914,,8,0.8530587733854432,16
8034.0,0.024839743589743585,0.01789529914529914,,8,0.8530587733854432,16
8035.0,0.024839743589743585,0.01789529914529914,,8,0.8530587733854432,16
8036.0,0.024839743589743585,0.01789529914529914,,8,0.8530587733854432,16
8037.0,0.024839743589743585,0.01789529914529914,,8,0.8530587733854432,16
8038.0,0.024839743589743585,0.01789529914529914,,8,0.8530587733854432,16
8039.0,0.024839743589743585,0.01789529914529914,,8,0.8530587733854432,16
8040.0,0.024839743589743585,0.01789529914529914,,8,0.8530587733854432,16
8041.0,0.024839743589743585,0.01789529914529914,,8,0.8530587733854432,16
8042.0,0.024839743589743585,0.01789529914529914,,8,0.8530587733854432,16
8043.0,0.024839743589743585,0.01789529914529914,,8,0.8530587733854432,16
8044.0,0.024839743589743585,0.01789529914529914,,8,0.8530587733854432,16
8045.0,0.024839743589743585,0.01789529914529914,,8,0.8530587733854432,16
8046.0,0.024839743589743585,0.01789529914529914,,8,0.8530587733854432,16
8047.0,0.024839743589743585,0.01789529914529914,,8,0.8530587733854432,16
8048.0,0.024839743589743585,0.01789529914529914,,8,0.8530587733854432,16
8049.0,0.024839743589743585,0.01789529914529914,,8,0.8530587733854432,16
8050.0,0.024839743589743585,0.01789529914529914,,8,0.8530587733854432,16
8051.0,0.024839743589743585,0.01789529914529914,,8,0.8530587733854432,16
8052.0,0.024839743589743585,0.01789529914529914,,8,0.8530587733854432,16
8053.0,0.024839743589743585,0.01789529914529914,,8,0.8530587733854432,16
8054.0,0.024839743589743585,0.01789529914529914,,8,0.8530587733854432,16
8055.0,0.024839743589743585,0.01789529914529914,,8,0.8530587733854432,16
8056.0,0.024839743589743585,0.01789529914529914,,8,0.8530587733854432,16
8057.0,0.024839743589743585,0.01789529914529914,,8,0.8530587733854432,16
8058.0,0.024839743589743585,0.01789529914529914,,8,0.8530587733854432,16
8059.0,0.024839743589743585,0.01789529914529914,,8,0.8530587733854432,16
8060.0,0.024839743589743585,0.01789529914529914,,8,0.8530587733854432,16
8061.0,0.024839743589743585,0.01789529914529914,,8,0.8530587733854432,16
8062.0,0.024839743589743585,0.01789529914529914,,8,0.8530587733854432,16
8063.0,0.024839743589743585,0.01789529914529914,,8,0.8530587733854432,16
8064.0,0.024839743589743585,0.01789529914529914,,8,0.8530587733854432,16
8065.0,0.024839743589743585,0.01789529914529914,,8,0.8530587733854432,16
8066.0,0.024839743589743585,0.01789529914529914,,8,0.8530587733854432,16
8067.0,0.024839743589743585,0.01789529914529914,,8,0.8530587733854432,16
8068.0,0.024839743589743585,0.01789529914529914,,8,0.8530587733854432,16
8069.0,0.024839743589743585,0.01789529914529914,,8,0.8530587733854432,16
8070.0,0.024839743589743585,0.01789529914529914,,8,0.8530587733854432,16
8071.0,0.024839743589743585,0.01789529914529914,,8,0.8530587733854432,16
8072.0,0.024839743589743585,0.01789529914529914,,8,0.8530587733854432,16
8073.0,0.024839743589743585,0.01789529914529914,,8,0.8530587733854432,16
8074.0,0.024839743589743585,0.01789529914529914,,8,0.8530587733854432,16
8075.0,0.024839743589743585,0.01789529914529914,,8,0.8530587733854432,16
8076.0,0.024839743589743585,0.01789529914529914,,8,0.8530587733854432,16
8077.0,0.024839743589743585,0.01789529914529914,,8,0.8530587733854432,16
8078.0,0.024839743589743585,0.01789529914529914,,8,0.8530587733854432,16
8079.0,0.024839743589743585,0.01789529914529914,,8,0.8530587733854432,16
8080.0,0.024839743589743585,0.01789529914529914,,8,0.8530587733854432,16
8081.0,0.024839743589743585,0.01789529914529914,,8,0.8530587733854432,16
8082.0,0.024839743589743585,0.01789529914529914,,8,0.8530587733854432,16
8083.0,0.024839743589743585,0.01789529914529914,,8,0.8530587733854432,16
8084.0,0.024839743589743585,0.01789529914529914,,8,0.8530587733854432,16
8085.0,0.024839743589743585,0.01789529914529914,,8,0.8530587733854432,16
8086.0,0.024839743589743585,0.01789529914529914,,8,0.8530587733854432,16
8087.0,0.024839743589743585,0.01789529914529914,,8,0.8530587733854432,16
8088.0,0.024839743589743585,0.01789529914529914,,8,0.8530587733854432,16
8089.0,0.024839743589743585,0.01789529914529914,,8,0.8530587733854432,16
8090.0,0.024839743589743585,0.01789529914529914,,8,0.8530587733854432,16
8091.0,0.024839743589743585,0.01789529914529914,,8,0.8530587733854432,16
8092.0,0.024839743589743585,0.01789529914529914,,8,0.8530587733854432,16
8093.0,0.024839743589743585,0.01789529914529914,,8,0.8530587733854432,16
8094.0,0.024839743589743585,0.01789529914529914,,8,0.8530587733854432,16
8095.0,0.024839743589743585,0.01789529914529914,,8,0.8530587733854432,16
8096.0,0.024839743589743585,0.01789529914529914,,8,0.8530587733854432,16
8097.0,0.024839743589743585,0.01789529914529914,,8,0.8530587733854432,16
8098.0,0.024839743589743585,0.01789529914529914,,8,0.8530587733854432,16
8099.0,0.024839743589743585,0.01789529914529914,,8,0.8530587733854432,16
8100.0,0.024839743589743585,0.01789529914529914,,8,0.8530587733854432,16
8101.0,0.024839743589743585,0.01789529914529914,,8,0.8530587733854432,16
8102.0,0.024839743589743585,0.01789529914529914,,8,0.8530587733854432,16
8103.0,0.024839743589743585,0.01789529914529914,,8,0.8530587733854432,16
8104.0,0.024839743589743585,0.01789529914529914,,8,0.8530587733854432,16
8105.0,0.024839743589743585,0.01789529914529914,,8,0.8530587733854432,16
8106.0,0.024839743589743585,0.01789529914529914,,8,0.8530587733854432,16
8107.0,0.024839743589743585,0.01789529914529914,,8,0.8530587733854432,16
8108.0,0.024839743589743585,0.01789529914529914,,8,0.8530587733854432,16
8109.0,0.024839743589743585,0.01789529914529914,,8,0.8530587733854432,16
8110.0,0.024839743589743585,0.01789529914529914,,8,0.8530587733854432,16
8111.0,0.024839743589743585,0.01789529914529914,,8,0.8530587733854432,16
8112.0,0.024839743589743585,0.01789529914529914,,8,0.8530587733854432,16
8113.0,0.024839743589743585,0.01789529914529914,,8,0.8530587733854432,16
8114.0,0.024839743589743585,0.01789529914529914,,8,0.8530587733854432,16
8115.0,0.024839743589743585,0.01789529914529914,,8,0.8530587733854432,16
8116.0,0.024839743589743585,0.01789529914529914,,8,0.8530587733854432,16
8117.0,0.024839743589743585,0.01789529914529914,,8,0.8530587733854432,16
8118.0,0.024839743589743585,0.01789529914529914,,8,0.8530587733854432,16
8119.0,0.024839743589743585,0.01789529914529914,,8,0.8530587733854432,16
8120.0,0.024839743589743585,0.01789529914529914,,8,0.8530587733854432,16
8121.0,0.024839743589743585,0.01789529914529914,,8,0.8530587733854432,16
8122.0,0.024839743589743585,0.01789529914529914,,8,0.8530587733854432,16
8123.0,0.024839743589743585,0.01789529914529914,,8,0.8530587733854432,16
8124.0,0.024839743589743585,0.01789529914529914,,8,0.8530587733854432,16
8125.0,0.024839743589743585,0.01789529914529914,,8,0.8530587733854432,16
8126.0,0.024839743589743585,0.01789529914529914,,8,0.8530587733854432,16
8127.0,0.024839743589743585,0.01789529914529914,,8,0.8530587733854432,16
8128.0,0.024839743589743585,0.01789529914529914,,8,0.8530587733854432,16
8129.0,0.024839743589743585,0.01789529914529914,,8,0.8530587733854432,16
8130.0,0.024839743589743585,0.01789529914529914,,8,0.8530587733854432,16
8131.0,0.024839743589743585,0.01789529914529914,,8,0.8530587733854432,16
8132.0,0.024839743589743585,0.01789529914529914,,8,0.8530587733854432,16
8133.0,0.024839743589743585,0.01789529914529914,,8,0.8530587733854432,16
8134.0,0.024839743589743585,0.01789529914529914,,8,0.8530587733854432,16
8135.0,0.024839743589743585,0.01789529914529914,,8,0.8530587733854432,16
8136.0,0.024839743589743585,0.01789529914529914,,8,0.8530587733854432,16
8137.0,0.024839743589743585,0.01789529914529914,,8,0.8530587733854432,16
8138.0,0.024839743589743585,0.01789529914529914,,8,0.8530587733854432,16
8139.0,0.024839743589743585,0.01789529914529914,,8,0.8530587733854432,16
8140.0,0.024839743589743585,0.01789529914529914,,8,0.8530587733854432,16
8141.0,0.024839743589743585,0.01789529914529914,,8,0.8530587733854432,16
8142.0,0.024839743589743585,0.01789529914529914,,8,0.8530587733854432,16
8143.0,0.024839743589743585,0.01789529914529914,,8,0.8530587733854432,16
8144.0,0.024839743589743585,0.01789529914529914,,8,0.8530587733854432,16
8145.0,0.024839743589743585,0.01789529914529914,,8,0.8530587733854432,16
8146.0,0.024839743589743585,0.01789529914529914,,8,0.8530587733854432,16
8147.0,0.024839743589743585,0.01789529914529914,,8,0.8530587733854432,16
8148.0,0.024839743589743585,0.01789529914529914,,8,0.8530587733854432,16
8149.0,0.024839743589743585,0.01789529914529914,,8,0.8530587733854432,16
8150.0,0.024839743589743585,0.01789529914529914,,8,0.8530587733854432,16
8151.0,0.024839743589743585,0.01789529914529914,,8,0.8530587733854432,16
8152.0,0.024839743589743585,0.01789529914529914,,8,0.8530587733854432,16
8153.0,0.024839743589743585,0.01789529914529914,,8,0.8530587733854432,16
8154.0,0.024839743589743585,0.01789529914529914,,8,0.8530587733854432,16
8155.0,0.024839743589743585,0.01789529914529914,,8,0.8530587733854432,16
8156.0,0.024839743589743585,0.01789529914529914,,8,0.8530587733854432,16
8157.0,0.024839743589743585,0.01789529914529914,,8,0.8530587733854432,16
8158.0,0.024839743589743585,0.01789529914529914,,8,0.8530587733854432,16
8159.0,0.024839743589743585,0.01789529914529914,,8,0.8530587733854432,16
8160.0,0.024839743589743585,0.01789529914529914,,8,0.8530587733854432,16
8161.0,0.024839743589743585,0.01789529914529914,,8,0.8530587733854432,16
8162.0,0.024839743589743585,0.01789529914529914,,8,0.8530587733854432,16
8163.0,0.024839743589743585,0.01789529914529914,,8,0.8530587733854432,16
8164.0,0.024839743589743585,0.01789529914529914,,8,0.8530587733854432,16
8165.0,0.024839743589743585,0.01789529914529914,,8,0.8530587733854432,16
8166.0,0.024839743589743585,0.01789529914529914,,8,0.8530587733854432,16
8167.0,0.024839743589743585,0.01789529914529914,,8,0.8530587733854432,16
8168.0,0.024839743589743585,0.01789529914529914,,8,0.8530587733854432,16
8169.0,0.024839743589743585,0.01789529914529914,,8,0.8530587733854432,16
8170.0,0.024839743589743585,0.01789529914529914,,8,0.8530587733854432,16
8171.0,0.024839743589743585,0.01789529914529914,,8,0.8530587733854432,16
8172.0,0.024839743589743585,0.01789529914529914,,8,0.8530587733854432,16
8173.0,0.024839743589743585,0.01789529914529914,,8,0.8530587733854432,16
8174.0,0.024839743589743585,0.01789529914529914,,8,0.8530587733854432,16
8175.0,0.024839743589743585,0.01789529914529914,,8,0.8530587733854432,16
8176.0,0.024839743589743585,0.01789529914529914,,8,0.8530587733854432,16
8177.0,0.024839743589743585,0.01789529914529914,,8,0.8530587733854432,16
8178.0,0.024839743589743585,0.01789529914529914,,8,0.8530587733854432,16
8179.0,0.024839743589743585,0.01789529914529914,,8,0.8530587733854432,16
8180.0,0.024839743589743585,0.01789529914529914,,8,0.8530587733854432,16
8181.0,0.024839743589743585,0.01789529914529914,,8,0.8530587733854432,16
8182.0,0.024839743589743585,0.01789529914529914,,8,0.8530587733854432,16
8183.0,0.024839743589743585,0.01789529914529914,,8,0.8530587733854432,16
8184.0,0.024839743589743585,0.01789529914529914,,8,0.8530587733854432,16
8185.0,0.024839743589743585,0.01789529914529914,,8,0.8530587733854432,16
8186.0,0.024839743589743585,0.01789529914529914,,8,0.8530587733854432,16
8187.0,0.024839743589743585,0.01789529914529914,,8,0.8530587733854432,16
8188.0,0.024839743589743585,0.01789529914529914,,8,0.8530587733854432,16
8189.0,0.024839743589743585,0.01789529914529914,,8,0.8530587733854432,16
8190.0,0.024839743589743585,0.01789529914529914,,8,0.8530587733854432,16
8191.0,0.024839743589743585,0.01789529914529914,,8,0.8530587733854432,16
8192.0,0.024839743589743585,0.01789529914529914,,8,0.8530587733854432,16
8193.0,0.024839743589743585,0.01789529914529914,,8,0.8530587733854432,16
8194.0,0.024839743589743585,0.01789529914529914,,8,0.8530587733854432,16
8195.0,0.024839743589743585,0.01789529914529914,,8,0.8530587733854432,16
8196.0,0.024839743589743585,0.01789529914529914,,8,0.8530587733854432,16
8197.0,0.024839743589743585,0.01789529914529914,,8,0.8530587733854432,16
8198.0,0.024839743589743585,0.01789529914529914,,8,0.8530587733854432,16
8199.0,0.024839743589743585,0.01789529914529914,,8,0.8530587733854432,16
8200.0,0.024839743589743585,0.01789529914529914,,8,0.8530587733854432,16
8201.0,0.024839743589743585,0.01789529914529914,,8,0.8530587733854432,16
8202.0,0.024839743589743585,0.01789529914529914,,8,0.8530587733854432,16
8203.0,0.024839743589743585,0.01789529914529914,,8,0.8530587733854432,16
8204.0,0.024839743589743585,0.01789529914529914,,8,0.8530587733854432,16
8205.0,0.024839743589743585,0.01789529914529914,,8,0.8530587733854432,16
8206.0,0.024839743589743585,0.01789529914529914,,8,0.8530587733854432,16
8207.0,0.024839743589743585,0.01789529914529914,,8,0.8530587733854432,16
8208.0,0.024839743589743585,0.01789529914529914,,8,0.8530587733854432,16
8209.0,0.024839743589743585,0.01789529914529914,,8,0.8530587733854432,16
8210.0,0.024839743589743585,0.01789529914529914,,8,0.8530587733854432,16
8211.0,0.024839743589743585,0.01789529914529914,,8,0.8530587733854432,16
8212.0,0.024839743589743585,0.01789529914529914,,8,0.8530587733854432,16
8213.0,0.024839743589743585,0.01789529914529914,,8,0.8530587733854432,16
8214.0,0.024839743589743585,0.01789529914529914,,8,0.8530587733854432,16
8215.0,0.024839743589743585,0.01789529914529914,,8,0.8530587733854432,16
8216.0,0.024839743589743585,0.01789529914529914,,8,0.8530587733854432,16
8217.0,0.024839743589743585,0.01789529914529914,,8,0.8530587733854432,16
8218.0,0.024839743589743585,0.01789529914529914,,8,0.8530587733854432,16
8219.0,0.024839743589743585,0.01789529914529914,,8,0.8530587733854432,16
8220.0,0.024839743589743585,0.01789529914529914,,8,0.8530587733854432,16
8221.0,0.024839743589743585,0.01789529914529914,,8,0.8530587733854432,16
8222.0,0.024839743589743585,0.01789529914529914,,8,0.8530587733854432,16
8223.0,0.024839743589743585,0.01789529914529914,,8,0.8530587733854432,16
8224.0,0.024839743589743585,0.01789529914529914,,8,0.8530587733854432,16
8225.0,0.024839743589743585,0.01789529914529914,,8,0.8530587733854432,16
8226.0,0.024839743589743585,0.01789529914529914,,8,0.8530587733854432,16
8227.0,0.024839743589743585,0.01789529914529914,,8,0.8530587733854432,16
8228.0,0.024839743589743585,0.01789529914529914,,8,0.8530587733854432,16
8229.0,0.024839743589743585,0.01789529914529914,,8,0.8530587733854432,16
8230.0,0.024839743589743585,0.01789529914529914,,8,0.8530587733854432,16
8231.0,0.024839743589743585,0.01789529914529914,,8,0.8530587733854432,16
8232.0,0.024839743589743585,0.01789529914529914,,8,0.8530587733854432,16
8233.0,0.024839743589743585,0.01789529914529914,,8,0.8530587733854432,16
8234.0,0.024839743589743585,0.01789529914529914,,8,0.8530587733854432,16
8235.0,0.024839743589743585,0.01789529914529914,,8,0.8530587733854432,16
8236.0,0.024839743589743585,0.01789529914529914,,8,0.8530587733854432,16
8237.0,0.024839743589743585,0.01789529914529914,,8,0.8530587733854432,16
8238.0,0.024839743589743585,0.01789529914529914,,8,0.8530587733854432,16
8239.0,0.024839743589743585,0.01789529914529914,,8,0.8530587733854432,16
8240.0,0.024839743589743585,0.01789529914529914,,8,0.8530587733854432,16
8241.0,0.024839743589743585,0.01789529914529914,,8,0.8530587733854432,16
8242.0,0.024839743589743585,0.01789529914529914,,8,0.8530587733854432,16
8243.0,0.024839743589743585,0.01789529914529914,,8,0.8530587733854432,16
8244.0,0.024839743589743585,0.01789529914529914,,8,0.8530587733854432,16
8245.0,0.024839743589743585,0.01789529914529914,,8,0.8530587733854432,16
8246.0,0.024839743589743585,0.01789529914529914,,8,0.8530587733854432,16
8247.0,0.024839743589743585,0.01789529914529914,,8,0.8530587733854432,16
8248.0,0.024839743589743585,0.01789529914529914,,8,0.8530587733854432,16
8249.0,0.024839743589743585,0.01789529914529914,,8,0.8530587733854432,16
8250.0,0.024839743589743585,0.01789529914529914,,8,0.8530587733854432,16
8251.0,0.024839743589743585,0.01789529914529914,,8,0.8530587733854432,16
8252.0,0.024839743589743585,0.01789529914529914,,8,0.8530587733854432,16
8253.0,0.024839743589743585,0.01789529914529914,,8,0.8530587733854432,16
8254.0,0.024839743589743585,0.01789529914529914,,8,0.8530587733854432,16
8255.0,0.024839743589743585,0.01789529914529914,,8,0.8530587733854432,16
8256.0,0.024839743589743585,0.01789529914529914,,8,0.8530587733854432,16
8257.0,0.024839743589743585,0.01789529914529914,,8,0.8530587733854432,16
8258.0,0.024839743589743585,0.01789529914529914,,8,0.8530587733854432,16
8259.0,0.024839743589743585,0.01789529914529914,,8,0.8530587733854432,16
8260.0,0.024839743589743585,0.01789529914529914,,8,0.8530587733854432,16
8261.0,0.024839743589743585,0.01789529914529914,,8,0.8530587733854432,16
8262.0,0.024839743589743585,0.01789529914529914,,8,0.8530587733854432,16
8263.0,0.024839743589743585,0.01789529914529914,,8,0.8530587733854432,16
8264.0,0.024839743589743585,0.01789529914529914,,8,0.8530587733854432,16
8265.0,0.024839743589743585,0.01789529914529914,,8,0.8530587733854432,16
8266.0,0.024839743589743585,0.01789529914529914,,8,0.8530587733854432,16
8267.0,0.024839743589743585,0.01789529914529914,,8,0.8530587733854432,16
8268.0,0.024839743589743585,0.01789529914529914,,8,0.8530587733854432,16
8269.0,0.024839743589743585,0.01789529914529914,,8,0.8530587733854432,16
8270.0,0.024839743589743585,0.01789529914529914,,8,0.8530587733854432,16
8271.0,0.024839743589743585,0.01789529914529914,,8,0.8530587733854432,16
8272.0,0.024839743589743585,0.01789529914529914,,8,0.8530587733854432,16
8273.0,0.024839743589743585,0.01789529914529914,,8,0.8530587733854432,16
8274.0,0.024839743589743585,0.01789529914529914,,8,0.8530587733854432,16
8275.0,0.024839743589743585,0.01789529914529914,,8,0.8530587733854432,16
8276.0,0.024839743589743585,0.01789529914529914,,8,0.8530587733854432,16
8277.0,0.024839743589743585,0.01789529914529914,,8,0.8530587733854432,16
8278.0,0.024839743589743585,0.01789529914529914,,8,0.8530587733854432,16
8279.0,0.024839743589743585,0.01789529914529914,,8,0.8530587733854432,16
8280.0,0.024839743589743585,0.01789529914529914,,8,0.8530587733854432,16
8281.0,0.024839743589743585,0.01789529914529914,,8,0.8530587733854432,16
8282.0,0.024839743589743585,0.01789529914529914,,8,0.8530587733854432,16
8283.0,0.024839743589743585,0.01789529914529914,,8,0.8530587733854432,16
8284.0,0.024839743589743585,0.01789529914529914,,8,0.8530587733854432,16
8285.0,0.024839743589743585,0.01789529914529914,,8,0.8530587733854432,16
8286.0,0.024839743589743585,0.01789529914529914,,8,0.8530587733854432,16
8287.0,0.024839743589743585,0.01789529914529914,,8,0.8530587733854432,16
8288.0,0.024839743589743585,0.01789529914529914,,8,0.8530587733854432,16
8289.0,0.024839743589743585,0.01789529914529914,,8,0.8530587733854432,16
8290.0,0.024839743589743585,0.01789529914529914,,8,0.8530587733854432,16
8291.0,0.024839743589743585,0.01789529914529914,,8,0.8530587733854432,16
8292.0,0.024839743589743585,0.01789529914529914,,8,0.8530587733854432,16
8293.0,0.024839743589743585,0.01789529914529914,,8,0.8530587733854432,16
8294.0,0.024839743589743585,0.01789529914529914,,8,0.8530587733854432,16
8295.0,0.024839743589743585,0.01789529914529914,,8,0.8530587733854432,16
8296.0,0.024839743589743585,0.01789529914529914,,8,0.8530587733854432,16
8297.0,0.024839743589743585,0.01789529914529914,,8,0.8530587733854432,16
8298.0,0.024839743589743585,0.01789529914529914,,8,0.8530587733854432,16
8299.0,0.024839743589743585,0.01789529914529914,,8,0.8530587733854432,16
8300.0,0.024839743589743585,0.01789529914529914,,8,0.8530587733854432,16
8301.0,0.024839743589743585,0.01789529914529914,,8,0.8530587733854432,16
8302.0,0.024839743589743585,0.01789529914529914,,8,0.8530587733854432,16
8303.0,0.024839743589743585,0.01789529914529914,,8,0.8530587733854432,16
8304.0,0.024839743589743585,0.01789529914529914,,8,0.8530587733854432,16
8305.0,0.024839743589743585,0.01789529914529914,,8,0.8530587733854432,16
8306.0,0.024839743589743585,0.01789529914529914,,8,0.8530587733854432,16
8307.0,0.024839743589743585,0.01789529914529914,,8,0.8530587733854432,16
8308.0,0.024839743589743585,0.01789529914529914,,8,0.8530587733854432,16
8309.0,0.024839743589743585,0.01789529914529914,,8,0.8530587733854432,16
8310.0,0.024839743589743585,0.01789529914529914,,8,0.8530587733854432,16
8311.0,0.024839743589743585,0.01789529914529914,,8,0.8530587733854432,16
8312.0,0.024839743589743585,0.01789529914529914,,8,0.8530587733854432,16
8313.0,0.024839743589743585,0.01789529914529914,,8,0.8530587733854432,16
8314.0,0.024839743589743585,0.01789529914529914,,8,0.8530587733854432,16
8315.0,0.024839743589743585,0.01789529914529914,,8,0.8530587733854432,16
8316.0,0.024839743589743585,0.01789529914529914,,8,0.8530587733854432,16
8317.0,0.024839743589743585,0.01789529914529914,,8,0.8530587733854432,16
8318.0,0.024839743589743585,0.01789529914529914,,8,0.8530587733854432,16
8319.0,0.024839743589743585,0.01789529914529914,,8,0.8530587733854432,16
8320.0,0.024839743589743585,0.01789529914529914,,8,0.8530587733854432,16
8321.0,0.024839743589743585,0.01789529914529914,,8,0.8530587733854432,16
8322.0,0.024839743589743585,0.01789529914529914,,8,0.8530587733854432,16
8323.0,0.024839743589743585,0.01789529914529914,,8,0.8530587733854432,16
8324.0,0.024839743589743585,0.01789529914529914,,8,0.8530587733854432,16
8325.0,0.024839743589743585,0.01789529914529914,,8,0.8530587733854432,16
8326.0,0.024839743589743585,0.01789529914529914,,8,0.8530587733854432,16
8327.0,0.024839743589743585,0.01789529914529914,,8,0.8530587733854432,16
8328.0,0.024839743589743585,0.01789529914529914,,8,0.8530587733854432,16
8329.0,0.024839743589743585,0.01789529914529914,,8,0.8530587733854432,16
8330.0,0.024839743589743585,0.01789529914529914,,8,0.8530587733854432,16
8331.0,0.024839743589743585,0.01789529914529914,,8,0.8530587733854432,16
8332.0,0.024839743589743585,0.01789529914529914,,8,0.8530587733854432,16
8333.0,0.024839743589743585,0.01789529914529914,,8,0.8530587733854432,16
8334.0,0.024839743589743585,0.01789529914529914,,8,0.8530587733854432,16
8335.0,0.024839743589743585,0.01789529914529914,,8,0.8530587733854432,16
8336.0,0.024839743589743585,0.01789529914529914,,8,0.8530587733854432,16
8337.0,0.024839743589743585,0.01789529914529914,,8,0.8530587733854432,16
8338.0,0.024839743589743585,0.01789529914529914,,8,0.8530587733854432,16
8339.0,0.024839743589743585,0.01789529914529914,,8,0.8530587733854432,16
8340.0,0.024839743589743585,0.01789529914529914,,8,0.8530587733854432,16
8341.0,0.024839743589743585,0.01789529914529914,,8,0.8530587733854432,16
8342.0,0.024839743589743585,0.01789529914529914,,8,0.8530587733854432,16
8343.0,0.024839743589743585,0.01789529914529914,,8,0.8530587733854432,16
8344.0,0.024839743589743585,0.01789529914529914,,8,0.8530587733854432,16
8345.0,0.024839743589743585,0.01789529914529914,,8,0.8530587733854432,16
8346.0,0.024839743589743585,0.01789529914529914,,8,0.8530587733854432,16
8347.0,0.024839743589743585,0.01789529914529914,,8,0.8530587733854432,16
8348.0,0.024839743589743585,0.01789529914529914,,8,0.8530587733854432,16
8349.0,0.024839743589743585,0.01789529914529914,,8,0.8530587733854432,16
8350.0,0.024839743589743585,0.01789529914529914,,8,0.8530587733854432,16
8351.0,0.024839743589743585,0.01789529914529914,,8,0.8530587733854432,16
8352.0,0.024839743589743585,0.01789529914529914,,8,0.8530587733854432,16
8353.0,0.024839743589743585,0.01789529914529914,,8,0.8530587733854432,16
8354.0,0.024839743589743585,0.01789529914529914,,8,0.8530587733854432,16
8355.0,0.024839743589743585,0.01789529914529914,,8,0.8530587733854432,16
8356.0,0.024839743589743585,0.01789529914529914,,8,0.8530587733854432,16
8357.0,0.024839743589743585,0.01789529914529914,,8,0.8530587733854432,16
8358.0,0.024839743589743585,0.01789529914529914,,8,0.8530587733854432,16
8359.0,0.024839743589743585,0.01789529914529914,,8,0.8530587733854432,16
8360.0,0.024839743589743585,0.01789529914529914,,8,0.8530587733854432,16
8361.0,0.024839743589743585,0.01789529914529914,,8,0.8530587733854432,16
8362.0,0.024839743589743585,0.01789529914529914,,8,0.8530587733854432,16
8363.0,0.024839743589743585,0.01789529914529914,,8,0.8530587733854432,16
8364.0,0.024839743589743585,0.01789529914529914,,8,0.8530587733854432,16
8365.0,0.024839743589743585,0.01789529914529914,,8,0.8530587733854432,16
8366.0,0.024839743589743585,0.01789529914529914,,8,0.8530587733854432,16
8367.0,0.024839743589743585,0.01789529914529914,,8,0.8530587733854432,16
8368.0,0.024839743589743585,0.01789529914529914,,8,0.8530587733854432,16
8369.0,0.024839743589743585,0.01789529914529914,,8,0.8530587733854432,16
8370.0,0.024839743589743585,0.01789529914529914,,8,0.8530587733854432,16
8371.0,0.024839743589743585,0.01789529914529914,,8,0.8530587733854432,16
8372.0,0.024839743589743585,0.01789529914529914,,8,0.8530587733854432,16
8373.0,0.024839743589743585,0.01789529914529914,,8,0.8530587733854432,16
8374.0,0.024839743589743585,0.01789529914529914,,8,0.8530587733854432,16
8375.0,0.024839743589743585,0.01789529914529914,,8,0.8530587733854432,16
8376.0,0.024839743589743585,0.01789529914529914,,8,0.8530587733854432,16
8377.0,0.024839743589743585,0.01789529914529914,,8,0.8530587733854432,16
8378.0,0.024839743589743585,0.01789529914529914,,8,0.8530587733854432,16
8379.0,0.024839743589743585,0.01789529914529914,,8,0.8530587733854432,16
8380.0,0.024839743589743585,0.01789529914529914,,8,0.8530587733854432,16
8381.0,0.024839743589743585,0.01789529914529914,,8,0.8530587733854432,16
8382.0,0.024839743589743585,0.01789529914529914,,8,0.8530587733854432,16
8383.0,0.024839743589743585,0.01789529914529914,,8,0.8530587733854432,16
8384.0,0.024839743589743585,0.01789529914529914,,8,0.8530587733854432,16
8385.0,0.024839743589743585,0.01789529914529914,,8,0.8530587733854432,16
8386.0,0.024839743589743585,0.01789529914529914,,8,0.8530587733854432,16
8387.0,0.024839743589743585,0.01789529914529914,,8,0.8530587733854432,16
8388.0,0.024839743589743585,0.01789529914529914,,8,0.8530587733854432,16
8389.0,0.024839743589743585,0.01789529914529914,,8,0.8530587733854432,16
8390.0,0.024839743589743585,0.01789529914529914,,8,0.8530587733854432,16
8391.0,0.024839743589743585,0.01789529914529914,,8,0.8530587733854432,16
8392.0,0.024839743589743585,0.01789529914529914,,8,0.8530587733854432,16
8393.0,0.024839743589743585,0.01789529914529914,,8,0.8530587733854432,16
8394.0,0.024839743589743585,0.01789529914529914,,8,0.8530587733854432,16
8395.0,0.024839743589743585,0.01789529914529914,,8,0.8530587733854432,16
8396.0,0.024839743589743585,0.01789529914529914,,8,0.8530587733854432,16
8397.0,0.024839743589743585,0.01789529914529914,,8,0.8530587733854432,16
8398.0,0.024839743589743585,0.01789529914529914,,8,0.8530587733854432,16
8399.0,0.024839743589743585,0.01789529914529914,,8,0.8530587733854432,16
8400.0,0.024839743589743585,0.01789529914529914,,8,0.8530587733854432,16
8401.0,0.024839743589743585,0.01789529914529914,,8,0.8530587733854432,16
8402.0,0.024839743589743585,0.01789529914529914,,8,0.8530587733854432,16
8403.0,0.024839743589743585,0.01789529914529914,,8,0.8530587733854432,16
8404.0,0.024839743589743585,0.01789529914529914,,8,0.8530587733854432,16
8405.0,0.024839743589743585,0.01789529914529914,,8,0.8530587733854432,16
8406.0,0.024839743589743585,0.01789529914529914,,8,0.8530587733854432,16
8407.0,0.024839743589743585,0.01789529914529914,,8,0.8530587733854432,16
8408.0,0.024839743589743585,0.01789529914529914,,8,0.8530587733854432,16
8409.0,0.024839743589743585,0.01789529914529914,,8,0.8530587733854432,16
8410.0,0.024839743589743585,0.01789529914529914,,8,0.8530587733854432,16
8411.0,0.024839743589743585,0.01789529914529914,,8,0.8530587733854432,16
8412.0,0.024839743589743585,0.01789529914529914,,8,0.8530587733854432,16
8413.0,0.024839743589743585,0.01789529914529914,,8,0.8530587733854432,16
8414.0,0.024839743589743585,0.01789529914529914,,8,0.8530587733854432,16
8415.0,0.024839743589743585,0.01789529914529914,,8,0.8530587733854432,16
8416.0,0.024839743589743585,0.01789529914529914,,8,0.8530587733854432,16
8417.0,0.024839743589743585,0.01789529914529914,,8,0.8530587733854432,16
8418.0,0.024839743589743585,0.01789529914529914,,8,0.8530587733854432,16
8419.0,0.024839743589743585,0.01789529914529914,,8,0.8530587733854432,16
8420.0,0.024839743589743585,0.01789529914529914,,8,0.8530587733854432,16
8421.0,0.024839743589743585,0.01789529914529914,,8,0.8530587733854432,16
8422.0,0.024839743589743585,0.01789529914529914,,8,0.8530587733854432,16
8423.0,0.024839743589743585,0.01789529914529914,,8,0.8530587733854432,16
8424.0,0.024839743589743585,0.01789529914529914,,8,0.8530587733854432,16
8425.0,0.024839743589743585,0.01789529914529914,,8,0.8530587733854432,16
8426.0,0.024839743589743585,0.01789529914529914,,8,0.8530587733854432,16
8427.0,0.024839743589743585,0.01789529914529914,,8,0.8530587733854432,16
8428.0,0.024839743589743585,0.01789529914529914,,8,0.8530587733854432,16
8429.0,0.024839743589743585,0.01789529914529914,,8,0.8530587733854432,16
8430.0,0.024839743589743585,0.01789529914529914,,8,0.8530587733854432,16
8431.0,0.024839743589743585,0.01789529914529914,,8,0.8530587733854432,16
8432.0,0.024839743589743585,0.01789529914529914,,8,0.8530587733854432,16
8433.0,0.024839743589743585,0.01789529914529914,,8,0.8530587733854432,16
8434.0,0.024839743589743585,0.01789529914529914,,8,0.8530587733854432,16
8435.0,0.024839743589743585,0.01789529914529914,,8,0.8530587733854432,16
8436.0,0.024839743589743585,0.01789529914529914,,8,0.8530587733854432,16
8437.0,0.024839743589743585,0.01789529914529914,,8,0.8530587733854432,16
8438.0,0.024839743589743585,0.01789529914529914,,8,0.8530587733854432,16
8439.0,0.024839743589743585,0.01789529914529914,,8,0.8530587733854432,16
8440.0,0.024839743589743585,0.01789529914529914,,8,0.8530587733854432,16
8441.0,0.024839743589743585,0.01789529914529914,,8,0.8530587733854432,16
8442.0,0.024839743589743585,0.01789529914529914,,8,0.8530587733854432,16
8443.0,0.024839743589743585,0.01789529914529914,,8,0.8530587733854432,16
8444.0,0.024839743589743585,0.01789529914529914,,8,0.8530587733854432,16
8445.0,0.024839743589743585,0.01789529914529914,,8,0.8530587733854432,16
8446.0,0.024839743589743585,0.01789529914529914,,8,0.8530587733854432,16
8447.0,0.024839743589743585,0.01789529914529914,,8,0.8530587733854432,16
8448.0,0.024839743589743585,0.01789529914529914,,8,0.8530587733854432,16
8449.0,0.024839743589743585,0.01789529914529914,,8,0.8530587733854432,16
8450.0,0.024839743589743585,0.01789529914529914,,8,0.8530587733854432,16
8451.0,0.024839743589743585,0.01789529914529914,,8,0.8530587733854432,16
8452.0,0.024839743589743585,0.01789529914529914,,8,0.8530587733854432,16
8453.0,0.024839743589743585,0.01789529914529914,,8,0.8530587733854432,16
8454.0,0.024839743589743585,0.01789529914529914,,8,0.8530587733854432,16
8455.0,0.024839743589743585,0.01789529914529914,,8,0.8530587733854432,16
8456.0,0.024839743589743585,0.01789529914529914,,8,0.8530587733854432,16
8457.0,0.024839743589743585,0.01789529914529914,,8,0.8530587733854432,16
8458.0,0.024839743589743585,0.01789529914529914,,8,0.8530587733854432,16
8459.0,0.024839743589743585,0.01789529914529914,,8,0.8530587733854432,16
8460.0,0.024839743589743585,0.01789529914529914,,8,0.8530587733854432,16
8461.0,0.024839743589743585,0.01789529914529914,,8,0.8530587733854432,16
8462.0,0.024839743589743585,0.01789529914529914,,8,0.8530587733854432,16
8463.0,0.024839743589743585,0.01789529914529914,,8,0.8530587733854432,16
8464.0,0.024839743589743585,0.01789529914529914,,8,0.8530587733854432,16
8465.0,0.024839743589743585,0.01789529914529914,,8,0.8530587733854432,16
8466.0,0.024839743589743585,0.01789529914529914,,8,0.8530587733854432,16
8467.0,0.024839743589743585,0.01789529914529914,,8,0.8530587733854432,16
8468.0,0.024839743589743585,0.01789529914529914,,8,0.8530587733854432,16
8469.0,0.024839743589743585,0.01789529914529914,,8,0.8530587733854432,16
8470.0,0.024839743589743585,0.01789529914529914,,8,0.8530587733854432,16
8471.0,0.024839743589743585,0.01789529914529914,,8,0.8530587733854432,16
8472.0,0.024839743589743585,0.01789529914529914,,8,0.8530587733854432,16
8473.0,0.024839743589743585,0.01789529914529914,,8,0.8530587733854432,16
8474.0,0.024839743589743585,0.01789529914529914,,8,0.8530587733854432,16
8475.0,0.024839743589743585,0.01789529914529914,,8,0.8530587733854432,16
8476.0,0.024839743589743585,0.01789529914529914,,8,0.8530587733854432,16
8477.0,0.024839743589743585,0.01789529914529914,,8,0.8530587733854432,16
8478.0,0.024839743589743585,0.01789529914529914,,8,0.8530587733854432,16
8479.0,0.024839743589743585,0.01789529914529914,,8,0.8530587733854432,16
8480.0,0.024839743589743585,0.01789529914529914,,8,0.8530587733854432,16
8481.0,0.024839743589743585,0.01789529914529914,,8,0.8530587733854432,16
8482.0,0.024839743589743585,0.01789529914529914,,8,0.8530587733854432,16
8483.0,0.024839743589743585,0.01789529914529914,,8,0.8530587733854432,16
8484.0,0.024839743589743585,0.01789529914529914,,8,0.8530587733854432,16
8485.0,0.024839743589743585,0.01789529914529914,,8,0.8530587733854432,16
8486.0,0.024839743589743585,0.01789529914529914,,8,0.8530587733854432,16
8487.0,0.024839743589743585,0.01789529914529914,,8,0.8530587733854432,16
8488.0,0.024839743589743585,0.01789529914529914,,8,0.8530587733854432,16
8489.0,0.024839743589743585,0.01789529914529914,,8,0.8530587733854432,16
8490.0,0.024839743589743585,0.01789529914529914,,8,0.8530587733854432,16
8491.0,0.024839743589743585,0.01789529914529914,,8,0.8530587733854432,16
8492.0,0.024839743589743585,0.01789529914529914,,8,0.8530587733854432,16
8493.0,0.024839743589743585,0.01789529914529914,,8,0.8530587733854432,16
8494.0,0.024839743589743585,0.01789529914529914,,8,0.8530587733854432,16
8495.0,0.024839743589743585,0.01789529914529914,,8,0.8530587733854432,16
8496.0,0.024839743589743585,0.01789529914529914,,8,0.8530587733854432,16
8497.0,0.024839743589743585,0.01789529914529914,,8,0.8530587733854432,16
8498.0,0.024839743589743585,0.01789529914529914,,8,0.8530587733854432,16
8499.0,0.024839743589743585,0.01789529914529914,,8,0.8530587733854432,16
8500.0,0.024839743589743585,0.01789529914529914,,8,0.8530587733854432,16
8501.0,0.024839743589743585,0.01789529914529914,,8,0.8530587733854432,16
8502.0,0.024839743589743585,0.01789529914529914,,8,0.8530587733854432,16
8503.0,0.024839743589743585,0.01789529914529914,,8,0.8530587733854432,16
8504.0,0.024839743589743585,0.01789529914529914,,8,0.8530587733854432,16
8505.0,0.024839743589743585,0.01789529914529914,,8,0.8530587733854432,16
8506.0,0.024839743589743585,0.01789529914529914,,8,0.8530587733854432,16
8507.0,0.024839743589743585,0.01789529914529914,,8,0.8530587733854432,16
8508.0,0.024839743589743585,0.01789529914529914,,8,0.8530587733854432,16
8509.0,0.024839743589743585,0.01789529914529914,,8,0.8530587733854432,16
8510.0,0.024839743589743585,0.01789529914529914,,8,0.8530587733854432,16
8511.0,0.024839743589743585,0.01789529914529914,,8,0.8530587733854432,16
8512.0,0.024839743589743585,0.01789529914529914,,8,0.8530587733854432,16
8513.0,0.024839743589743585,0.01789529914529914,,8,0.8530587733854432,16
8514.0,0.024839743589743585,0.01789529914529914,,8,0.8530587733854432,16
8515.0,0.024839743589743585,0.01789529914529914,,8,0.8530587733854432,16
8516.0,0.024839743589743585,0.01789529914529914,,8,0.8530587733854432,16
8517.0,0.024839743589743585,0.01789529914529914,,8,0.8530587733854432,16
8518.0,0.024839743589743585,0.01789529914529914,,8,0.8530587733854432,16
8519.0,0.024839743589743585,0.01789529914529914,,8,0.8530587733854432,16
8520.0,0.024839743589743585,0.01789529914529914,,8,0.8530587733854432,16
8521.0,0.024839743589743585,0.01789529914529914,,8,0.8530587733854432,16
